word,word_len,uni_prob,uni_prob_freq_weighted,bi_prob,bi_prob_freq_weighted,bi_prob_smoothed,bi_prob_freq_weighted_smoothed,pos_uni_score,pos_uni_score_freq_weighted,pos_uni_score_smoothed,pos_uni_score_freq_weighted_smoothed,pos_bi_score,pos_bi_score_freq_weighted,pos_bi_score_smoothed,pos_bi_score_freq_weighted_smoothed
f u T,3,-12.602981290494558,nan,-14.177029295769415,nan,-13.759179467328366,nan,1.074749833126398,nan,1.0749067023913073,nan,1.0010933534746773,nan,1.0012186436947028,nan
g i T,3,-11.949880676697955,nan,-10.856698276009228,nan,-11.479953653526477,nan,1.0831673415439065,nan,1.0831688105242625,nan,1.0021867069493546,nan,1.001827965542054,nan
z i T,3,-11.60360443998012,nan,-11.645155636373499,nan,-12.189065323822675,nan,1.0749903333668984,nan,1.07513857906465,nan,1.0036529826091787,nan,1.0026875643959223,nan
y c g,3,-12.141277901436888,nan,-12.259186550696912,nan,-12.625650448402698,nan,1.0864910141541573,nan,1.0863701268970682,nan,1.0020708705812267,nan,1.0017917095972815,nan
l X z,3,-10.20851462840682,nan,-10.22375654683178,nan,-10.486035095302523,nan,1.1225256651008495,nan,1.1216733679624877,nan,1.0049780088201121,nan,1.003369398132819,nan
J Y p,3,-11.578078470269677,nan,-inf,nan,-13.346702944340057,nan,1.0870822411759338,nan,1.086883756911956,nan,1.003627569528416,nan,1.002546055223723,nan
C x z,3,-10.760243541228121,nan,-10.493429150094101,nan,-10.845184310725445,nan,1.1361255657975242,nan,1.1350181765089677,nan,1.0082326561633812,nan,1.005055854502674,nan
C e J,3,-12.223663188904238,nan,-12.37404847024019,nan,-12.795344851768315,nan,1.0690326685762968,nan,1.069291691253753,nan,1.0025596291345014,nan,1.002078242548571,nan
z i S,3,-10.957859498314761,nan,-12.847188575881608,nan,-12.933497652761105,nan,1.0804316876595226,nan,1.0804577280008203,nan,1.003048387687776,nan,1.0023647754998604,nan
z u v,3,-11.839042445723141,nan,-13.6990574968745,nan,-13.625263704694383,nan,1.073139906486242,nan,1.0732657032076192,nan,1.00169794839608,nan,1.0015414325907648,nan
D Y p,3,-11.60547744445779,nan,-11.631836197870324,nan,-11.972403928969841,nan,1.0866012406949332,nan,1.0864113903555082,nan,1.0046050866349654,nan,1.003119121126302,nan
s X k,3,-9.763547617455515,nan,-11.186129425923403,nan,-11.310903931611328,nan,1.1588446911417618,nan,1.157239610392618,nan,1.0074218015864855,nan,1.0048020628892658,nan
b X s,3,-10.131272397580831,nan,-9.321273074509735,nan,-9.63252518455075,nan,1.1373398401326786,nan,1.1362025480435827,nan,1.0071647157694668,nan,1.0045880418275215,nan
T x z,3,-11.386380011505107,nan,-10.971182025586067,nan,-11.41412568214889,nan,1.1279485576205162,nan,1.126987945049355,nan,1.0082326561633812,nan,1.005055854502674,nan
S c G,3,-12.513588005123156,nan,-11.53364363440637,nan,-11.970930049388762,nan,1.080926065421131,nan,1.0809323279688823,nan,1.0046050866349654,nan,1.003119121126302,nan
J e J,3,-12.53471861254133,nan,-12.540543881484219,nan,-13.005973441836616,nan,1.0666276661712943,nan,1.066929858471514,nan,1.0025596291345014,nan,1.002078242548571,nan
D x z,3,-11.098697939053325,nan,-8.991823942463217,nan,-9.576153369765704,nan,1.1332395629115213,nan,1.1321839771702809,nan,1.0121427245895787,nan,1.007348118112989,nan
S Y p,3,-11.24741457524421,nan,-11.557034984787627,nan,-11.854478635684654,nan,1.0890062430999357,nan,1.0887732231377472,nan,1.0046050866349654,nan,1.003119121126302,nan
n W C,3,-11.846130652588037,nan,-14.082779787338993,nan,-13.778583086337354,nan,1.0650918399094862,nan,1.0653902442793097,nan,1.0010933534746773,nan,1.0012186436947028,nan
l W C,3,-11.804391046415272,nan,-12.365549747106694,nan,-12.531661698744122,nan,1.0785598533774998,nan,1.0786165078598482,nan,1.001582112027952,nan,1.0015051766459921,nan
S c d,3,-11.19080704972559,nan,-12.435044026389873,nan,-12.475549161576737,nan,1.1123650013340693,nan,1.1116651884889768,nan,1.0021867069493546,nan,1.001827965542054,nan
g i J,3,-11.63479963005806,nan,-13.18668234319139,nan,-13.14107904787899,nan,1.0825627466225038,nan,1.0825777939757992,nan,1.0009775171065494,nan,1.0011823877499302,nan
C u T,3,-13.111824753056556,nan,-13.208653503828975,nan,-13.3018537111311,nan,1.0583958167723817,nan,1.058846239472082,nan,1.001582112027952,nan,1.0015051766459921,nan
D i g,3,-11.662198604246175,nan,-13.261513991652173,nan,-13.4255379104492,nan,1.0845670122301552,nan,1.084480660671277,nan,1.001582112027952,nan,1.0015051766459921,nan
w u T,3,-12.79969158474061,nan,-13.8143338640491,nan,-13.43872255153171,nan,1.0810028393794044,nan,1.0810474676251287,nan,1.0010933534746773,nan,1.0012186436947028,nan
T c T,3,-13.344736170119878,nan,-12.182511447648725,nan,-12.86749297369076,nan,1.0653703237468888,nan,1.0656912479356937,nan,1.001582112027952,nan,1.0015051766459921,nan
g u T,3,-12.750211527477243,nan,-13.147409878588256,nan,-13.161171248354709,nan,1.0680158263923913,nan,1.068293570601038,nan,1.001582112027952,nan,1.0015051766459921,nan
f X s,3,-10.423408820381994,nan,-10.469498234098742,nan,-10.742513984107907,nan,1.1180998208926594,nan,1.1173078857856706,nan,1.0061871986629174,nan,1.0040149759249428,nan
J Y m,3,-11.692150926529525,nan,-inf,nan,-13.329665969618171,nan,1.0876868360973364,nan,1.0874747734604195,nan,1.001813784764208,nan,1.0015776885355372,nan
n X z,3,-10.250254234579584,nan,-11.024695855189922,nan,-11.222130859129765,nan,1.1090576516328359,nan,1.1084471043819493,nan,1.0040004917135628,nan,1.00279633223024,nan
m X n,3,-10.092625290376002,nan,-11.780926034041881,nan,-11.816215625002569,nan,1.153593817692581,nan,1.1520502785065356,nan,1.003511733160288,nan,1.0025097992789507,nan
C u S,3,-12.466079811391195,nan,-11.925779793549085,nan,-12.28269744780817,nan,1.0638371710650059,nan,1.0641653884082523,nan,1.0021867069493546,nan,1.001827965542054,nan
S e J,3,-12.204054717515863,nan,-12.574475868537988,nan,-12.969036365788055,nan,1.0685516680952962,nan,1.068819324697305,nan,1.0025596291345014,nan,1.002078242548571,nan
T x S,3,-12.07466100241388,nan,-12.687118773215154,nan,-13.1288495918161,nan,1.1001371912359938,nan,1.0998011838200406,nan,1.0027913018707573,nan,1.002150754438116,nan
v e D,3,-12.31230578833307,nan,-inf,nan,-15.876647122246592,nan,1.067850233294708,nan,1.068114124980055,nan,1.0004887585532747,nan,1.0008958547986408,nan
C x S,3,-11.448524532136894,nan,-12.209365897723185,nan,-12.559908220392655,nan,1.108314199413002,nan,1.1078314152796533,nan,1.0027913018707573,nan,1.002150754438116,nan
n c T,3,-11.613408440076743,nan,-12.320401606604204,nan,-12.717977756769523,nan,1.0850913434679084,nan,1.0850582767500538,nan,1.0025596291345014,nan,1.002078242548571,nan
s X p,3,-9.952661420183412,nan,-10.361826719398803,nan,-10.608331610591799,nan,1.1328471095214474,nan,1.1318258988086936,nan,1.0074218015864855,nan,1.0048020628892658,nan
D i D,3,-12.362266227650693,nan,-13.88320220822997,nan,-14.14842246612919,nan,1.0736843036449073,nan,1.0738423627989364,nan,1.001582112027952,nan,1.0015051766459921,nan
S c g,3,-11.711241532598219,nan,-13.067289053455632,nan,-13.179052237261509,nan,1.0869720146351576,nan,1.086842493453516,nan,1.001582112027952,nan,1.0015051766459921,nan
C i S,3,-11.665748960611909,nan,-12.21528502056238,nan,-12.452079822230928,nan,1.078988686216521,nan,1.0790406283314768,nan,1.0025596291345014,nan,1.002078242548571,nan
g i D,3,-11.662198604246175,nan,-12.283814631649374,nan,-12.686503778866712,nan,1.0861903161509199,nan,1.0861238932665793,nan,1.001582112027952,nan,1.0015051766459921,nan
T c S,3,-12.698991228454517,nan,-13.672226459608616,nan,-13.680918174116142,nan,1.070811678039513,nan,1.071010396871864,nan,1.001582112027952,nan,1.0015051766459921,nan
z u T,3,-12.403935290759408,nan,-14.246022167256367,nan,-14.070953614113057,nan,1.0598388182153833,nan,1.0602633391414253,nan,1.0010933534746773,nan,1.0012186436947028,nan
S Y m,3,-11.361487031504058,nan,-11.514936028152869,nan,-11.837441660962766,nan,1.0896108380213383,nan,1.0893642396862107,nan,1.0027913018707573,nan,1.002150754438116,nan
D x v,3,-11.867831026591194,nan,-9.795011104402946,nan,-10.506220149183978,nan,1.1132879305052334,nan,1.11268043107099,nan,1.0079105601397602,nan,1.005088595840555,nan
t W C,3,-11.677564470862567,nan,-12.11508209151793,nan,-12.310489319683294,nan,1.085774860592507,nan,1.0857020062065652,nan,1.0025596291345014,nan,1.002078242548571,nan
g Y b,3,-11.084020798450691,nan,-13.290447063777718,nan,-13.240627273699888,nan,1.0833877852444767,nan,1.083326490563104,nan,1.0021867069493546,nan,1.001827965542054,nan
r c S,3,-10.766396855374976,nan,-12.041792588880114,nan,-11.8862118155772,nan,1.1092917165195513,nan,1.1087997213876883,nan,1.0025596291345014,nan,1.002078242548571,nan
d X s,3,-10.05020457449205,nan,-10.914675979613774,nan,-11.12619382445806,nan,1.115694818487657,nan,1.1149460530034316,nan,1.005209681556368,nan,1.003441910022364,nan
S c z,3,-11.364965295880385,nan,-11.630174070615926,nan,-11.773885251041914,nan,1.1063190521200428,nan,1.1057550230043434,nan,1.0027913018707573,nan,1.002150754438116,nan
y c d,3,-11.620843418564261,nan,-11.626941523631153,nan,-11.922147372717923,nan,1.111884000853069,nan,1.111192821932529,nan,1.0026754655026293,nan,1.0021144984933434,nan
J u S,3,-12.777135235028286,nan,-11.24497734440591,nan,-11.800178857316528,nan,1.0614321686600035,nan,1.0618035556260133,nan,1.0026754655026293,nan,1.0021144984933434,nan
h u S,3,-12.436809429091083,nan,-11.903756881461646,nan,-12.14426950986689,nan,1.0744191816470166,nan,1.0745574526501038,nan,1.0021867069493546,nan,1.001827965542054,nan
g u S,3,-12.104466585811881,nan,-11.864536168308366,nan,-12.142014985031778,nan,1.0734571806850155,nan,1.0736127195372083,nan,1.0021867069493546,nan,1.001827965542054,nan
y X z,3,-11.765873391796031,nan,-10.968982876436613,nan,-11.270292290175686,nan,1.0965516391268235,nan,1.0961655739143064,nan,1.003511733160288,nan,1.0025097992789507,nan
C e g,3,-11.550994539687833,nan,-12.458930454554476,nan,-12.716497315744157,nan,1.0835429466899607,nan,1.0834760884168735,nan,1.0019550342130987,nan,1.001755453652509,nan
z i J,3,-11.288523393340228,nan,-13.975139703555659,nan,-13.850190718175186,nan,1.0743857384454958,nan,1.0745475625161867,nan,1.0024437927663734,nan,1.0020419866037984,nan
m u S,3,-11.600561404890463,nan,-10.42994779782952,nan,-10.839770702384506,nan,1.0902921975200324,nan,1.0901455490128815,nan,1.0051192582690027,nan,1.0035471632497905,nan
D Y m,3,-11.719549900717638,nan,-11.589737241235566,nan,-11.955366954247955,nan,1.0872058356163359,nan,1.0870024069039717,nan,1.0027913018707573,nan,1.002150754438116,nan
J e g,3,-11.862049963324925,nan,-12.625425865798505,nan,-12.92712590581246,nan,1.0811379442849582,nan,1.0811142556346345,nan,1.0019550342130987,nan,1.001755453652509,nan
f u v,3,-12.038088445458293,nan,-13.630064625387549,nan,-13.31348955790969,nan,1.0880509213972567,nan,1.087909066457501,nan,1.00169794839608,nan,1.0015414325907648,nan
v X n,3,-11.019387322117453,nan,-10.850586180952547,nan,-11.247241683737164,nan,1.1223287864275497,nan,1.1213464523374284,nan,1.0040004917135628,nan,1.00279633223024,nan
g i C,3,-11.323744206420969,nan,-11.175350046538252,nan,-11.591745059514594,nan,1.0910270755221412,nan,1.0908520256542862,nan,1.00339589679216,nan,1.002473543334178,nan
C i D,3,-12.02381182982549,nan,-12.440368436694417,nan,-12.914197618632734,nan,1.0765703065309102,nan,1.0766765621376233,nan,1.0025596291345014,nan,1.002078242548571,nan
C Y z,3,-11.538724447096019,nan,-11.142064599866348,nan,-11.451928889372176,nan,1.0931148131093522,nan,1.0927916889849754,nan,1.0010933534746773,nan,1.0012186436947028,nan
d c T,3,-11.836551991390952,nan,-12.242843372258328,nan,-12.628731575048743,nan,1.0874963458729108,nan,1.0874201095322928,nan,1.0020708705812267,nan,1.0017917095972815,nan
y X v,3,-12.535006479333898,nan,-12.72768148340378,nan,-12.97354895782744,nan,1.0766000067205357,nan,1.0766620278150154,nan,1.0023025433174826,nan,1.0018642214868267,nan
z i g,3,-10.615854744123823,nan,-12.450583775435845,nan,-12.672730893482921,nan,1.0888960165591597,nan,1.0887319596793072,nan,1.003048387687776,nan,1.0023647754998604,nan
S e g,3,-11.531386068299458,nan,-12.659357852852274,nan,-12.890188829763897,nan,1.0830619462089601,nan,1.0830037218604256,nan,1.0019550342130987,nan,1.001755453652509,nan
C e D,3,-12.251062163092353,nan,-inf,nan,-14.643354675750086,nan,1.0726602381047128,nan,1.072837790544533,nan,1.0019550342130987,nan,1.001755453652509,nan
n W T,3,-12.472267122865022,nan,-14.457275197369913,nan,-14.072256788457404,nan,1.0572321059312515,nan,1.057707029149286,nan,1.0010933534746773,nan,1.0012186436947028,nan
T x J,3,-12.405324897439346,nan,-14.038213452203415,nan,-14.333224729681966,nan,1.094091242021967,nan,1.093891018335407,nan,1.001582112027952,nan,1.0015051766459921,nan
T c g,3,-12.356986474263579,nan,-12.582474478602906,nan,-13.014686306729793,nan,1.07927600693915,nan,1.079284628550351,nan,1.001582112027952,nan,1.0015051766459921,nan
n c G,3,-11.42800521674538,nan,-11.186719218509126,nan,-11.65704890193581,nan,1.092951077446143,nan,1.0927414918800775,nan,1.0055826037415148,nan,1.0036921870288809,nan
s X n,3,-9.82706102317784,nan,-10.595993496955835,nan,-10.792837146588777,nan,1.1660998301985936,nan,1.1643318089741783,nan,1.0074218015864855,nan,1.0048020628892658,nan
s X d,3,-10.05020457449205,nan,-9.574227577099894,nan,-9.860043443727836,nan,1.14252062826389,nan,1.1412821635841073,nan,1.0092355863506934,nan,1.0057704295774517,nan
J e D,3,-12.562117586729443,nan,-inf,nan,-14.853983265818385,nan,1.0702552356997104,nan,1.070475957762294,nan,1.0019550342130987,nan,1.001755453652509,nan
b c T,3,-11.917619814479734,nan,-10.3262134572831,nan,-10.888202857209906,nan,1.1091413675179325,nan,1.1086766045724439,nan,1.0059809390074241,nan,1.0040839732075968,nan
y x z,3,-11.170671438678415,nan,-8.973917664108402,nan,-9.578170840885468,nan,1.1351635648355234,nan,1.1340734433960722,nan,1.0111652074830293,nan,1.0067750522104104,nan
y c T,3,-13.129027597293188,nan,-11.85922351974273,nan,-12.478457115363664,nan,1.072585330961896,nan,1.072776746282411,nan,1.0020708705812267,nan,1.0017917095972815,nan
k X n,3,-9.789439031388255,nan,-10.94338851901139,nan,-11.12419428254322,nan,1.155517819616583,nan,1.1539397447323267,nan,1.0049780088201121,nan,1.003369398132819,nan
D i C,3,-12.02381182982549,nan,-12.77473762311885,nan,-13.05366374677707,nan,1.0785210630161286,nan,1.0785704951866433,nan,1.00339589679216,nan,1.002473543334178,nan
D x S,3,-11.786978929962098,nan,-10.7077606900923,nan,-11.290877279432916,nan,1.105428196526999,nan,1.1049972159409664,nan,1.0067013702969547,nan,1.0044430180484312,nan
C x J,3,-11.77918842716236,nan,-13.560460576711446,nan,-13.76428335825852,nan,1.1022682501989751,nan,1.1019212497950197,nan,1.001582112027952,nan,1.0015051766459921,nan
z u S,3,-11.758190349094047,nan,-12.963148456976477,nan,-13.051797350790126,nan,1.0652801725080074,nan,1.0655824880775957,nan,1.00169794839608,nan,1.0015414325907648,nan
n c d,3,-10.105224261347816,nan,-12.088119610492626,nan,-12.16166801412378,nan,1.1243900133590814,nan,1.123474352400172,nan,1.003164224055904,nan,1.002401031444633,nan
y x J,3,-12.189616324612654,nan,-12.040949090725748,nan,-12.497269888418543,nan,1.1013062492369743,nan,1.1009765166821242,nan,1.0045146633476,nan,1.0032243743537286,nan
p u S,3,-11.486488948630615,nan,-10.937154749740053,nan,-11.289057249856123,nan,1.0946212018490367,nan,1.0943968480209116,nan,1.0036529826091787,nan,1.0026875643959223,nan
y X p,3,-11.4941719913326,nan,-11.625358615339135,nan,-11.88399634337385,nan,1.0929240695984075,nan,1.092619474623526,nan,1.003511733160288,nan,1.0025097992789507,nan
D Y v,3,-12.646311932459088,nan,-12.041011885375024,nan,-12.471088211983904,nan,1.0702771778170614,nan,1.0704539435469975,nan,1.0027913018707573,nan,1.002150754438116,nan
s X t,3,-9.65849484145237,nan,-10.182908002346702,nan,-10.401218298789308,nan,1.1606584759059697,nan,1.159012660038008,nan,1.0086309914292908,nan,1.0054476406813897,nan
y c G,3,-12.943624373961825,nan,-10.725541131647653,nan,-11.417528260529949,nan,1.0804450649401307,nan,1.0804599614124346,nan,1.00509384518824,nan,1.0034056540775913,nan
z i C,3,-10.977467969703136,nan,-11.963807406902523,nan,-12.300856729810791,nan,1.0828500673451331,nan,1.0828217941946736,nan,1.004862172451984,nan,1.0033331421880463,nan
S Y v,3,-12.288249063245509,nan,-11.966210672292325,nan,-12.353162918698716,nan,1.0726821802220639,nan,1.0728157763292365,nan,1.0027913018707573,nan,1.002150754438116,nan
D i S,3,-12.004203358437113,nan,-13.658118792097937,nan,-13.686304669727384,nan,1.076102683330518,nan,1.07620642899279,nan,1.001582112027952,nan,1.0015051766459921,nan
S c S,3,-12.053246286789157,nan,-14.15704103446134,nan,-13.845284104647858,nan,1.0785076857355205,nan,1.078568261775029,nan,1.001582112027952,nan,1.0015051766459921,nan
f X t,3,-10.280734052589265,nan,-10.419801109244013,nan,-10.685791949208769,nan,1.138051453298947,nan,1.1368114318849614,nan,1.0061871986629174,nan,1.0040149759249428,nan
g i S,3,-11.304135735032594,nan,-12.058731215517337,nan,-12.224385982464907,nan,1.0886086958365306,nan,1.0884879594604329,nan,1.001582112027952,nan,1.0015051766459921,nan
C u v,3,-12.54693190802029,nan,-12.66168883344711,nan,-12.856163801712427,nan,1.0716969050432403,nan,1.0718486035382757,nan,1.0021867069493546,nan,1.001827965542054,nan
t X t,3,-9.515820073659643,nan,-9.9807422838477,nan,-10.217786247711325,nan,1.153924469171963,nan,1.1523995282477388,nan,1.0071647157694668,nan,1.0045880418275215,nan
S X z,3,-11.33583702295736,nan,-11.371620271087167,nan,-11.53601200658272,nan,1.0970326396078238,nan,1.096637940470754,nan,1.0040004917135628,nan,1.00279633223024,nan
S x J,3,-11.759579955773983,nan,-13.136733665936248,nan,-13.39897837154557,nan,1.1017872497179746,nan,1.1014488832385718,nan,1.0020708705812267,nan,1.0017917095972815,nan
S u T,3,-13.09221628166818,nan,-13.254930222299514,nan,-13.342013832526318,nan,1.0579148162913812,nan,1.058373872915634,nan,1.001582112027952,nan,1.0015051766459921,nan
s X l,3,-9.785321417005076,nan,-11.489628672764432,nan,-11.57490351941955,nan,1.1485665774779166,nan,1.147192329068741,nan,1.00621261174368,nan,1.0041564850971418,nan
g u v,3,-12.185318682440975,nan,-12.600445208206393,nan,-12.715481338936033,nan,1.08131691466325,nan,1.0812959346672317,nan,1.0021867069493546,nan,1.001827965542054,nan
w u v,3,-12.234798739704345,nan,-13.267369193667237,nan,-12.993032642113036,nan,1.094303927650263,nan,1.0940498316913225,nan,1.00169794839608,nan,1.0015414325907648,nan
C Y b,3,-11.445634024030007,nan,-12.658543508458491,nan,-12.870484112710288,nan,1.073767775624467,nan,1.073879159434148,nan,1.00169794839608,nan,1.0015414325907648,nan
z u b,3,-10.976818935119262,nan,-14.437667051511204,nan,-14.182745020101173,nan,1.0737445014076445,nan,1.0738567197560827,nan,1.00169794839608,nan,1.0015414325907648,nan
J Y z,3,-11.849779870733109,nan,-inf,nan,-12.9843133194228,nan,1.0907098107043498,nan,1.0904298562027364,nan,1.0006045949214026,nan,1.0009321107434133,nan
D x d,3,-10.924539692898533,nan,-9.719732857101034,nan,-10.246564736796422,nan,1.1392855121255479,nan,1.1380941426549143,nan,1.0079105601397602,nan,1.005088595840555,nan
f u S,3,-11.957236348829197,nan,-12.894155585489525,nan,-12.740023204005436,nan,1.0801911874190222,nan,1.0802258513274776,nan,1.00169794839608,nan,1.0015414325907648,nan
S c T,3,-12.698991228454517,nan,-12.667326022501449,nan,-13.031858904222478,nan,1.0730663314428963,nan,1.0732491128388586,nan,1.001582112027952,nan,1.0015051766459921,nan
l W T,3,-12.430527516692257,nan,-12.740045157137615,nan,-12.825335400864171,nan,1.0707001193992651,nan,1.0709332927298245,nan,1.001582112027952,nan,1.0015051766459921,nan
D Y b,3,-11.784088421855209,nan,-12.779621440011727,nan,-13.028569527390694,nan,1.070881772738464,nan,1.071044960095461,nan,1.0021867069493546,nan,1.001827965542054,nan
S Y b,3,-11.42602555264163,nan,-12.704820226929028,nan,-12.910644234105506,nan,1.0732867751434665,nan,1.0734067928777,nan,1.0021867069493546,nan,1.001827965542054,nan
z i D,3,-11.31592236752834,nan,-13.072271992013643,nan,-13.39561544916291,nan,1.0780133079739118,nan,1.0780936618069668,nan,1.003048387687776,nan,1.0023647754998604,nan
s X m,3,-10.06673387644326,nan,-11.312979535774327,nan,-11.46984503976122,nan,1.13345170444285,nan,1.132416915357157,nan,1.0056080168222774,nan,1.0038336962010799,nan
h x s,3,-10.307779947526264,nan,-11.08590239486696,nan,-11.321138162368825,nan,1.1509397408293536,nan,1.1495473565900627,nan,1.0055826037415148,nan,1.0036921870288809,nan
T X z,3,-11.981581964622722,nan,-10.599123623782663,nan,-11.148502524736793,nan,1.0893366319118163,nan,1.0890800755675891,nan,1.0049780088201121,nan,1.003369398132819,nan
y x S,3,-11.858952429587188,nan,-10.689854411737489,nan,-11.292894750552678,nan,1.107352198451001,nan,1.1068866821667578,nan,1.0057238531904054,nan,1.0038699521458525,nan
g c T,3,-12.356986474263579,nan,-11.461193390122084,nan,-12.003718459663665,nan,1.0831673415439065,nan,1.0831688105242625,nan,1.0025596291345014,nan,1.002078242548571,nan
n W d,3,-10.964082944136095,nan,-13.349524463904437,nan,-13.005121422045669,nan,1.0965307758224245,nan,1.0961231047994042,nan,1.00169794839608,nan,1.0015414325907648,nan
S u v,3,-12.527323436631914,nan,-12.707965551917647,nan,-12.896323923107644,nan,1.0712159045622398,nan,1.0713762369818278,nan,1.0021867069493546,nan,1.001827965542054,nan
k X m,3,-10.029111884653677,nan,-11.660374557829885,nan,-11.80120217571566,nan,1.1228696938608393,nan,1.1220248511153055,nan,1.003164224055904,nan,1.002401031444633,nan
D x g,3,-11.44497417577116,nan,-10.757442992274957,nan,-11.317792592606512,nan,1.113892525426636,nan,1.1132714476194534,nan,1.0067013702969547,nan,1.0044430180484312,nan
y c S,3,-12.483282655627827,nan,-13.348938531702622,nan,-13.291882315789046,nan,1.0780266852545202,nan,1.0780958952185813,nan,1.0020708705812267,nan,1.0017917095972815,nan
C X z,3,-11.355445494345737,nan,-9.71590564018253,nan,-10.19656890105724,nan,1.0975136400888243,nan,1.097110307027202,nan,1.0044892502668374,nan,1.0030828651815293,nan
D i T,3,-12.649948300102475,nan,-12.456085852589826,nan,-12.941872340788954,nan,1.070661329037894,nan,1.0708872800566196,nan,1.0021867069493546,nan,1.001827965542054,nan
s X z,3,-10.224362820646844,nan,-9.70545098049628,nan,-9.994627557393635,nan,1.1364746790498634,nan,1.1353719980994739,nan,1.0074218015864855,nan,1.0048020628892658,nan
S e D,3,-12.231453691703976,nan,-inf,nan,-14.817046189769826,nan,1.0721792376237123,nan,1.072365423988085,nan,1.0019550342130987,nan,1.001755453652509,nan
d Y z,3,-10.656676738644077,nan,-10.897390060718287,nan,-11.129783676113915,nan,1.1070638270583661,nan,1.1064903191219617,nan,1.0035371462410507,nan,1.0026513084511497,nan
b A p,3,-10.161266655458345,nan,-9.713070818027813,nan,-10.017594815016778,nan,1.1426765870928604,nan,1.1414751870402384,nan,1.0074218015864855,nan,1.0048020628892658,nan
b i l,3,-9.737446680698207,nan,-10.856190686158357,nan,-11.037480568336989,nan,1.154485986623132,nan,1.1530028457071957,nan,1.0055826037415148,nan,1.0036921870288809,nan
b i s,3,-9.75329487293823,nan,-11.863531020769202,nan,-11.776815372971512,nan,1.1466262526448976,nan,1.145319630577172,nan,1.0025596291345014,nan,1.002078242548571,nan
b X s,3,-10.131272397580831,nan,-9.321273074509735,nan,-9.63252518455075,nan,1.1373398401326786,nan,1.1362025480435827,nan,1.0071647157694668,nan,1.0045880418275215,nan
b Y s,3,-10.314551350331113,nan,-10.742658755440896,nan,-10.935675836702035,nan,1.1329410131532065,nan,1.1318839300013561,nan,1.0036529826091787,nan,1.0026875643959223,nan
b x l,3,-9.520222252223192,nan,-8.95315157843328,nan,-9.248669866450186,nan,1.183811499819613,nan,1.1817936326553722,nan,1.0133773275131468,nan,1.0081352050773122,nan
C A l,3,-10.794906537643168,nan,-12.825553689837417,nan,-12.842997962093794,nan,1.122802019455294,nan,1.1218864921231484,nan,1.001582112027952,nan,1.0015051766459921,nan
C i D,3,-12.02381182982549,nan,-12.440368436694417,nan,-12.914197618632734,nan,1.0765703065309102,nan,1.0766765621376233,nan,1.0025596291345014,nan,1.002078242548571,nan
C i n,3,-10.580166172234133,nan,-10.230653878908305,nan,-10.628844220900854,nan,1.1364252037497735,nan,1.1351872004354957,nan,1.00679179358432,nan,1.0043377648210048,nan
C X J,3,-12.374390380279976,nan,-12.272111443033886,nan,-12.63609486832843,nan,1.0636563244902753,nan,1.0640133803132539,nan,1.001466275659824,nan,1.0014689207012195,nan
C X g,3,-11.701721731063571,nan,-inf,nan,-13.655859620972382,nan,1.0781666026039392,nan,1.0781977774763745,nan,1.001466275659824,nan,1.0014689207012195,nan
C X T,3,-12.68947142691987,nan,-11.73388684507978,nan,-12.227732442471286,nan,1.0642609194116779,nan,1.0646043968617172,nan,1.0020708705812267,nan,1.0017917095972815,nan
C x J,3,-11.77918842716236,nan,-13.560460576711446,nan,-13.76428335825852,nan,1.1022682501989751,nan,1.1019212497950197,nan,1.001582112027952,nan,1.0015051766459921,nan
C x n,3,-10.362941743759118,nan,-10.508502929199754,nan,-10.823683996052214,nan,1.1657507169462544,nan,1.1639779873836722,nan,1.0124648206131999,nan,1.0073153767751077,nan
C x S,3,-11.448524532136894,nan,-12.209365897723185,nan,-12.559908220392655,nan,1.108314199413002,nan,1.1078314152796533,nan,1.0027913018707573,nan,1.002150754438116,nan
C x C,3,-11.46813300352527,nan,-12.242275460618254,nan,-12.620414478002289,nan,1.1107325790986124,nan,1.1101954814735067,nan,1.0040004917135628,nan,1.00279633223024,nan
d i k,3,-9.634605058059865,nan,-11.157134965326389,nan,-11.341289437545772,nan,1.1431190786419556,nan,1.1417936319909217,nan,1.004862172451984,nan,1.0033331421880463,nan
d i s,3,-9.67222704984945,nan,-12.378362388088576,nan,-12.280085308850945,nan,1.124981230999876,nan,1.124063135537021,nan,1.003048387687776,nan,1.0023647754998604,nan
d i t,3,-9.529552282056722,nan,-10.911599243447203,nan,-11.099433177299407,nan,1.1449328634061635,nan,1.1435666816363117,nan,1.0060713622947894,nan,1.0039787199801702,nan
d E p,3,-10.114685008440734,nan,-11.978206809187979,nan,-12.102975614627427,nan,1.1224978411076627,nan,1.1216582313474963,nan,1.0038846553454346,nan,1.0027600762854674,nan
d X s,3,-10.05020457449205,nan,-10.914675979613774,nan,-11.12619382445806,nan,1.115694818487657,nan,1.1149460530034316,nan,1.005209681556368,nan,1.003441910022364,nan
D i D,3,-12.362266227650693,nan,-13.88320220822997,nan,-14.14842246612919,nan,1.0736843036449073,nan,1.0738423627989364,nan,1.001582112027952,nan,1.0015051766459921,nan
D i g,3,-11.662198604246175,nan,-13.261513991652173,nan,-13.4255379104492,nan,1.0845670122301552,nan,1.084480660671277,nan,1.001582112027952,nan,1.0015051766459921,nan
D i C,3,-12.02381182982549,nan,-12.77473762311885,nan,-13.05366374677707,nan,1.0785210630161286,nan,1.0785704951866433,nan,1.00339589679216,nan,1.002473543334178,nan
d I J,3,-11.057024600570188,nan,-11.636076401959203,nan,-12.063556461308583,nan,1.113284712828341,nan,1.1127408012371884,nan,1.0045146633476,nan,1.0032243743537286,nan
d I D,3,-11.0844235747583,nan,-12.812650232097024,nan,-13.11305858907258,nan,1.116912282356757,nan,1.1162869005279685,nan,1.006328448111808,nan,1.0041927410419145,nan
d Y p,3,-10.384975338180645,nan,-11.266083727169029,nan,-11.492173301031173,nan,1.1034362575299501,nan,1.1029442198311814,nan,1.0065601208480641,nan,1.0042652529314595,nan
d Y t,3,-10.090808759449605,nan,-10.768711278998394,nan,-10.9973779167769,nan,1.1312476239144724,nan,1.1301309810604958,nan,1.008373905612272,nan,1.0052336196196454,nan
d I T,3,-11.372105647210082,nan,-12.484146165124987,nan,-12.753806324119548,nan,1.1138893077497436,nan,1.1133318177856517,nan,1.0039100684261975,nan,1.0029015854576666,nan
d I Z,3,-13.751651781340257,nan,-inf,nan,-15.668958111014199,nan,1.107843358535717,nan,1.107421652301018,nan,1.0039100684261975,nan,1.0029015854576666,nan
f i k,3,-10.007809303949808,nan,-11.667468664838793,nan,-11.804907457582821,nan,1.145524081046958,nan,1.1441554647731607,nan,1.0038846553454346,nan,1.0027600762854674,nan
f i s,3,-10.045431295739391,nan,-12.88869608760098,nan,-12.743703328887996,nan,1.1273862334048783,nan,1.12642496831926,nan,1.0020708705812267,nan,1.0017917095972815,nan
f X s,3,-10.423408820381994,nan,-10.469498234098742,nan,-10.742513984107907,nan,1.1180998208926594,nan,1.1173078857856706,nan,1.0061871986629174,nan,1.0040149759249428,nan
f X t,3,-10.280734052589265,nan,-10.419801109244013,nan,-10.685791949208769,nan,1.138051453298947,nan,1.1368114318849614,nan,1.0061871986629174,nan,1.0040149759249428,nan
f Y k,3,-10.56906578134269,nan,-10.23074345009201,nan,-10.552368077685365,nan,1.131838841555267,nan,1.1307197641973448,nan,1.0054667673733868,nan,1.0036559310841082,nan
f x l,3,-9.812358675024353,nan,-9.459522851849892,nan,-9.7788401707544,nan,1.1645714805795937,nan,1.1628989703974602,nan,1.009956017640224,nan,1.0061294744182865,nan
g e s,3,-10.41991186598894,nan,-11.161822707907223,nan,-11.310971756759056,nan,1.1167421582446742,nan,1.1159730649359003,nan,1.0038846553454346,nan,1.0027600762854674,nan
g W d,3,-11.707660978322933,nan,-inf,nan,-13.138159985327015,nan,1.0946067738984226,nan,1.0942336385736129,nan,1.0012091898428053,nan,1.0012548996394752,nan
g W r,3,-11.283250783972319,nan,-inf,nan,-14.092003341594829,nan,1.1073032672478784,nan,1.1066449860913434,nan,1.0006045949214026,nan,1.0009321107434133,nan
g W z,3,-11.881819224477725,nan,-inf,nan,-12.947321698558184,nan,1.088560824684396,nan,1.0883234730889795,nan,1.0012091898428053,nan,1.0012548996394752,nan
g i C,3,-11.323744206420969,nan,-11.175350046538252,nan,-11.591745059514594,nan,1.0910270755221412,nan,1.0908520256542862,nan,1.00339589679216,nan,1.002473543334178,nan
g i J,3,-11.63479963005806,nan,-13.18668234319139,nan,-13.14107904787899,nan,1.0825627466225038,nan,1.0825777939757992,nan,1.0009775171065494,nan,1.0011823877499302,nan
g i D,3,-11.662198604246175,nan,-12.283814631649374,nan,-12.686503778866712,nan,1.0861903161509199,nan,1.0861238932665793,nan,1.001582112027952,nan,1.0015051766459921,nan
g X g,3,-11.340108505484256,nan,-inf,nan,-13.205022229892151,nan,1.0877866122239488,nan,1.0876451086053305,nan,1.001466275659824,nan,1.0014689207012195,nan
g u v,3,-12.185318682440975,nan,-12.600445208206393,nan,-12.715481338936033,nan,1.08131691466325,nan,1.0812959346672317,nan,1.0021867069493546,nan,1.001827965542054,nan
h e s,3,-10.752254709268142,nan,-10.28475268918635,nan,-10.620079101034221,nan,1.1177041592066752,nan,1.1169177980487959,nan,1.00339589679216,nan,1.002473543334178,nan
h e n,3,-10.778146123200884,nan,-10.269062706005785,nan,-10.610135427642824,nan,1.1430971459055868,nan,1.141740493084257,nan,1.005209681556368,nan,1.003441910022364,nan
h i n,3,-10.55089578993402,nan,-10.313991482478695,nan,-10.654719334250851,nan,1.1470072143317842,nan,1.1455792646773473,nan,1.00679179358432,nan,1.0043377648210048,nan
h Y s,3,-11.086260853394162,nan,-11.442401421838047,nan,-11.6322324989146,nan,1.1079289881411816,nan,1.1073208690660703,nan,1.0021867069493546,nan,1.001827965542054,nan
h x s,3,-10.307779947526264,nan,-11.08590239486696,nan,-11.321138162368825,nan,1.1509397408293536,nan,1.1495473565900627,nan,1.0055826037415148,nan,1.0036921870288809,nan
J X T,3,-13.00052685055696,nan,-inf,nan,-14.548574232886178,nan,1.0618559170066755,nan,1.0622425640794781,nan,1.0006045949214026,nan,1.0009321107434133,nan
J x n,3,-10.673997167396209,nan,-9.46305736646867,nan,-9.973440625435252,nan,1.163345714541252,nan,1.1616161546014332,nan,1.0144198548262986,nan,1.0084615085802653,nan
k e d,3,-9.861855391326728,nan,-10.420656484799403,nan,-10.645301304890037,nan,1.1373149617679008,nan,1.1361684102827547,nan,1.0064442844799362,nan,1.0042289969866869,nan
k X m,3,-10.029111884653677,nan,-11.660374557829885,nan,-11.80120217571566,nan,1.1228696938608393,nan,1.1220248511153055,nan,1.003164224055904,nan,1.002401031444633,nan
l e l,3,-9.618746033389314,nan,-11.019227147287301,nan,-11.205661326275148,nan,1.1399939076149241,nan,1.1387720098722538,nan,1.00509384518824,nan,1.0034056540775913,nan
m A b,3,-10.275339111718193,nan,-11.899751319812896,nan,-11.995792009247667,nan,1.117818109997382,nan,1.1171337922076832,nan,1.0059809390074241,nan,1.0040839732075968,nan
m e p,3,-10.067498496005836,nan,-10.898978751642815,nan,-11.116312282225557,nan,1.1257174411014563,nan,1.1248226792815499,nan,1.0052350946371307,nan,1.003583419194563,nan
m A v,3,-11.137562622322072,nan,-10.873459692724412,nan,-11.215167142526667,nan,1.1172135150759794,nan,1.1165427756592197,nan,1.0065855339288268,nan,1.0044067621036588,nan
m A z,3,-10.368429534784205,nan,-9.584764715002983,nan,-9.90210811085229,nan,1.1371651474822673,nan,1.1360463217585106,nan,1.007794723771632,nan,1.0050523398957827,nan
m X n,3,-10.092625290376002,nan,-11.780926034041881,nan,-11.816215625002569,nan,1.153593817692581,nan,1.1520502785065356,nan,1.003511733160288,nan,1.0025097992789507,nan
m X s,3,-10.06673387644326,nan,-11.417537664287476,nan,-11.481318812102236,nan,1.1282008309936695,nan,1.1272275834710745,nan,1.0047209230030933,nan,1.0031553770710746,nan
m Y d,3,-10.499047794440493,nan,-9.624904871573614,nan,-9.95809545345259,nan,1.1256157887784053,nan,1.124682015074238,nan,1.0051192582690027,nan,1.0035471632497905,nan
m x b,3,-9.801634711661379,nan,-10.437115021830548,nan,-10.715452272982064,nan,1.1432335547676655,nan,1.1420858075627696,nan,1.0094672590869493,nan,1.005842941466997,nan
n e s,3,-9.676333831802104,nan,-11.327883743829398,nan,-11.465615265929493,nan,1.118666160168676,nan,1.1178625311616917,nan,1.0043734138987093,nan,1.003046609236757,nan
n e n,3,-9.702225245734844,nan,-11.312193760648833,nan,-11.455671592538094,nan,1.1440591468675876,nan,1.1426852261971527,nan,1.0061871986629174,nan,1.0040149759249428,nan
n c d,3,-10.105224261347816,nan,-12.088119610492626,nan,-12.16166801412378,nan,1.1243900133590814,nan,1.123474352400172,nan,1.003164224055904,nan,1.002401031444633,nan
n W d,3,-10.964082944136095,nan,-13.349524463904437,nan,-13.005121422045669,nan,1.0965307758224245,nan,1.0961231047994042,nan,1.00169794839608,nan,1.0015414325907648,nan
n c G,3,-11.42800521674538,nan,-11.186719218509126,nan,-11.65704890193581,nan,1.092951077446143,nan,1.0927414918800775,nan,1.0055826037415148,nan,1.0036921870288809,nan
n i n,3,-9.474974912467982,nan,-10.104359568626375,nan,-10.355123194843118,nan,1.147969215293785,nan,1.146523997790243,nan,1.00679179358432,nan,1.0043377648210048,nan
p e k,3,-9.76431223701809,nan,-10.626565678331959,nan,-10.811986453387293,nan,1.156044027050775,nan,1.1544876898735044,nan,1.0078851470589973,nan,1.004947086668356,nan
p e m,3,-10.067498496005836,nan,-11.284044039245053,nan,-11.46340404663498,nan,1.1306510403518633,nan,1.1296649948380435,nan,1.0054667673733868,nan,1.0036559310841082,nan
p e p,3,-9.953426039745988,nan,-11.208359960223428,nan,-11.37508050569904,nan,1.1300464454304606,nan,1.12907397828958,nan,1.0042575775305813,nan,1.0030103532919843,nan
p i m,3,-9.840248162738973,nan,-10.887140063438924,nan,-11.093289169187896,nan,1.1345611087780607,nan,1.1335037664311338,nan,1.0045146633476,nan,1.0032243743537286,nan
p X b,3,-10.282764208519145,nan,-12.773402048595033,nan,-12.475267597842219,nan,1.10895063338797,nan,1.1084292370890338,nan,1.002932551319648,nan,1.0023285195550877,nan
p X d,3,-10.201696385430363,nan,-9.046258194926667,nan,-9.386798320557933,nan,1.1343436200868817,nan,1.1332519321244947,nan,1.0077693106908694,nan,1.0049108307235834,nan
p X v,3,-11.144987719123025,nan,-10.936180205290219,nan,-11.224639101875482,nan,1.1083460384665673,nan,1.1078382205405704,nan,1.004746336083856,nan,1.0032968862432736,nan
r e m,3,-9.740631455963861,nan,-10.522151087061932,nan,-10.76555495784517,nan,1.1301700398708627,nan,1.1291926282815956,nan,1.0069330430332109,nan,1.0045155299379764,nan
r i g,3,-10.017286303618414,nan,-11.048991477136191,nan,-11.273190890851566,nan,1.1177560454191884,nan,1.1170739530661753,nan,1.0045146633476,nan,1.0032243743537286,nan
r i s,3,-9.247816855498836,nan,-11.556096660788278,nan,-11.455266777579181,nan,1.1413352473538922,nan,1.1401235984562461,nan,1.0045146633476,nan,1.0032243743537286,nan
r i t,3,-9.105142087706108,nan,-10.089333516146905,nan,-10.274614646027644,nan,1.1612868797601799,nan,1.1596271445555368,nan,1.0075376379546135,nan,1.0048383188340384,nan
r i z,3,-9.67101006690058,nan,-9.101050870530493,nan,-9.398020275386234,nan,1.1371030829040736,nan,1.1359864826170027,nan,1.0093514227188214,nan,1.0058066855222243,nan
r E p,3,-9.69027481409012,nan,-10.692906121958039,nan,-10.883502891351714,nan,1.138851857461679,nan,1.1377186942667215,nan,1.007794723771632,nan,1.0050523398957827,nan
r I D,3,-10.660013380407687,nan,-11.632710060524909,nan,-11.954704680852913,nan,1.1332662987107733,nan,1.1323473634471937,nan,1.009260999431456,nan,1.005911938749651,nan
r I S,3,-10.301950511194107,nan,-9.61586717516482,nan,-10.02624981565768,nan,1.135684678396384,nan,1.1347114296410472,nan,1.009260999431456,nan,1.005911938749651,nan
r I T,3,-10.947695452859469,nan,-11.304205993552873,nan,-11.595452415899882,nan,1.13024332410376,nan,1.1293922807048768,nan,1.0068426197458455,nan,1.004620783165403,nan
r I Z,3,-13.327241586989643,nan,-inf,nan,-14.510604202794532,nan,1.1241973748897334,nan,1.1234821152202432,nan,1.0068426197458455,nan,1.004620783165403,nan
r I z,3,-9.613669520285335,nan,-9.063081237341414,nan,-9.35664950970759,nan,1.1634960447809064,nan,1.1618981908703616,nan,1.0104701892742616,nan,1.0065575165417748,nan
r x l,3,-9.014744234783796,nan,-9.261903357876173,nan,-9.508477045629686,nan,1.1785204945286076,nan,1.1765976005344463,nan,1.0109335347467734,nan,1.0067025403208651,nan
s i g,3,-10.192661532722077,nan,-12.1649005043691,nan,-12.307825450407673,nan,1.1264140540771972,nan,1.1255765510822358,nan,1.001582112027952,nan,1.0015051766459921,nan
s i v,3,-10.61551838354211,nan,-11.217972803033053,nan,-11.53262065115601,nan,1.1258094591557946,nan,1.1249855345337723,nan,1.0046050866349654,nan,1.003119121126302,nan
s X d,3,-10.05020457449205,nan,-9.574227577099894,nan,-9.860043443727836,nan,1.14252062826389,nan,1.1412821635841073,nan,1.0092355863506934,nan,1.0057704295774517,nan
s X g,3,-10.570639057364676,nan,-inf,nan,-13.453918277308777,nan,1.1171276415649782,nan,1.1164594685486464,nan,1.0043988269794721,nan,1.003188118408956,nan
s X k,3,-9.763547617455515,nan,-11.186129425923403,nan,-11.310903931611328,nan,1.1588446911417618,nan,1.157239610392618,nan,1.0074218015864855,nan,1.0048020628892658,nan
s X m,3,-10.06673387644326,nan,-11.312979535774327,nan,-11.46984503976122,nan,1.13345170444285,nan,1.132416915357157,nan,1.0056080168222774,nan,1.0038336962010799,nan
S x J,3,-11.759579955773983,nan,-13.136733665936248,nan,-13.39897837154557,nan,1.1017872497179746,nan,1.1014488832385718,nan,1.0020708705812267,nan,1.0017917095972815,nan
S x C,3,-11.448524532136894,nan,-11.818548549843058,nan,-12.25510949128934,nan,1.110251578617612,nan,1.1097231149170588,nan,1.0044892502668374,nan,1.0030828651815293,nan
s Y b,3,-10.314551350331113,nan,-12.088473060836819,nan,-12.198539139800946,nan,1.112728814585506,nan,1.1121408505064199,nan,1.00169794839608,nan,1.0015414325907648,nan
s Y v,3,-11.176774860934993,nan,-11.349863506200116,nan,-11.641057824394156,nan,1.1121242196641035,nan,1.1115498339579564,nan,1.0023025433174826,nan,1.0018642214868267,nan
s x J,3,-10.648105753463467,nan,-12.962219252123077,nan,-13.051516390828922,nan,1.1412292891600142,nan,1.1401829408672917,nan,1.0045146633476,nan,1.0032243743537286,nan
s x g,3,-9.975437104247062,nan,-11.660806875317473,nan,-11.874056566136655,nan,1.155739567273678,nan,1.1543673380304122,nan,1.0057238531904054,nan,1.0038699521458525,nan
s x S,3,-10.317441858438,nan,-11.611124573134816,nan,-11.847141252963057,nan,1.147275238374041,nan,1.1460931063519253,nan,1.0057238531904054,nan,1.0038699521458525,nan
t e s,3,-9.507767650076634,nan,-9.40100804252859,nan,-9.669017432303395,nan,1.139349180851697,nan,1.1381742930889471,nan,1.007794723771632,nan,1.0050523398957827,nan
t E m,3,-9.837047731660903,nan,-11.331356586889479,nan,-11.507868899724569,nan,1.1413804543070838,nan,1.1401991770409763,nan,1.0042575775305813,nan,1.0030103532919843,nan
t X t,3,-9.515820073659643,nan,-9.9807422838477,nan,-10.217786247711325,nan,1.153924469171963,nan,1.1523995282477388,nan,1.0071647157694668,nan,1.0045880418275215,nan
T i n,3,-11.206302642511117,nan,-11.40155393496022,nan,-11.803921395894617,nan,1.1282481955727655,nan,1.127156968975883,nan,1.005325517924496,nan,1.0034781659671366,nan
T X T,3,-13.315607897196855,nan,-12.617104828679913,nan,-13.179666066150839,nan,1.0560839112346698,nan,1.0565741654021044,nan,1.0025596291345014,nan,1.002078242548571,nan
T x J,3,-12.405324897439346,nan,-14.038213452203415,nan,-14.333224729681966,nan,1.094091242021967,nan,1.093891018335407,nan,1.001582112027952,nan,1.0015051766459921,nan
T x S,3,-12.07466100241388,nan,-12.687118773215154,nan,-13.1288495918161,nan,1.1001371912359938,nan,1.0998011838200406,nan,1.0027913018707573,nan,1.002150754438116,nan
T x C,3,-12.094269473802255,nan,-12.720028336110223,nan,-13.189355849425734,nan,1.1025555709216044,nan,1.1021652500138939,nan,1.0040004917135628,nan,1.00279633223024,nan
t Y s,3,-9.841773794202652,nan,-11.146443440082406,nan,-11.297356969607591,nan,1.1295740097862033,nan,1.1285773641062216,nan,1.003164224055904,nan,1.002401031444633,nan
t x l,3,-9.04744469609473,nan,-9.490467655699312,nan,-9.728134035012125,nan,1.1804444964526097,nan,1.1784870667602376,nan,1.0104447761934987,nan,1.0064160073695758,nan
v e t,3,-10.700093949016246,nan,-12.043515110325995,nan,-12.140283301200412,nan,1.1222637762209473,nan,1.121305614341757,nan,1.0029071382388852,nan,1.0021870103828887,nan
v i n,3,-10.641409797474852,nan,-12.084229815652868,nan,-12.180590398515895,nan,1.1316151989397687,nan,1.1304635348710177,nan,1.005325517924496,nan,1.0034781659671366,nan
v X n,3,-11.019387322117453,nan,-10.850586180952547,nan,-11.247241683737164,nan,1.1223287864275497,nan,1.1213464523374284,nan,1.0040004917135628,nan,1.00279633223024,nan
v e D,3,-12.31230578833307,nan,-inf,nan,-15.876647122246592,nan,1.067850233294708,nan,1.068114124980055,nan,1.0004887585532747,nan,1.0008958547986408,nan
v Y k,3,-11.139152869145407,nan,-11.991412332250036,nan,-12.139264984200935,nan,1.1106748203912458,nan,1.1099356357136414,nan,1.003511733160288,nan,1.0025097992789507,nan
v Y r,3,-11.00139963183133,nan,-13.707537662423322,nan,-13.631833065143233,nan,1.1070472508628297,nan,1.1063895364228613,nan,1.00169794839608,nan,1.0015414325907648,nan
v Y t,3,-11.034100093142264,nan,-11.950671023016863,nan,-12.082811947285935,nan,1.1124886051554537,nan,1.1117086853590314,nan,1.0059301128458986,nan,1.0038009548631985,nan
w e s,3,-10.46939192325231,nan,-9.631522116031848,nan,-9.979085147501957,nan,1.1297291712316873,nan,1.1287269619599911,nan,1.004862172451984,nan,1.0033331421880463,nan
w x J,3,-11.467055258846415,nan,-12.112017203236025,nan,-12.360707157711978,nan,1.1248752728059979,nan,1.1241224779480665,nan,1.0054921804541495,nan,1.0037974402563072,nan
w x S,3,-11.136391363820948,nan,-10.760922524247764,nan,-11.156332019846117,nan,1.1309212220200247,nan,1.1300326434327002,nan,1.0067013702969547,nan,1.0044430180484312,nan
w x C,3,-11.155999835209325,nan,-10.793832087142833,nan,-11.216838277455748,nan,1.1333396017056352,nan,1.1323967096265535,nan,1.0079105601397602,nan,1.005088595840555,nan
y c d,3,-11.620843418564261,nan,-11.626941523631153,nan,-11.922147372717923,nan,1.111884000853069,nan,1.111192821932529,nan,1.0026754655026293,nan,1.0021144984933434,nan
y c g,3,-12.141277901436888,nan,-12.259186550696912,nan,-12.625650448402698,nan,1.0864910141541573,nan,1.0863701268970682,nan,1.0020708705812267,nan,1.0017917095972815,nan
y c G,3,-12.943624373961825,nan,-10.725541131647653,nan,-11.417528260529949,nan,1.0804450649401307,nan,1.0804599614124346,nan,1.00509384518824,nan,1.0034056540775913,nan
y X C,3,-12.47376285409318,nan,-13.305615851862887,nan,-13.413247237577847,nan,1.0711586524279118,nan,1.0713428788788453,nan,1.0010933534746773,nan,1.0012186436947028,nan
y X g,3,-12.112149628513865,nan,-inf,nan,-14.729583010090828,nan,1.0772046016419383,nan,1.077253044363479,nan,1.0004887585532747,nan,1.0008958547986408,nan
y X T,3,-13.099899324370165,nan,-12.986964081333863,nan,-13.301455831589731,nan,1.063298918449677,nan,1.0636596637488216,nan,1.0010933534746773,nan,1.0012186436947028,nan
y X v,3,-12.535006479333898,nan,-12.72768148340378,nan,-12.97354895782744,nan,1.0766000067205357,nan,1.0766620278150154,nan,1.0023025433174826,nan,1.0018642214868267,nan
y x J,3,-12.189616324612654,nan,-12.040949090725748,nan,-12.497269888418543,nan,1.1013062492369743,nan,1.1009765166821242,nan,1.0045146633476,nan,1.0032243743537286,nan
y x S,3,-11.858952429587188,nan,-10.689854411737489,nan,-11.292894750552678,nan,1.107352198451001,nan,1.1068866821667578,nan,1.0057238531904054,nan,1.0038699521458525,nan
y x C,3,-11.878560900975565,nan,-10.722763974632558,nan,-11.353401008162312,nan,1.1097705781366116,nan,1.109250748360611,nan,1.0069330430332109,nan,1.0045155299379764,nan
b O n,3,-12.408455610120066,nan,-11.070955805384031,nan,-11.560599389013403,nan,1.1299860037621865,nan,1.1288755309869132,nan,1.00169794839608,nan,1.0015414325907648,nan
b O r,3,-12.207188967083663,nan,-inf,nan,-13.085726439196549,nan,1.1191032951769386,nan,1.1182372331145727,nan,1.0004887585532747,nan,1.0008958547986408,nan
b O s,3,-12.382564196187325,nan,-10.620556058639997,nan,-11.22570257611307,nan,1.104593017063275,nan,1.104052835951452,nan,1.00169794839608,nan,1.0015414325907648,nan
b U n,3,-11.142789236788792,nan,-inf,nan,-12.32968249529423,nan,1.1451375189137016,nan,1.1437507709101378,nan,1.0019550342130987,nan,1.001755453652509,nan
b u r,3,-10.378250494613855,nan,-11.74041963419497,nan,-11.747441297263018,nan,1.1459850156070461,nan,1.144628787817068,nan,1.0036529826091787,nan,1.0026875643959223,nan
b U s,3,-11.11689782285605,nan,-inf,nan,-12.28246775484568,nan,1.11974453221479,nan,1.1189280758746767,nan,1.0019550342130987,nan,1.001755453652509,nan
b W r,3,-10.843884124188472,nan,-11.967933185180298,nan,-12.011406843097483,nan,1.1332772932219044,nan,1.1321527801395248,nan,1.0020708705812267,nan,1.0017917095972815,nan
C e D,3,-12.251062163092353,nan,-inf,nan,-14.643354675750086,nan,1.0726602381047128,nan,1.072837790544533,nan,1.0019550342130987,nan,1.001755453652509,nan
C i D,3,-12.02381182982549,nan,-12.440368436694417,nan,-12.914197618632734,nan,1.0765703065309102,nan,1.0766765621376233,nan,1.0025596291345014,nan,1.002078242548571,nan
C O b,3,-13.51364686988622,nan,-inf,nan,-14.14579445548243,nan,1.0454197795345355,nan,1.0460480653842439,nan,1.0004887585532747,nan,1.0008958547986408,nan
C O g,3,-13.953013529670066,nan,-inf,nan,-13.958052831219138,nan,1.0454197795345355,nan,1.0460480653842439,nan,1.0004887585532747,nan,1.0008958547986408,nan
C O v,3,-14.375870380490099,nan,-inf,nan,-13.588313140075641,nan,1.0448151846131328,nan,1.0454570488357804,nan,1.0004887585532747,nan,1.0008958547986408,nan
C u D,3,-12.824142680604776,nan,-inf,nan,-14.865078780410066,nan,1.061418791379395,nan,1.0618013222143987,nan,1.0009775171065494,nan,1.0011823877499302,nan
C u S,3,-12.466079811391195,nan,-11.925779793549085,nan,-12.28269744780817,nan,1.0638371710650059,nan,1.0641653884082523,nan,1.0021867069493546,nan,1.001827965542054,nan
C u T,3,-13.111824753056556,nan,-13.208653503828975,nan,-13.3018537111311,nan,1.0583958167723817,nan,1.058846239472082,nan,1.001582112027952,nan,1.0015051766459921,nan
D e C,3,-12.251062163092353,nan,-12.729808846645943,nan,-13.009079840169044,nan,1.0746109945899311,nan,1.074731723593553,nan,1.001466275659824,nan,1.0014689207012195,nan
D e D,3,-12.589516560917556,nan,-inf,nan,-14.86597861156806,nan,1.0697742352187098,nan,1.070003591205846,nan,1.001466275659824,nan,1.0014689207012195,nan
D e J,3,-12.562117586729443,nan,-12.54391656596286,nan,-13.017968787586291,nan,1.0661466656902938,nan,1.066457491915066,nan,1.0020708705812267,nan,1.0017917095972815,nan
D e S,3,-12.231453691703976,nan,-11.26181475846155,nan,-11.813593649720428,nan,1.0721926149043206,nan,1.0723676573996996,nan,1.001466275659824,nan,1.0014689207012195,nan
D i C,3,-12.02381182982549,nan,-12.77473762311885,nan,-13.05366374677707,nan,1.0785210630161286,nan,1.0785704951866433,nan,1.00339589679216,nan,1.002473543334178,nan
D i D,3,-12.362266227650693,nan,-13.88320220822997,nan,-14.14842246612919,nan,1.0736843036449073,nan,1.0738423627989364,nan,1.001582112027952,nan,1.0015051766459921,nan
D i S,3,-12.004203358437113,nan,-13.658118792097937,nan,-13.686304669727384,nan,1.076102683330518,nan,1.07620642899279,nan,1.001582112027952,nan,1.0015051766459921,nan
D i T,3,-12.649948300102475,nan,-12.456085852589826,nan,-12.941872340788954,nan,1.070661329037894,nan,1.0708872800566196,nan,1.0021867069493546,nan,1.001827965542054,nan
d u r,3,-10.297182671525073,nan,-13.028440889747825,nan,-12.930955008866489,nan,1.1243399939620244,nan,1.123372292776917,nan,1.0026754655026293,nan,1.0021144984933434,nan
D W C,3,-13.289776310179395,nan,-inf,nan,-13.987245975761287,nan,1.0506618254794717,nan,1.0512192475858755,nan,1.0006045949214026,nan,1.0009321107434133,nan
D W D,3,-13.628230708004597,nan,-inf,nan,-14.745532458492193,nan,1.0458250661082504,nan,1.0464911151981686,nan,1.0012091898428053,nan,1.0012548996394752,nan
D W T,3,-13.91591278045638,nan,-inf,nan,-14.280919677881334,nan,1.042802091501237,nan,1.0435360324558518,nan,1.0006045949214026,nan,1.0009321107434133,nan
f U n,3,-11.434925659589952,nan,-inf,nan,-12.993384192222967,nan,1.1258974996736824,nan,1.1248561086522257,nan,1.001466275659824,nan,1.0014689207012195,nan
f u r,3,-10.670386917415017,nan,-14.192701056666893,nan,-13.645887457184445,nan,1.1267449963670269,nan,1.125734125559156,nan,1.00169794839608,nan,1.0015414325907648,nan
f U s,3,-11.40903424565721,nan,-inf,nan,-12.946169451774416,nan,1.1005045129747708,nan,1.1000334136167647,nan,1.001466275659824,nan,1.0014689207012195,nan
f W r,3,-11.136020546989634,nan,-13.727067427092276,nan,-13.303717199448595,nan,1.1140372739818851,nan,1.1132581178816128,nan,1.0010933534746773,nan,1.0012186436947028,nan
f x r,3,-9.652831638160714,nan,-10.268613913311892,nan,-10.550071725073472,nan,1.171222024715023,nan,1.169400152430557,nan,1.0081422328760161,nan,1.0051611077301004,nan
g U n,3,-11.582155896572639,nan,-inf,nan,-12.752050917188043,nan,1.1191634929396757,nan,1.1182429768619564,nan,1.0009775171065494,nan,1.0011823877499302,nan
g U S,3,-12.667738684950415,nan,-10.384973337295678,nan,-10.991767580062007,nan,1.0617269754064231,nan,1.0620964047579375,nan,1.0027913018707573,nan,1.002150754438116,nan
g U T,3,-13.313483626615776,nan,-inf,nan,-12.886392580738836,nan,1.056285621113799,nan,1.0567772558217672,nan,1.0009775171065494,nan,1.0011823877499302,nan
g W C,3,-12.589708686774873,nan,-inf,nan,-13.9116216496187,nan,1.0631678379854843,nan,1.0635007780535184,nan,1.0006045949214026,nan,1.0009321107434133,nan
g W D,3,-12.92816308460008,nan,-inf,nan,-14.669908132349608,nan,1.058331078614263,nan,1.0587726456658115,nan,1.0012091898428053,nan,1.0012548996394752,nan
g W T,3,-13.21584515705186,nan,-inf,nan,-14.20529535173875,nan,1.0553081040072496,nan,1.0558175629234947,nan,1.0006045949214026,nan,1.0009321107434133,nan
g x r,3,-9.800061875143399,nan,-10.578768841615732,nan,-10.868354237973971,nan,1.1644880179810162,nan,1.1627870206402877,nan,1.0076534743227414,nan,1.0048745747788108,nan
h U n,3,-11.914498739851838,nan,-inf,nan,-13.313921229958577,nan,1.1201254939016767,nan,1.119187709974852,nan,1.0009775171065494,nan,1.0011823877499302,nan
h u r,3,-11.149959997676904,nan,-13.202302352639018,nan,-13.050133763045901,nan,1.1209729905950212,nan,1.1200657268817822,nan,1.0021867069493546,nan,1.001827965542054,nan
h U s,3,-11.888607325919097,nan,-inf,nan,-13.266706489510026,nan,1.0947325072027652,nan,1.0943650149393909,nan,1.0009775171065494,nan,1.0011823877499302,nan
h W r,3,-11.61559362725152,nan,-11.820377991190245,nan,-12.014816324750104,nan,1.1082652682098795,nan,1.107589719204239,nan,1.0020708705812267,nan,1.0017917095972815,nan
J O b,3,-13.824702293523309,nan,-inf,nan,-13.375593792539007,nan,1.043014777129533,nan,1.0436862326020049,nan,1.0004887585532747,nan,1.0008958547986408,nan
J x r,3,-10.472730524359804,nan,-10.383024264489636,nan,-10.851940510693346,nan,1.1524630059560041,nan,1.1509778567290927,nan,1.0071647157694668,nan,1.0045880418275215,nan
k E G,3,-11.2483521611104,nan,-13.827516577250174,nan,-13.567263869499893,nan,1.1151624383671814,nan,1.1145526322962496,nan,1.0010933534746773,nan,1.0012186436947028,nan
k E S,3,-10.788010442776402,nan,-14.053018704506773,nan,-13.649858455530934,nan,1.112744058681571,nan,1.1121885661023962,nan,1.0004887585532747,nan,1.0008958547986408,nan
k i b,3,-9.715672881148645,nan,-11.444845061691106,nan,-11.633001742152972,nan,1.1158320434951865,nan,1.1151844868403842,nan,1.001466275659824,nan,1.0014689207012195,nan
k i C,3,-10.516652766511807,nan,-11.032855447232606,nan,-11.361068026669331,nan,1.10978609428116,nan,1.1092743213557505,nan,1.0038846553454346,nan,1.0027600762854674,nan
k i D,3,-10.85510716433701,nan,-12.141320032343728,nan,-12.455826746021451,nan,1.1049493349099386,nan,1.1045461889680437,nan,1.0020708705812267,nan,1.0017917095972815,nan
k i r,3,-9.210194863709251,nan,-10.81688681459069,nan,-11.002453217912773,nan,1.153921523543554,nan,1.1524185293935756,nan,1.0056984401096427,nan,1.0037284429736533,nan
k u f,3,-10.808140154729095,nan,-12.921439557125288,nan,-12.853543496900686,nan,1.101285123265074,nan,1.1009002634656229,nan,1.001582112027952,nan,1.0015051766459921,nan
k U m,3,-11.014737309928895,nan,-12.689652153096928,nan,-12.659385276782535,nan,1.1052743859429508,nan,1.1047503789463995,nan,1.0021867069493546,nan,1.001827965542054,nan
k U n,3,-10.775064456663475,nan,-inf,nan,-13.486454780386369,nan,1.1379225116986944,nan,1.1366652725634208,nan,1.0009775171065494,nan,1.0011823877499302,nan
k U p,3,-10.900664853669047,nan,-12.613968074075302,nan,-12.571061735846596,nan,1.1046697910215482,nan,1.104159362397936,nan,1.0021867069493546,nan,1.001827965542054,nan
k u r,3,-10.010525714488539,nan,-13.168223038986154,nan,-12.999523762159482,nan,1.138770008392039,nan,1.137543289470351,nan,1.0021867069493546,nan,1.001827965542054,nan
l U n,3,-10.796838256213036,nan,-inf,nan,-13.318001115368778,nan,1.1345555083316912,nan,1.1333587066682862,nan,1.001466275659824,nan,1.0014689207012195,nan
l X l,3,-9.76947322476505,nan,-12.00793423909993,nan,-12.066311057328438,nan,1.1346175635289026,nan,1.1334936989317548,nan,1.0037688189773066,nan,1.002723820340695,nan
m W l,3,-10.938872639914539,nan,-11.052605079058976,nan,-11.32538032406854,nan,1.117487739947466,nan,1.1166766335339198,nan,1.0037688189773066,nan,1.002723820340695,nan
m W r,3,-10.779345603050901,nan,-12.218371084459708,nan,-12.250762558214868,nan,1.1241382840828953,nan,1.1231778155670167,nan,1.0025596291345014,nan,1.002078242548571,nan
m W t,3,-10.812046064361835,nan,-10.6621751405154,nan,-10.953055868638476,nan,1.1295796383755192,nan,1.1284969645031868,nan,1.003164224055904,nan,1.002401031444633,nan
n c n,3,-9.882080710033605,nan,-11.257501439304079,nan,-11.42048528341305,nan,1.147969215293785,nan,1.146523997790243,nan,1.0061871986629174,nan,1.0040149759249428,nan
n W C,3,-11.846130652588037,nan,-14.082779787338993,nan,-13.778583086337354,nan,1.0650918399094862,nan,1.0653902442793097,nan,1.0010933534746773,nan,1.0012186436947028,nan
n W D,3,-12.18458505041324,nan,-14.785779264341949,nan,-14.536869569068262,nan,1.060255080538265,nan,1.0606621118916029,nan,1.00169794839608,nan,1.0015414325907648,nan
n x r,3,-9.056483840956563,nan,-10.709111794935826,nan,-10.917637231486578,nan,1.166412019905018,nan,1.164676486866079,nan,1.0081422328760161,nan,1.0051611077301004,nan
p c k,3,-9.944167701316852,nan,-10.130040604708165,nan,-10.389353541656764,nan,1.1599540954769725,nan,1.1583264614665947,nan,1.008373905612272,nan,1.0052336196196454,nan
p c p,3,-10.13328150404475,nan,-10.335357315364721,nan,-10.60307195251139,nan,1.133956513856658,nan,1.1329127498826703,nan,1.0059555259266615,nan,1.0039424640353976,nan
p c s,3,-9.981789693106435,nan,-10.658120846910407,nan,-10.858145783716202,nan,1.1418162478348928,nan,1.140595965012694,nan,1.0041417411624534,nan,1.0029740973472117,nan
p O l,3,-12.188105026549882,nan,-11.831262908492707,nan,-12.119471642908401,nan,1.1076427462315046,nan,1.1070123855169978,nan,1.0020708705812267,nan,1.0017917095972815,nan
p O m,3,-12.469517485988067,nan,-inf,nan,-12.88988190060397,nan,1.092527873196438,nan,1.092236971805414,nan,1.001466275659824,nan,1.0014689207012195,nan
p O n,3,-12.229844632722648,nan,-10.93762773268411,nan,-11.519726826871585,nan,1.1251759989521817,nan,1.1241518654224352,nan,1.0026754655026293,nan,1.0021144984933434,nan
p O r,3,-12.028577989686244,nan,-inf,nan,-13.04485387705473,nan,1.1142932903669338,nan,1.1135135675500947,nan,1.001466275659824,nan,1.0014689207012195,nan
p O s,3,-12.203953218789906,nan,-10.487227985940075,nan,-11.184830013971252,nan,1.0997830122532701,nan,1.099329170386974,nan,1.0026754655026293,nan,1.0021144984933434,nan
p O t,3,-12.061278450997179,nan,-inf,nan,-12.594445047865541,nan,1.1197346446595577,nan,1.1188327164862648,nan,1.001466275659824,nan,1.0014689207012195,nan
p u k,3,-10.337392754530514,nan,-11.905869251864027,nan,-11.881008418434481,nan,1.1448025803254573,nan,1.14345122154337,nan,1.003048387687776,nan,1.0023647754998604,nan
p U m,3,-11.203851112656793,nan,-11.757129335028198,nan,-11.882953894624881,nan,1.1076793883479532,nan,1.1071122117286385,nan,1.0036529826091787,nan,1.0026875643959223,nan
p U n,3,-10.964178259391373,nan,-inf,nan,-12.710023398228715,nan,1.1403275141036968,nan,1.1390271053456598,nan,1.0024437927663734,nan,1.0020419866037984,nan
p U p,3,-11.089778656396945,nan,-11.681445256006572,nan,-11.794630353688943,nan,1.1070747934265506,nan,1.106521195180175,nan,1.0036529826091787,nan,1.0026875643959223,nan
p U s,3,-10.93828684545863,nan,-inf,nan,-12.662808657780165,nan,1.1149345274047853,nan,1.1142044103101987,nan,1.0024437927663734,nan,1.0020419866037984,nan
p u v,3,-11.56734104525971,nan,-11.67306378963808,nan,-11.862523603760378,nan,1.1024809358272711,nan,1.102080063150935,nan,1.0036529826091787,nan,1.0026875643959223,nan
r U n,3,-10.637311219349396,nan,-inf,nan,-13.16485381937729,nan,1.1398465136226963,nan,1.1385547387892119,nan,1.0004887585532747,nan,1.0008958547986408,nan
r W r,3,-10.338406106749078,nan,-11.70132081971963,nan,-11.78570620649528,nan,1.127986287930899,nan,1.126956748018599,nan,1.0035371462410507,nan,1.0026513084511497,nan
S c g,3,-11.711241532598219,nan,-13.067289053455632,nan,-13.179052237261509,nan,1.0869720146351576,nan,1.086842493453516,nan,1.001582112027952,nan,1.0015051766459921,nan
s c p,3,-9.981789693106435,nan,-10.237388266671452,nan,-10.496829213593871,nan,1.1421335220336664,nan,1.140942981342283,nan,1.0059555259266615,nan,1.0039424640353976,nan
s U g,3,-11.556264482639897,nan,-inf,nan,-13.154648589684605,nan,1.0995323336470897,nan,1.0991849963797404,nan,1.001813784764208,nan,1.0015776885355372,nan
S U g,3,-12.667738684950415,nan,-10.675707375814113,nan,-11.317308513063594,nan,1.06009029420505,nan,1.0604509387510206,nan,1.004746336083856,nan,1.0032968862432736,nan
s U k,3,-10.749173042730733,nan,-inf,nan,-12.041253661168316,nan,1.1412493832238733,nan,1.139965138223712,nan,1.0042321644498187,nan,1.002868844119785,nan
s U m,3,-11.052359301718479,nan,-inf,nan,-13.809632681752307,nan,1.1158563965249615,nan,1.115142443188251,nan,1.0012091898428053,nan,1.0012548996394752,nan
s U n,3,-10.812686448453059,nan,-inf,nan,-14.63670218535614,nan,1.148504522280705,nan,1.1470573368052723,nan,1,1,1.0006093218473513,1.0
s U p,3,-10.93828684545863,nan,-inf,nan,-13.721309140816368,nan,1.1152518016035589,nan,1.1145514266397876,nan,1.0012091898428053,nan,1.0012548996394752,nan
s U s,3,-10.786795034520317,nan,-inf,nan,-14.58948744490759,nan,1.1231115355817936,nan,1.1222346417698112,nan,1,1,1.0006093218473513,1.0
S u T,3,-13.09221628166818,nan,-13.254930222299514,nan,-13.342013832526318,nan,1.0579148162913812,nan,1.058373872915634,nan,1.001582112027952,nan,1.0015051766459921,nan
s W l,3,-10.673308372716377,nan,-11.98793607817302,nan,-12.006749937893174,nan,1.1299937524534787,nan,1.1289581640015625,nan,1.0027913018707573,nan,1.002150754438116,nan
s W t,3,-10.546481797163674,nan,-11.597506139629443,nan,-11.63442548246311,nan,1.1420856508815318,nan,1.1407784949708295,nan,1.0021867069493546,nan,1.001827965542054,nan
S x r,3,-10.142066629334337,nan,-11.004742916445522,nan,-11.33687889459736,nan,1.154387007880006,nan,1.1528673229548838,nan,1.0056984401096427,nan,1.0037284429736533,nan
T c g,3,-12.356986474263579,nan,-12.582474478602906,nan,-13.014686306729793,nan,1.07927600693915,nan,1.079284628550351,nan,1.001582112027952,nan,1.0015051766459921,nan
T i D,3,-12.649948300102473,nan,-13.61126849274633,nan,-14.089274793626494,nan,1.0683932983539022,nan,1.0686463306780105,nan,1.0010933534746773,nan,1.0012186436947028,nan
t O n,3,-11.935678053991607,nan,-10.69198115077591,nan,-11.346916377015395,nan,1.1266190003951833,nan,1.1255689650917786,nan,1.0026754655026293,nan,1.0021144984933434,nan
t U n,3,-10.67001168066033,nan,-inf,nan,-13.502293844416114,nan,1.1417705155466984,nan,1.1404442050150032,nan,1.001466275659824,nan,1.0014689207012195,nan
T W C,3,-13.577458382631175,nan,-13.434064004617523,nan,-13.522633195150428,nan,1.0453708201884666,nan,1.0460232154649496,nan,1.0010933534746773,nan,1.0012186436947028,nan
T W D,3,-13.915912780456377,nan,-14.13706348162048,nan,-14.280919677881336,nan,1.0405340608172453,nan,1.0412950830772427,nan,1.00169794839608,nan,1.0015414325907648,nan
T W T,3,-14.203594852908159,nan,-13.808559414648444,nan,-13.816306897270477,nan,1.037511086210232,nan,1.038340000334926,nan,1.0010933534746773,nan,1.0012186436947028,nan
T W z,3,-12.869568920334025,nan,-12.48372539031114,nan,-12.558333244089912,nan,1.0707638068873784,nan,1.0708459105004107,nan,1.00169794839608,nan,1.0015414325907648,nan
v e r,3,-10.667393487705311,nan,-12.049113641859137,nan,-12.163248115562663,nan,1.1168224219283234,nan,1.1159864654055869,nan,1.0077438976101065,nan,1.0047693215513847,nan
w U S,3,-12.717218742213783,nan,-9.18009514585493,nan,-9.883024522119117,nan,1.0747139883934362,nan,1.0748503017820283,nan,1.00621261174368,nan,1.0041564850971418,nan
w U T,3,-13.362963683879144,nan,-inf,nan,-11.777649522795945,nan,1.069272634100812,nan,1.069531152845858,nan,1.0043988269794721,nan,1.003188118408956,nan
w W D,3,-12.97764314186345,nan,-13.677204301446519,nan,-13.561165074406716,nan,1.0713180916012761,nan,1.0715265426899023,nan,1.00169794839608,nan,1.0015414325907648,nan
w x r,3,-9.849541932406769,nan,-9.980026453745298,nan,-10.298607680763768,nan,1.1774750309680293,nan,1.1755409176643785,nan,1.0091197499825655,nan,1.005734173632679,nan
y c f,3,-11.994047664454204,nan,-12.098115428025078,nan,-12.44232839127516,nan,1.08709560907556,nan,1.0869611434455315,nan,1.003280060424032,nan,1.0024372873894054,nan
y c g,3,-12.141277901436888,nan,-12.259186550696912,nan,-12.625650448402698,nan,1.0864910141541573,nan,1.0863701268970682,nan,1.0020708705812267,nan,1.0017917095972815,nan
y c S,3,-12.483282655627827,nan,-13.348938531702622,nan,-13.291882315789046,nan,1.0780266852545202,nan,1.0780958952185813,nan,1.0020708705812267,nan,1.0017917095972815,nan
y e C,3,-12.32303566271744,nan,-14.149490223798571,nan,-13.947190670459143,nan,1.0765349965139333,nan,1.0766211898193443,nan,1.0004887585532747,nan,1.0008958547986408,nan
y e D,3,-12.661490060542647,nan,-inf,nan,-15.80408944185816,nan,1.071698237142712,nan,1.0718930574316374,nan,1.0004887585532747,nan,1.0008958547986408,nan
y e J,3,-12.634091086354532,nan,-13.963597943115488,nan,-13.95607961787639,nan,1.068070667614296,nan,1.0683469581408573,nan,1.0010933534746773,nan,1.0012186436947028,nan
y e S,3,-12.303427191329066,nan,-12.681496135614179,nan,-12.751704480010527,nan,1.0741166168283227,nan,1.074257123625491,nan,1.0004887585532747,nan,1.0008958547986408,nan
y i D,3,-12.434239727275784,nan,-14.386592853508445,nan,-14.393386115859343,nan,1.0756083055689094,nan,1.0757318290247277,nan,1.0010933534746773,nan,1.0012186436947028,nan
y i J,3,-12.40684075308767,nan,-15.28946056505046,nan,-14.84796138487162,nan,1.0719807360404934,nan,1.0721857297339477,nan,1.0004887585532747,nan,1.0008958547986408,nan
y i S,3,-12.076176858062203,nan,-14.16150943737641,nan,-13.931268319457539,nan,1.0780266852545202,nan,1.0780958952185813,nan,1.0010933534746773,nan,1.0012186436947028,nan
y U g,3,-13.097775053789084,nan,-10.83268576909898,nan,-11.521592425902298,nan,1.0596092937240498,nan,1.059978572194573,nan,1.0027913018707573,nan,1.002150754438116,nan
y u g,3,-12.53450295465055,nan,-10.415128615225788,nan,-11.04259929114179,nan,1.0713394990026421,nan,1.0714948869738437,nan,1.006096775375552,nan,1.0041202291523692,nan
y U T,3,-14.085524749645383,nan,-inf,nan,-13.137987685124624,nan,1.0457036105317885,nan,1.0463851915799156,nan,1.0009775171065494,nan,1.0011823877499302,nan
y U z,3,-12.75149881707125,nan,-11.775116920389447,nan,-11.88001403194406,nan,1.078956331208935,nan,1.0788911017454004,nan,1.0009775171065494,nan,1.0011823877499302,nan
y x D,3,-12.217015298800767,nan,-13.21752292086357,nan,-13.364450459388586,nan,1.1049338187653903,nan,1.1045226159729042,nan,1.0039100684261975,nan,1.0029015854576666,nan
z e C,3,-11.20471830297,nan,-13.528316542863715,nan,-13.555555807333025,nan,1.0789399989189357,nan,1.0789830226015833,nan,1.001466275659824,nan,1.0014689207012195,nan
z e D,3,-11.543172700795203,nan,-inf,nan,-15.412454578732042,nan,1.0741032395477144,nan,1.0742548902138764,nan,1.001466275659824,nan,1.0014689207012195,nan
z e S,3,-11.185109831581624,nan,-12.060322454679323,nan,-12.360069616884408,nan,1.0765216192333251,nan,1.07661895640773,nan,1.001466275659824,nan,1.0014689207012195,nan
z i C,3,-10.977467969703136,nan,-11.963807406902523,nan,-12.300856729810791,nan,1.0828500673451331,nan,1.0828217941946736,nan,1.004862172451984,nan,1.0033331421880463,nan
z i D,3,-11.31592236752834,nan,-13.072271992013643,nan,-13.39561544916291,nan,1.0780133079739118,nan,1.0780936618069668,nan,1.003048387687776,nan,1.0023647754998604,nan
z i T,3,-11.60360443998012,nan,-11.645155636373499,nan,-12.189065323822675,nan,1.0749903333668984,nan,1.07513857906465,nan,1.0036529826091787,nan,1.0026875643959223,nan
z u f,3,-11.268955357920424,nan,-14.014910446292978,nan,-13.811681338710342,nan,1.0743490963290472,nan,1.074447736304546,nan,1.0010933534746773,nan,1.0012186436947028,nan
z u g,3,-11.416185594903109,nan,-13.482834388404868,nan,-13.484177772071888,nan,1.0737445014076445,nan,1.0738567197560827,nan,1.00169794839608,nan,1.0015414325907648,nan
z u T,3,-12.403935290759408,nan,-14.246022167256367,nan,-14.070953614113057,nan,1.0598388182153833,nan,1.0602633391414253,nan,1.0010933534746773,nan,1.0012186436947028,nan
