word,word_len,uni_prob,uni_prob_freq_weighted,bi_prob,bi_prob_freq_weighted,bi_prob_smoothed,bi_prob_freq_weighted_smoothed,pos_uni_score,pos_uni_score_freq_weighted,pos_uni_score_smoothed,pos_uni_score_freq_weighted_smoothed,pos_bi_score,pos_bi_score_freq_weighted,pos_bi_score_smoothed,pos_bi_score_freq_weighted_smoothed
f u T,3,-12.868633302725371,nan,-14.27691249028947,nan,-14.321167309901131,nan,1.0536667834571392,nan,1.0537303960545326,nan,1.0007930156697762,nan,1.0008428991099125,nan
g i T,3,-12.277072700658039,nan,-12.77108627758472,nan,-12.861524895879242,nan,1.0699389489971596,nan,1.069963655684595,nan,1.0018662479930085,nan,1.0018264677282878,nan
z i T,3,-12.188125214641541,nan,-13.302860848268038,nan,-13.378652068019942,nan,1.0735918020013162,nan,1.0736077873759746,nan,1.0012349348616953,nan,1.001247897952773,nan
y c g,3,-11.029614929972059,nan,-13.682638440300835,nan,-13.666881681640566,nan,1.0796929640373332,nan,1.0796916813493505,nan,1.000718071052578,nan,1.0007751717051034,nan
l X z,3,-11.337718272709278,nan,-13.243004196292645,nan,-13.21579186209851,nan,1.0752661044073646,nan,1.0752754321282814,nan,1.0009942229132371,nan,1.0010263404698245,nan
J Y p,3,-13.282918690329465,nan,-inf,nan,-15.806089309752588,nan,1.0457386051714461,nan,1.0458187265730983,nan,1.0013413816230718,nan,1.0013419464969353,nan
C x z,3,-11.75649846823655,nan,-12.824157882877152,nan,-12.90008824771488,nan,1.0865155891146212,nan,1.0864978148092925,nan,1.0023711714732844,nan,1.0022841088498546,nan
C e J,3,-14.285238111617042,nan,-13.277045906869112,nan,-13.437569950228143,nan,1.0451550521554926,nan,1.0452391699435022,nan,1.001096858931366,nan,1.0011223135704124,nan
z i S,3,-11.969643676433144,nan,-13.772656814757342,nan,-13.814673930876449,nan,1.0756709435170775,nan,1.0756816434102268,nan,1.0011007966993883,nan,1.0011256037128318,nan
z u v,3,-11.668757954194923,nan,-16.95669878310102,nan,-16.316325784847972,nan,1.0699728661640706,nan,1.0699966037869528,nan,1.0008008912058208,nan,1.0008494793947507,nan
D Y p,3,-11.25631963002401,nan,-15.041024495366234,nan,-14.688741110027008,nan,1.068915327680578,nan,1.0689401138563353,nan,1.0013413816230718,nan,1.0013419464969353,nan
s X k,3,-10.804027409055665,nan,-12.949209166359305,nan,-12.940509903336027,nan,1.0947194918183654,nan,1.0946804762578073,nan,1.0008443336788406,nan,1.0008908856602063,nan
b X s,3,-11.108970365904046,nan,-12.151848329037053,nan,-12.180831091478874,nan,1.0788025855015968,nan,1.078800410703586,nan,1.0016412871166391,nan,1.001618070815016,nan
T x z,3,-11.82665345490368,nan,-14.014065167187002,nan,-14.02808984103987,nan,1.0851930044062195,nan,1.0851783878175862,nan,1.0018661209682338,nan,1.0018212530294428,nan
S c G,3,-12.861874579593959,nan,-15.106419640787816,nan,-15.055779433333548,nan,1.0458089275684466,nan,1.045890462574545,nan,1.000528677113184,nan,1.000601600772449,nan
J e J,3,-14.654771210499144,nan,-15.102719221166993,nan,-15.2033348219121,nan,1.0428247838597375,nan,1.042914465243829,nan,1.0006549397394466,nan,1.0007173147275519,nan
D x z,3,-10.099432506813196,nan,-9.861533327787463,nan,-9.902185079978114,nan,1.107362043327998,nan,1.1072944973928562,nan,1.011398949251062,nan,1.010557656639718,nan
S Y p,3,-12.765059039906093,nan,-13.72818680883513,nan,-13.707559171510228,nan,1.0481948339156204,nan,1.0482690909862675,nan,1.0015307755624658,nan,1.0015155174295898,nan
n W C,3,-12.704835466117256,nan,-12.746266172872794,nan,-12.755910292443334,nan,1.0709720956838502,nan,1.0709944185902605,nan,1.002473934516188,nan,1.0023852966492877,nan
l W C,3,-13.069074179387062,nan,-13.960084504462507,nan,-13.944029542171892,nan,1.0548491582861932,nan,1.0549099752627913,nan,1.0005168638091173,nan,1.0005917303451914,nan
S c d,3,-11.800041542429145,nan,-15.893520799434906,nan,-15.781474357125271,nan,1.0694843132156633,nan,1.0695056619323189,nan,1.0004616080320305,nan,1.0005404536524785,nan
g i J,3,-12.57645081287301,nan,-14.142106777593536,nan,-14.188888489030786,nan,1.0687987746175485,nan,1.0688263797948439,nan,1.0013967644249335,nan,1.0013984378884933,nan
C u T,3,-13.903850649784072,nan,-13.573104077895435,nan,-13.696196340921581,nan,1.0474947214845987,nan,1.0475730700932357,nan,1.0009192782960388,nan,1.0009586130650154,nan
D i g,3,-10.549851752567555,nan,-12.956304792847362,nan,-12.963017249536675,nan,1.0961720498316665,nan,1.0961313242775954,nan,1.0025920675568565,nan,1.0024840009218625,nan
w u T,3,-12.433145399317892,nan,-15.145808496316738,nan,-15.02588630857932,nan,1.0694118395095387,nan,1.0694378602415142,nan,1.0008561469829074,nan,1.0009007560874639,nan
T c T,3,-13.973116352266317,nan,-16.53731097695003,nan,-16.37508655213966,nan,1.0386595105135707,nan,1.0387589964205872,nan,1.0003866634148324,nan,1.0004727262476694,nan
g u T,3,-12.556939616664557,nan,-16.11060978939471,nan,-15.810403396754559,nan,1.0602167267749374,nan,1.060264701156317,nan,1.0006667530435136,nan,1.0007271851548094,nan
f X s,3,-11.589505447202123,nan,-13.238613942895826,nan,-13.235703677492365,nan,1.0698593936638339,nan,1.0698785710453804,nan,1.001388761864114,nan,1.00138664290481,nan
J Y m,3,-12.881733349988162,nan,-inf,nan,-15.332010514317712,nan,1.057006210805249,nan,1.0570576883071097,nan,1.0017437961099933,nan,1.001708829216759,nan
n X z,3,-10.97347955943947,nan,-13.789396976196063,nan,-13.704574450270728,nan,1.0913890418050216,nan,1.0913598754557505,nan,1.0008679602869746,nan,1.0009106265147214,nan
m X n,3,-10.617127040136772,nan,-13.213704682390905,nan,-13.166932692097264,nan,1.0995957663019804,nan,1.0995424849449722,nan,1.001388761864114,nan,1.00138664290481,nan
C u S,3,-13.685369111575675,nan,-13.7712183132794,nan,-13.870853439643678,nan,1.04957386300036,nan,1.049646926127488,nan,1.0011875546206532,nan,1.001203201544898,nan
S e J,3,-14.136911560075772,nan,-13.68567375685787,nan,-13.82612274119638,nan,1.0452810126039118,nan,1.0453648296569982,nan,1.0010337276182346,nan,1.001064456592861,nan
T x S,3,-13.114185422498423,nan,-15.261537686363038,nan,-15.305185091617105,nan,1.0688952176858977,nan,1.06892203245232,nan,1.0009942229132371,nan,1.0010263404698245,nan
v e D,3,-11.529559861525577,nan,-13.880754704109687,nan,-13.877370315777753,nan,1.0767217627435794,nan,1.0767266460380618,nan,1.0012309970936732,nan,1.0012446078103536,nan
C x S,3,-13.044030435831292,nan,-14.071630402053188,nan,-14.177183498292115,nan,1.0702178023942994,nan,1.0702414594440264,nan,1.0014992734182877,nan,1.0014891962902364,nan
n c T,3,-11.608812844620509,nan,-14.145285101794366,nan,-13.976337658906868,nan,1.0874691842760094,nan,1.0874521354002302,nan,1.0021543401825093,nan,1.0020927216191113,nan
s X p,3,-11.233697096163418,nan,-12.733909019071866,nan,-12.737331481773088,nan,1.080299639370344,nan,1.0802972811815428,nan,1.0007772645976871,nan,1.0008297385402358,nan
D i D,3,-10.239696824263715,nan,-13.12328397394883,nan,-13.122151493949096,nan,1.1019399908108751,nan,1.1018846023081013,nan,1.0021896530699348,nan,1.0021171182020387,nan
S c g,3,-12.337568794271274,nan,-14.949486229906167,nan,-14.888921491506096,nan,1.0582167075818605,nan,1.0582667001983075,nan,1.000528677113184,nan,1.000601600772449,nan
C i S,3,-13.405502195569156,nan,-14.289977137568266,nan,-14.374465614818067,nan,1.0592960852225821,nan,1.0593458806557658,nan,1.0009745340731258,nan,1.0010098897577286,nan
g i D,3,-10.549851752567553,nan,-12.214292544556287,nan,-12.243278055248208,nan,1.093815541887837,nan,1.093779550787619,nan,1.0030734914537731,nan,1.0029271158877595,nan
T c S,3,-13.754634814057919,nan,-14.538200634997773,nan,-14.603833501806442,nan,1.040738652029332,nan,1.0408328524548394,nan,1.0005878706582931,nan,1.0006561676075814,nan
z u T,3,-12.46799213064806,nan,-16.716492332231752,nan,-16.126859873433112,nan,1.063869579779094,nan,1.0639088328476967,nan,1.0006667530435136,nan,1.0007271851548094,nan
S Y m,3,-12.36387369956479,nan,-13.254208708726141,nan,-13.233480376075352,nan,1.0594624395494232,nan,1.059508052720279,nan,1.0019331900493873,nan,1.0018824001494135,nan
D x v,3,-10.8062118361632,nan,-9.686471858059006,nan,-9.750972446261526,nan,1.0950884014768916,nan,1.095052056932594,nan,1.0128073999552873,nan,1.0118417461591018,nan
t W C,3,-12.357220295882932,nan,-13.385187171663741,nan,-13.382283052508827,nan,1.088417617789909,nan,1.0883982889094361,nan,1.0008325203747739,nan,1.000881015232949,nan
g Y b,3,-11.441747828068475,nan,-15.493654511564252,nan,-15.243748413081052,nan,1.0666929578990558,nan,1.0667221375298588,nan,1.0004694835680752,nan,1.0005470339373168,nan
r c S,3,-11.577309767937717,nan,-12.499555006809556,nan,-12.556782361147398,nan,1.0804791735055885,nan,1.080478492062781,nan,1.0015348403552629,nan,1.001524022270854,nan
d X s,3,-10.740284509299178,nan,-11.686648832357273,nan,-11.71761178540302,nan,1.0910837292224684,nan,1.0910522327694319,nan,1.0020832063085583,nan,1.0020230696578765,nan
S c z,3,-12.248621308254778,nan,-14.973895194785094,nan,-14.908198014171745,nan,1.0584849839064747,nan,1.0585342945253078,nan,1.0006628152754913,nan,1.0007238950123902,nan
y c d,3,-10.492087678129929,nan,-14.626673009829572,nan,-14.55943454725974,nan,1.090960569671136,nan,1.0909306430833619,nan,1.0006510019714245,nan,1.000714024585133,nan
J u S,3,-14.054902210457776,nan,-13.920963973874349,nan,-14.053991656344191,nan,1.0472435947046048,nan,1.0473222214278146,nan,1.0010612919943906,nan,1.001087487589795,nan
h u S,3,-12.49037962613493,nan,-13.478652221693368,nan,-13.529868510316689,nan,1.063051630981214,nan,1.0630925154715443,nan,1.001945130378229,nan,1.0018974852755158,nan
g u S,3,-12.338458078456158,nan,-16.308724024778677,nan,-15.985060495476656,nan,1.0622958682906987,nan,1.0623385571905692,nan,1.000935029368128,nan,1.000971773634692,nan
y X z,3,-11.811347664577665,nan,-11.748226195756843,nan,-11.78760384193319,nan,1.0655041696548768,nan,1.0655368043323528,nan,1.0030775562465704,nan,1.0029356207290236,nan
C e g,3,-12.568793979615425,nan,-12.643315983052883,nan,-12.731542153151594,nan,1.0644038784465726,nan,1.0644390629057714,nan,1.001767549742902,nan,1.0017337847701189,nan
z i J,3,-12.487503326856514,nan,-14.673881348276854,nan,-14.706015661171488,nan,1.072451627621705,nan,1.0724705114862234,nan,1.0007654512936204,nan,1.0008198681129785,nan
m u S,3,-11.893158073136966,nan,-12.877025901505652,nan,-12.93286050414073,nan,1.076025557168391,nan,1.0760354659616171,nan,1.0020713930044916,nan,1.002013199230619,nan
D Y m,3,-10.855134289682706,nan,-14.567046395257245,nan,-14.214662314592132,nan,1.0801829333143809,nan,1.0801790755903466,nan,1.0017437961099933,nan,1.001708829216759,nan
J e g,3,-12.938327078497526,nan,-14.468989297350765,nan,-14.49730702483555,nan,1.0620736101508175,nan,1.0621143582060981,nan,1.0013256305509826,nan,1.0013287859272584,nan
f u v,3,-12.069399126272234,nan,-14.517118941158742,nan,-14.510633221315992,nan,1.0597700698421157,nan,1.0598181669937887,nan,1.0009271538320834,nan,1.0009651933498538,nan
v X n,3,-11.680258888789474,nan,-11.314318386950632,nan,-11.375329794984035,nan,1.0796940154517476,nan,1.0796882502126275,nan,1.0021463376216897,nan,1.0020809266354278,nan
g i C,3,-12.206917713990908,nan,-13.155968375569731,nan,-13.232127108526756,nan,1.070676708889849,nan,1.0706995400838457,nan,1.0018662479930085,nan,1.0018264677282878,nan
C i D,3,-11.89676278568707,nan,-13.263387438050529,nan,-13.320196911330529,nan,1.0810935365974983,nan,1.0810879197245375,nan,1.0023159156961974,nan,1.0022328321571417,nan
C Y z,3,-12.868552770408757,nan,-15.537115209143462,nan,-15.430160085692604,nan,1.050215084064116,nan,1.0502841858887737,nan,1.0003866634148324,nan,1.0004727262476694,nan
d c T,3,-12.018523080637543,nan,-14.746604803930465,nan,-14.576196198746047,nan,1.0673784927531476,nan,1.0674094110976418,nan,1.0012073704855395,nan,1.0012248669558388,nan
y X v,3,-12.51812699392767,nan,-13.09598186887232,nan,-13.095948590024651,nan,1.0532305278037704,nan,1.0532943638720906,nan,1.0025410035973417,nan,1.0024464437692584,nan
z i g,3,-10.771059194854896,nan,-12.579087934138135,nan,-12.601270982976489,nan,1.091700453912785,nan,1.0916704044484926,nan,1.0028445928093817,nan,1.0027154288320685,nan
S e g,3,-12.420467428074154,nan,-13.051943833041642,nan,-13.120094944119831,nan,1.0645298388949918,nan,1.0645647226192674,nan,1.0017044184297705,nan,1.0016759277925675,nan
C e D,3,-12.258639051311587,nan,-13.464296535122713,nan,-13.517333836855126,nan,1.0701718194257812,nan,1.0701923409362772,nan,1.0012309970936732,nan,1.0012446078103536,nan
n W T,3,-12.774990452784383,nan,-11.775134689304553,nan,-11.86205993603127,nan,1.0702343357911608,nan,1.0702585341910098,nan,1.002473934516188,nan,1.0023852966492877,nan
T x J,3,-13.632045072921793,nan,-16.53185968381984,nan,-16.54304939438686,nan,1.0656759017905253,nan,1.0657109005283167,nan,1.0003906011828547,nan,1.0004760163900885,nan
T c g,3,-12.556050332479671,nan,-14.38328057827912,nan,-14.40715568310241,nan,1.0567681624250396,nan,1.0568216134931052,nan,1.0006549397394466,nan,1.0007173147275519,nan
n c G,3,-10.716052610156547,nan,-12.148188114005105,nan,-12.175264731697073,nan,1.0931700561740643,nan,1.0931385148489858,nan,1.0024226165071235,nan,1.0023373100989939,nan
s X n,3,-10.330574273282142,nan,-12.310020165254281,nan,-12.313935507875147,nan,1.1116879693502233,nan,1.111605817440574,nan,1.0015150244903765,nan,1.0015023568599128,nan
s X d,3,-10.740284509299178,nan,-12.643570975454033,nan,-12.644934668788341,nan,1.0934451792764472,nan,1.093409403204556,nan,1.001112610003455,nan,1.001135474140089,nan
J e D,3,-12.628172150193688,nan,-15.289969849420594,nan,-15.283098708539082,nan,1.067841551130026,nan,1.067867636236604,nan,1.0007890779017539,nan,1.0008396089674931,nan
b c T,3,-12.38720893724241,nan,-14.645103136817193,nan,-14.483117845190078,nan,1.0550973490322757,nan,1.055157589031796,nan,1.001270501798671,nan,1.0012827239333904,nan
y x z,3,-10.300218052396065,nan,-12.014140045078456,nan,-12.042600076718044,nan,1.108117806018513,nan,1.1080484556738315,nan,1.002497434099547,nan,1.0023998228049578,nan
y c T,3,-12.446680949758703,nan,-15.836668838971741,nan,-15.634812550677815,nan,1.0615843121258643,nan,1.0616290642768325,nan,1.0004497947279638,nan,1.000530583225221,nan
k X n,3,-10.588642693370325,nan,-12.6738582308706,nan,-12.667805400886271,nan,1.0989659640598846,nan,1.098914186377493,nan,1.001388761864114,nan,1.00138664290481,nan
D i C,3,-11.89676278568707,nan,-14.064959804962275,nan,-14.111000547227643,nan,1.078801157812887,nan,1.078804591604328,nan,1.0009824096091702,nan,1.001016470042567,nan
D x S,3,-11.38696447440794,nan,-11.109005846963498,nan,-11.179280330555349,nan,1.0910642566076763,nan,1.09103814202759,nan,1.0105270511960653,nan,1.0097627440800998,nan
C x J,3,-13.561890086254664,nan,-15.341952399509989,nan,-15.415047801061869,nan,1.066998486498927,nan,1.067030327520023,nan,1.0008956516879053,nan,1.0009388722105004,nan
z u S,3,-12.249510592439663,nan,-16.914606567615717,nan,-16.30151697215521,nan,1.0659487212948553,nan,1.0659826888819488,nan,1.000935029368128,nan,1.000971773634692,nan
n c d,3,-9.654219572991734,nan,-12.935289272652195,nan,-12.900959655488792,nan,1.116845441821281,nan,1.1167537142067596,nan,1.00235554742597,nan,1.0022761629790233,nan
y x J,3,-12.105609670414179,nan,-14.531934561711292,nan,-14.557559630065033,nan,1.088600703402819,nan,1.088580968384562,nan,1.0010219143141679,nan,1.0010545861656035,nan
p u S,3,-12.29434341347827,nan,-13.430677859683852,nan,-13.482618711422724,nan,1.0640593145685675,nan,1.064097793179511,nan,1.0014400798731784,nan,1.001434629455104,nan
y X p,3,-11.856180485616273,nan,-11.958179517922181,nan,-11.990795123910454,nan,1.063357959057962,nan,1.0633960497163506,nan,1.0026080726784952,nan,1.0025075908892291,nan
D Y v,3,-11.918266138335404,nan,-16.66982862240188,nan,-16.281597782486344,nan,1.0587878964263864,nan,1.0588384280120753,nan,1.0002012072434607,nan,1.000302445457434,nan
s X t,3,-9.982959103047822,nan,-12.228895033242459,nan,-12.23287695616423,nan,1.1312050719659175,nan,1.1310733047298436,nan,1.001447955409223,nan,1.0014412097399423,nan
y c G,3,-11.55392071529474,nan,-13.839571851182484,nan,-13.83373962346802,nan,1.0672851840239193,nan,1.067315443725588,nan,1.000718071052578,nan,1.0007751717051034,nan
z i C,3,-12.117970227974412,nan,-13.687742946253046,nan,-13.749254280667458,nan,1.0743295618940056,nan,1.0743436717752253,nan,1.0012349348616953,nan,1.001247897952773,nan
S Y v,3,-13.42700554821749,nan,-15.356990935870778,nan,-15.300415843969562,nan,1.0380674026614287,nan,1.0381674051420076,nan,1.0003906011828547,nan,1.0004760163900885,nan
D i S,3,-11.7484362341458,nan,-14.149873673466567,nan,-14.176420197436634,nan,1.080142539435959,nan,1.0801425632393296,nan,1.0008482714468632,nan,1.0008941758026257,nan
S c S,3,-13.536153275849522,nan,-15.10440628662482,nan,-15.085599310210128,nan,1.042187197186153,nan,1.0422779391600416,nan,1.0004616080320305,nan,1.0005404536524785,nan
f X t,3,-11.026505561282459,nan,-13.007813776805762,nan,-13.003682049832666,nan,1.098833236722184,nan,1.0987787583614093,nan,1.0013216927829605,nan,1.0013254957848394,nan
g i S,3,-12.05859116244964,nan,-13.240882244074024,nan,-13.297546758735745,nan,1.0720180905129209,nan,1.0720375117188472,nan,1.0017321098307015,nan,1.0017041734883465,nan
C u v,3,-13.104616473330935,nan,-13.813310528764706,nan,-13.885662252336441,nan,1.0535980078695752,nan,1.053660841032492,nan,1.001053416458346,nan,1.0010809073049567,nan
t X t,3,-9.41995921712816,nan,-10.62384634502055,nan,-10.655991017466008,nan,1.1575937859097392,nan,1.1573990147072248,nan,1.0032156321769,nan,1.0030612051113843,nan
S X z,3,-13.11930152887688,nan,-12.83275242856822,nan,-12.895317239010248,nan,1.044027913199404,nan,1.0441118231813098,nan,1.0011204855394997,nan,1.0011420544249274,nan
S x J,3,-13.413563534713395,nan,-15.55365989328364,nan,-15.61034996470396,nan,1.0671244469473462,nan,1.067155987233519,nan,1.0005799951222487,nan,1.000649587322743,nan
S u T,3,-13.755524098242802,nan,-13.701429962730035,nan,-13.811455796890137,nan,1.0476206819330178,nan,1.0476987298067317,nan,1.0010455409223014,nan,1.0010743270201183,nan
s X l,3,-10.69481298655195,nan,-12.70119934526752,nan,-12.698852678135266,nan,1.0956584589545155,nan,1.0956170564023082,nan,1.0011796790846086,nan,1.0011966212600596,nan
g u v,3,-11.757705440211419,nan,-16.35081624026398,nan,-15.99986930816942,nan,1.066320013159914,nan,1.0663524720955733,nan,1.0008008912058208,nan,1.0008494793947507,nan
w u v,3,-11.633911222864754,nan,-15.386014947186009,nan,-15.21535221999418,nan,1.0755151258945153,nan,1.0755256311807704,nan,1.0009902851452146,nan,1.0010230503274051,nan
C Y b,3,-12.78865886118799,nan,-14.565586712499076,nan,-14.515835718367965,nan,1.053970952608717,nan,1.0540305064667774,nan,1.0007220088206004,nan,1.0007784618475226,nan
z u b,3,-10.882084715624153,nan,-16.282570608377338,nan,-15.633274922403029,nan,1.0860023765597782,nan,1.0859853648252187,nan,1.0018069274231247,nan,1.0017666861943104,nan
J Y z,3,-13.238085869290858,nan,-inf,nan,-17.510418287279,nan,1.047884815768361,nan,1.0479594811891004,nan,1.0001341381623072,nan,1.0002412983374636,nan
D x d,3,-9.650852740987563,nan,-10.200613428791717,nan,-10.23062614522512,nan,1.1183613726371866,nan,1.1182658647998673,nan,1.010862396601833,nan,1.010068479679953,nan
f u S,3,-12.650151764516973,nan,-14.475026725673436,nan,-14.495824408623228,nan,1.0557459249729004,nan,1.0558042520887847,nan,1.0010612919943906,nan,1.001087487589795,nan
S c T,3,-13.754634814057919,nan,-17.10351662857708,nan,-16.856852360543346,nan,1.0401080556703917,nan,1.0402040831257895,nan,1.0002604007885698,nan,1.0003570122925665,nan
l W T,3,-13.139229166054191,nan,-12.988953020894265,nan,-13.050179185759829,nan,1.0541113983935038,nan,1.0541740908635406,nan,1.0005168638091173,nan,1.0005917303451914,nan
D Y b,3,-11.131592899764637,nan,-15.852599604037524,nan,-15.478745720228778,nan,1.074817406822094,nan,1.0748271890503411,nan,1.0004694835680752,nan,1.0005470339373168,nan
S Y b,3,-12.64033230964672,nan,-14.53976191750642,nan,-14.497563781711998,nan,1.0540969130571363,nan,1.0541561661802734,nan,1.0006588775074692,nan,1.0007206048699713,nan
z i D,3,-10.460904266551058,nan,-12.746067115239601,nan,-12.76040522738891,nan,1.0974683948919937,nan,1.0974236824789985,nan,1.00244217832246,nan,1.0023485461122448,nan
s X m,3,-10.832511755822114,nan,-12.988169419334094,nan,-12.978422778985596,nan,1.0915672450041467,nan,1.0915362429155542,nan,1.0010455409223014,nan,1.0010743270201183,nan
h x s,3,-9.918603696638481,nan,-11.389165147069077,nan,-11.422227582552793,nan,1.1197787360357838,nan,1.1196784857696187,nan,1.0041189053512998,nan,1.003877224111511,nan
T X z,3,-13.337783067085278,nan,-13.683612796727818,nan,-13.699762333169469,nan,1.042579368042583,nan,1.0426667364761075,nan,1.0010573542263683,nan,1.0010841974473759,nan
y x S,3,-11.587750019990807,nan,-13.261612564254492,nan,-13.319695327295278,nan,1.0918200192981913,nan,1.0917921003085653,nan,1.0016255360445503,nan,1.0016049102453395,nan
g c T,3,-12.556050332479671,nan,-14.265672383081265,nan,-14.110867832044518,nan,1.052704100512311,nan,1.0527700544753749,nan,1.0022806028087718,nan,1.0022084355742142,nan
n W d,3,-10.82039718115561,nan,-11.980420758155526,nan,-11.990654736939131,nan,1.0996105933364324,nan,1.0995601129975392,nan,1.0027422108408024,nan,1.0026298851291704,nan
S u v,3,-12.956289921789665,nan,-13.941636413599305,nan,-14.000921708304997,nan,1.0537239683179944,nan,1.053786500745988,nan,1.0011796790846086,nan,1.0011966212600596,nan
k X m,3,-11.090580175910297,nan,-13.352007484950411,nan,-13.332292671996719,nan,1.078845239713808,nan,1.078844611852473,nan,1.0009192782960388,nan,1.0009586130650154,nan
D x g,3,-10.188379992829692,nan,-9.728134079200132,nan,-9.772375176671853,nan,1.1070937670033838,nan,1.107026903065856,nan,1.0128744690364408,nan,1.0119028932790726,nan
y c S,3,-12.228199411550303,nan,-13.837558497019488,nan,-13.8635595003446,nan,1.0636634536416256,nan,1.0637029203110846,nan,1.0006510019714245,nan,1.000714024585133,nan
C X z,3,-13.26762808041815,nan,-13.196903028831414,nan,-13.239590112420133,nan,1.0439019527509847,nan,1.0439861634678138,nan,1.0010573542263683,nan,1.0010841974473759,nan
D i T,3,-11.966917772354199,nan,-13.680077706977263,nan,-13.740398334580128,nan,1.0780633979201977,nan,1.0780687072050774,nan,1.0009824096091702,nan,1.001016470042567,nan
s X z,3,-11.18886427512481,nan,-12.523955696906526,nan,-12.534140199795825,nan,1.0824458499672587,nan,1.082438035797545,nan,1.0012467481657623,nan,1.0012577683800303,nan
S e D,3,-12.110312499770316,nan,-13.872924385111471,nan,-13.905886627823364,nan,1.0702977798742004,nan,1.0703180006497732,nan,1.0011678657805418,nan,1.0011867508328023,nan
d Y z,3,-10.984114485447112,nan,-13.616013969079411,nan,-13.567044251736794,nan,1.077611481595291,nan,1.077615173574122,nan,1.001081107859277,nan,1.0011091530007359,nan
b A p,3,-11.00747935888687,nan,-10.975089632094736,nan,-11.019449623434534,nan,1.0710755414189188,nan,1.0710951249184737,nan,1.0034325904924495,nan,1.0032578070409728,nan
b i l,3,-10.108166511044775,nan,-10.977523190968448,nan,-11.010352430549416,nan,1.1039217347404642,nan,1.1038604222452977,nan,1.0052317694043045,nan,1.0049041235517677,nan
b i s,3,-9.959312513460308,nan,-11.038958461546583,nan,-11.070626611090432,nan,1.110494504693516,nan,1.1104164832568042,nan,1.0052988384854582,nan,1.0049652706717385,nan
b X s,3,-11.108970365904046,nan,-12.151848329037053,nan,-12.180831091478874,nan,1.0788025855015968,nan,1.078800410703586,nan,1.0016412871166391,nan,1.001618070815016,nan
b Y s,3,-10.709895055894652,nan,-11.38112308832795,nan,-11.417115981111527,nan,1.085115716814728,nan,1.085098433124546,nan,1.0025882568136089,nan,1.0024859254782883,nan
b x l,3,-9.746694751306913,nan,-10.268553539004895,nan,-10.304083522394775,nan,1.1148434519121813,nan,1.1147560010335582,nan,1.0075475580757272,nan,1.0070127369125421,nan
C A l,3,-11.98434767763218,nan,-14.72024054596905,nan,-14.68979987987388,nan,1.071319107192787,nan,1.0713357345197367,nan,1.0009902851452146,nan,1.0010230503274051,nan
C i D,3,-11.89676278568707,nan,-13.263387438050529,nan,-13.320196911330529,nan,1.0810935365974983,nan,1.0810879197245375,nan,1.0023159156961974,nan,1.0022328321571417,nan
C i n,3,-11.259680226131746,nan,-12.735692590297958,nan,-12.789028802808788,nan,1.1048359913258685,nan,1.1047700176640611,nan,1.002852468345426,nan,1.0027220091169067,nan
C X J,3,-15.073019698436264,nan,-14.93948541185,nan,-14.959895538865341,nan,1.0243848501352906,nan,1.0245186761785443,nan,1.0003195943336787,nan,1.0004115791276986,nan
C X g,3,-13.356575566434646,nan,-14.442956609547258,nan,-14.43333622960034,nan,1.0436336764263705,nan,1.0437185691408135,nan,1.0003866634148324,nan,1.0004727262476694,nan
C X T,3,-14.773641586221292,nan,-15.903839827658222,nan,-15.64298061590668,nan,1.0255250245149017,nan,1.0256559520682955,nan,1.0002525252525252,nan,1.000350432007728,nan
C x J,3,-13.561890086254664,nan,-15.341952399509989,nan,-15.415047801061869,nan,1.066998486498927,nan,1.067030327520023,nan,1.0008956516879053,nan,1.0009388722105004,nan
C x n,3,-10.898208466393882,nan,-11.42079329907778,nan,-11.490887205657822,nan,1.1157577084975858,nan,1.1156655964523217,nan,1.0084073887771072,nan,1.0077873496472132,nan
C x S,3,-13.044030435831292,nan,-14.071630402053188,nan,-14.177183498292115,nan,1.0702178023942994,nan,1.0702414594440264,nan,1.0014992734182877,nan,1.0014891962902364,nan
C x C,3,-13.192356987372563,nan,-13.667486103362187,nan,-13.798615169194283,nan,1.0688764207712276,nan,1.0689034878090249,nan,1.0014992734182877,nan,1.0014891962902364,nan
d i k,3,-9.848695076943622,nan,-11.5304689021314,nan,-11.554055089206976,nan,1.1152639113251857,nan,1.1151756641666426,nan,1.0039967075178342,nan,1.003770014997672,nan
d i s,3,-9.590626656855441,nan,-11.624416860412875,nan,-11.644868399559632,nan,1.1227756484143876,nan,1.12266830532265,nan,1.0035942930309127,nan,1.003403132277848,nan
d i t,3,-9.027626770935779,nan,-10.927808946994062,nan,-10.948109252326699,nan,1.1517494914727378,nan,1.1515684926386789,nan,1.0052039509785988,nan,1.0048706631571436,nan
d E p,3,-11.00780486991191,nan,-14.821614196924841,nan,-14.71650547595536,nan,1.0761597154428209,nan,1.0761672014244252,nan,1.0005760573542264,nan,1.0006462971803238,nan
d X s,3,-10.740284509299178,nan,-11.686648832357273,nan,-11.71761178540302,nan,1.0910837292224684,nan,1.0910522327694319,nan,1.0020832063085583,nan,1.0020230696578765,nan
D i D,3,-10.239696824263715,nan,-13.12328397394883,nan,-13.122151493949096,nan,1.1019399908108751,nan,1.1018846023081013,nan,1.0021896530699348,nan,1.0021171182020387,nan
D i g,3,-10.549851752567555,nan,-12.956304792847362,nan,-12.963017249536675,nan,1.0961720498316665,nan,1.0961313242775954,nan,1.0025920675568565,nan,1.0024840009218625,nan
D i C,3,-11.89676278568707,nan,-14.064959804962275,nan,-14.111000547227643,nan,1.078801157812887,nan,1.078804591604328,nan,1.0009824096091702,nan,1.001016470042567,nan
d I J,3,-11.840149876815953,nan,-13.891146341663202,nan,-13.85852567640768,nan,1.0835994294846474,nan,1.0835916968655301,nan,1.0031565656565657,nan,1.0030118529750969,nan
d I D,3,-9.813550816510498,nan,-11.149873446056262,nan,-11.178946067544901,nan,1.108616196754936,nan,1.1085448678583052,nan,1.0046991545230983,nan,1.0044182367344217,nan
d Y p,3,-11.028947306485719,nan,-11.832910363763736,nan,-11.862715274210386,nan,1.0754652709983763,nan,1.0754744189581198,nan,1.0022883513200416,nan,1.0022098011602076,nan
d Y t,3,-9.778209313370123,nan,-11.268112445532687,nan,-11.290706933342197,nan,1.1263707035939499,nan,1.1262504425064206,nan,1.0031602493750382,nan,1.003004713719826,nan
d I T,3,-11.540771764600981,nan,-12.968431108439042,nan,-13.00116571250187,nan,1.0847396038642585,nan,1.0847289727552814,nan,1.003290703818873,nan,1.0031341472150381,nan
d I Z,3,-15.301971880294543,nan,-inf,nan,-16.693238495928536,nan,1.0799106300212,nan,1.0799122748692764,nan,1.0031565656565657,nan,1.0030118529750969,nan
f i k,3,-10.697916014846568,nan,-12.04134556814003,nan,-12.07796639510973,nan,1.094039575766551,nan,1.0940020024425912,nan,1.0032391317602585,nan,1.0030757312670542,nan
f i s,3,-10.439847594758385,nan,-12.135293526421506,nan,-12.168779705462386,nan,1.101551312855753,nan,1.1014946435985986,nan,1.002836717273337,nan,1.0027088485472302,nan
f X s,3,-11.589505447202123,nan,-13.238613942895826,nan,-13.235703677492365,nan,1.0698593936638339,nan,1.0698785710453804,nan,1.001388761864114,nan,1.00138664290481,nan
f X t,3,-11.026505561282459,nan,-13.007813776805762,nan,-13.003682049832666,nan,1.098833236722184,nan,1.0987787583614093,nan,1.0013216927829605,nan,1.0013254957848394,nan
f Y k,3,-11.44849855728091,nan,-11.532481704136794,nan,-11.575947802254095,nan,1.0686607878877632,nan,1.0686839523103329,nan,1.003377207690588,nan,1.0032013156494144,nan
f x l,3,-10.22722983260499,nan,-11.017531126578936,nan,-11.058535010179055,nan,1.1059002600744183,nan,1.1058341613753526,nan,1.0062849318131009,nan,1.0058555973615124,nan
g e s,3,-10.490030174322087,nan,-13.35498347171477,nan,-13.321375951044,nan,1.0971795390018342,nan,1.0971333699121228,nan,1.0022054041420239,nan,1.0021302787717152,nan
g W d,3,-11.767634669014775,nan,-16.431541379728756,nan,-15.775733085881441,nan,1.0648455095727343,nan,1.0648780320726838,nan,1.0004694835680752,nan,1.0005470339373168,nan
g W r,3,-11.544902894523348,nan,-18.584421528621508,nan,-17.577491262780015,nan,1.075308286232694,nan,1.0753142108256941,nan,1.0000670690811535,nan,1.0001801512174928,nan
g W z,3,-12.216214434840408,nan,-16.227368713153187,nan,-15.58555358763436,nan,1.0538461802635457,nan,1.0539066646656727,nan,1.0004024144869215,nan,1.000485886817346,nan
g i C,3,-12.206917713990908,nan,-13.155968375569731,nan,-13.232127108526756,nan,1.070676708889849,nan,1.0706995400838457,nan,1.0018662479930085,nan,1.0018264677282878,nan
g i J,3,-12.57645081287301,nan,-14.142106777593536,nan,-14.188888489030786,nan,1.0687987746175485,nan,1.0688263797948439,nan,1.0013967644249335,nan,1.0013984378884933,nan
g i D,3,-10.549851752567553,nan,-12.214292544556287,nan,-12.243278055248208,nan,1.093815541887837,nan,1.093779550787619,nan,1.0030734914537731,nan,1.0029271158877595,nan
g X g,3,-12.009664533315132,nan,-13.338102882567489,nan,-13.32533967047244,nan,1.0563556817167092,nan,1.0564102002038949,nan,1.0005760573542264,nan,1.0006462971803238,nan
g u v,3,-11.757705440211419,nan,-16.35081624026398,nan,-15.99986930816942,nan,1.066320013159914,nan,1.0663524720955733,nan,1.0008008912058208,nan,1.0008494793947507,nan
h e s,3,-10.641951722000858,nan,-12.037957735388497,nan,-12.062230704937551,nan,1.0979353016923494,nan,1.0978873281930979,nan,1.0032786364652562,nan,1.0031138473900907,nan
h e n,3,-10.426567006315516,nan,-12.313950516735936,nan,-12.331502354386048,nan,1.1073920421350054,nan,1.1073200282198572,nan,1.002809152897181,nan,1.0026858175502962,nan
h i n,3,-10.064690740691,nan,-10.31811235975324,nan,-10.35866997023928,nan,1.1183137593067225,nan,1.1182156070081175,nan,1.0076504481434059,nan,1.00711913941082,nan
h Y s,3,-11.030657998810685,nan,-11.750416583006393,nan,-11.78450580218495,nan,1.0834782309852786,nan,1.0834648568490999,nan,1.0024619941873463,nan,1.0023702115231854,nan
h x s,3,-9.918603696638481,nan,-11.389165147069077,nan,-11.422227582552793,nan,1.1197787360357838,nan,1.1196784857696187,nan,1.0041189053512998,nan,1.003877224111511,nan
J X T,3,-15.143174685103393,nan,-inf,nan,-18.26223531822576,nan,1.0231947562191466,nan,1.0233312473686222,nan,1,1,1.0001190040975223,1.0
J x n,3,-11.267741565275983,nan,-10.461455371137323,nan,-10.592872355061992,nan,1.1134274402018307,nan,1.1133408917526484,nan,1.0087230453427636,nan,1.0080766345349708,nan
k e d,3,-10.210571342568139,nan,-11.346855550675746,nan,-11.373602571314569,nan,1.1014933760063106,nan,1.1014382659064328,nan,1.0040717791598073,nan,1.0038429571013259,nan
k X m,3,-11.090580175910297,nan,-13.352007484950411,nan,-13.332292671996719,nan,1.078845239713808,nan,1.078844611852473,nan,1.0009192782960388,nan,1.0009586130650154,nan
l e l,3,-10.055885397317196,nan,-11.416059045950693,nan,-11.4392302933553,nan,1.1092489154148235,nan,1.1091749464980025,nan,1.0032431965530557,nan,1.0030842361083183,nan
m A b,3,-10.606294018545565,nan,-12.405590176860052,nan,-12.411824720192556,nan,1.0883140609181623,nan,1.0882915743271064,nan,1.002237160335752,nan,1.0021670293087586,nan
m e p,3,-10.732468276198826,nan,-12.030619570234007,nan,-12.055434176622894,nan,1.088977638342303,nan,1.0889544424508988,nan,1.0025882568136089,nan,1.0024859254782883,nan
m A v,3,-11.392967257116336,nan,-10.9163953259232,nan,-10.978231491960619,nan,1.0722845505224547,nan,1.0723028132888406,nan,1.0031761274719022,nan,1.0030230889883476,nan
m A z,3,-10.686187927766332,nan,-11.69071971993421,nan,-11.718895376897935,nan,1.0845581923735612,nan,1.0845452537491027,nan,1.002706643903827,nan,1.002595059148553,nan
m X n,3,-10.617127040136772,nan,-13.213704682390905,nan,-13.166932692097264,nan,1.0995957663019804,nan,1.0995424849449722,nan,1.001388761864114,nan,1.00138664290481,nan
m X s,3,-10.832511755822114,nan,-13.363379716469149,nan,-13.317895768046046,nan,1.0901390258593244,nan,1.0901097849182129,nan,1.001388761864114,nan,1.00138664290481,nan
m Y d,3,-10.627761966144416,nan,-10.500211733546383,nan,-10.54092642777129,nan,1.0876661075413356,nan,1.087644093129914,nan,1.0048964239985367,nan,1.0045983879519145,nan
m x b,3,-9.884393520577078,nan,-10.9822881902812,nan,-11.014995241023595,nan,1.1167231518272531,nan,1.1166326752214255,nan,1.0055669877852975,nan,1.005204644452776,nan
n e s,3,-9.542792686462922,nan,-12.134560413974906,nan,-12.139961471743918,nan,1.1319446227655323,nan,1.1318154508369782,nan,1.0025841920208118,nan,1.0024774206370242,nan
n e n,3,-9.327407970777582,nan,-12.410553195322345,nan,-12.409233121192417,nan,1.1414013632081883,nan,1.1412481508637375,nan,1.0021147084527366,nan,1.0020493907972297,nan
n c d,3,-9.654219572991734,nan,-12.935289272652195,nan,-12.900959655488792,nan,1.116845441821281,nan,1.1167537142067596,nan,1.00235554742597,nan,1.0022761629790233,nan
n W d,3,-10.82039718115561,nan,-11.980420758155526,nan,-11.990654736939131,nan,1.0996105933364324,nan,1.0995601129975392,nan,1.0027422108408024,nan,1.0026298851291704,nan
n c G,3,-10.716052610156547,nan,-12.148188114005105,nan,-12.175264731697073,nan,1.0931700561740643,nan,1.0931385148489858,nan,1.0024226165071235,nan,1.0023373100989939,nan
n i n,3,-8.965531705153065,nan,-10.922386085357124,nan,-10.940956747798042,nan,1.1523230803799054,nan,1.1521437296519978,nan,1.0045570137999715,nan,1.004284147510797,nan
p e k,3,-10.703983929432379,nan,-11.702685455357779,nan,-11.724907231929205,nan,1.091431248190501,nan,1.0913999647450572,nan,1.004387181675914,nan,1.0041218125913935,nan
p e m,3,-10.732468276198828,nan,-12.324113211757085,nan,-12.341493165924483,nan,1.0882790013762824,nan,1.088255731402804,nan,1.0020397638355385,nan,1.0019816633924208,nan
p e p,3,-11.133653616540132,nan,-12.713889021715593,nan,-12.731855480266582,nan,1.0770113957424796,nan,1.0770167696687927,nan,1.0017044184297705,nan,1.0016759277925675,nan
p i m,3,-10.370592010574311,nan,-12.15005080797301,nan,-12.175003617017246,nan,1.0992007185479995,nan,1.0991513101910644,nan,1.0035035973416255,nan,1.0033222443033625,nan
p X b,3,-11.79670847309998,nan,-12.71556692210399,nan,-12.731578311876214,nan,1.0621432728637934,nan,1.0621833510978407,nan,1.0009587830010365,nan,1.000996729188052,nan
p X d,3,-11.428022616495113,nan,-12.266915217917528,nan,-12.294320480616038,nan,1.0693867336283809,nan,1.069408397926848,nan,1.0014282665691117,nan,1.0014247590278467,nan
p X v,3,-12.58338171167075,nan,-13.495055612485501,nan,-13.491870759714981,nan,1.0461137624680859,nan,1.0461945900595748,nan,1.0010258520821902,nan,1.0010578763080227,nan
r e m,3,-10.016323914843161,nan,-11.434130606941553,nan,-11.457294683956729,nan,1.1122114865759296,nan,1.1121310769670163,nan,1.0027342082799828,nan,1.002618090145487,nan
r i g,3,-10.099747654537836,nan,-10.816946700499555,nan,-10.85166863268987,nan,1.1137435323861444,nan,1.113660854310267,nan,1.0058117645265534,nan,1.0054347067769887,nan
r i s,3,-9.367894882364014,nan,-10.777209826980204,nan,-10.800835229605008,nan,1.1337971876510673,nan,1.1336635302535372,nan,1.0056776263642462,nan,1.0053124125370474,nan
r i t,3,-8.80489499644435,nan,-10.080601913561392,nan,-10.104076082372075,nan,1.1627710307094175,nan,1.162563717569566,nan,1.0072872843119323,nan,1.006779943416343,nan
r i z,3,-10.01080016852134,nan,-9.949518810549351,nan,-9.988486315444712,nan,1.1140118087107587,nan,1.1139284486372674,nan,1.007823836961161,nan,1.0072691203761082,nan
r E p,3,-10.785073095420483,nan,-13.185349923085916,nan,-13.120180956577505,nan,1.0871812546795006,nan,1.0871624263553124,nan,1.0015861583643275,nan,1.0015720088211477,nan
r I D,3,-9.590819042019072,nan,-11.209049460201278,nan,-11.234707900743926,nan,1.1196377359916156,nan,1.1195400927891923,nan,1.0043203666443103,nan,1.0040710948691127,nan
r I S,3,-11.099558451901157,nan,-11.614013296999383,nan,-11.691139603475843,nan,1.0978402846166995,nan,1.0977980537204206,nan,1.0038508830762352,nan,1.0036430650293182,nan
r I T,3,-11.318039990109556,nan,-13.027607122584056,nan,-13.056927545700896,nan,1.0957611431009382,nan,1.0957241976861685,nan,1.002911915940085,nan,1.0027870053497292,nan
r I Z,3,-15.079240105803118,nan,-inf,nan,-16.74900032912756,nan,1.0909321692578797,nan,1.0909074998001635,nan,1.0027777777777778,nan,1.002664711109788,nan
r I z,3,-9.812026484306415,nan,-10.301712410012636,nan,-10.337417034442035,nan,1.1141380713370213,nan,1.1140544090856868,nan,1.0070701989716073,nan,1.0065781267879095,nan
r x l,3,-9.15527712021062,nan,-10.502101773756692,nan,-10.526028261472943,nan,1.1381461348697328,nan,1.1380030480302912,nan,1.0066005883787574,nan,1.0061448822492698,nan
s i g,3,-10.12815390869757,nan,-10.934935941255384,nan,-10.969234934616926,nan,1.1138694928345636,nan,1.1137865140237628,nan,1.0061905524053412,nan,1.0057818486422976,nan
s i v,3,-10.745985752031078,nan,-11.724690959693222,nan,-11.765930909901542,nan,1.1018641273080714,nan,1.101811667890501,nan,1.0046479635388086,nan,1.0043754648829728,nan
s X d,3,-10.740284509299178,nan,-12.643570975454033,nan,-12.644934668788341,nan,1.0934451792764472,nan,1.093409403204556,nan,1.001112610003455,nan,1.001135474140089,nan
s X g,3,-11.277811761141308,nan,-13.77000927762237,nan,-13.72788631697603,nan,1.0821775736426444,nan,1.0821704414705446,nan,1.0005760573542264,nan,1.0006462971803238,nan
s X k,3,-10.804027409055665,nan,-12.949209166359305,nan,-12.940509903336027,nan,1.0947194918183654,nan,1.0946804762578073,nan,1.0008443336788406,nan,1.0008908856602063,nan
s X m,3,-10.832511755822114,nan,-12.988169419334094,nan,-12.978422778985596,nan,1.0915672450041467,nan,1.0915362429155542,nan,1.0010455409223014,nan,1.0010743270201183,nan
S x J,3,-13.413563534713395,nan,-15.55365989328364,nan,-15.61034996470396,nan,1.0671244469473462,nan,1.067155987233519,nan,1.0005799951222487,nan,1.000649587322743,nan
S x C,3,-13.044030435831294,nan,-13.879193597135838,nan,-13.993917332836377,nan,1.0690023812196467,nan,1.0690291475225209,nan,1.0011836168526311,nan,1.001199911402479,nan
s Y b,3,-10.709895055894652,nan,-12.703357291658257,nan,-12.70607549596091,nan,1.092514849824991,nan,1.0924823787965086,nan,1.0012901906387823,nan,1.0012991746454862,nan
s Y v,3,-11.496568294465423,nan,-13.520586310022615,nan,-13.508927558218474,nan,1.0764853394292835,nan,1.0764936177582427,nan,1.0010219143141679,nan,1.0010545861656035,nan
s x J,3,-11.483126280961326,nan,-13.556051661646334,nan,-13.583669789122489,nan,1.105542383715201,nan,1.1054821998497542,nan,1.0025370658293193,nan,1.0024431536268392,nan
s x g,3,-9.76668214895971,nan,-10.904857896426169,nan,-10.938900332469236,nan,1.124791210006281,nan,1.1246820928120234,nan,1.0054881054000773,nan,1.005133626905548,nan
s x S,3,-10.965266630537954,nan,-12.285729664189533,nan,-12.345805486352734,nan,1.1087616996105734,nan,1.1086933317737575,nan,1.0031406875597018,nan,1.0029934777065752,nan
t e s,3,-9.1951775162286,nan,-10.712013704814547,nan,-10.735189554938515,nan,1.149390144871591,nan,1.1492193211561539,nan,1.0057407576773774,nan,1.0053702695145987,nan
t E m,3,-9.849294123319249,nan,-11.437013277924494,nan,-11.459680081789301,nan,1.1249635347055442,nan,1.1248527577802008,nan,1.0023436070971283,nan,1.0022610778529206,nan
t X t,3,-9.41995921712816,nan,-10.62384634502055,nan,-10.655991017466008,nan,1.1575937859097392,nan,1.1573990147072248,nan,1.0032156321769,nan,1.0030612051113843,nan
T i n,3,-11.329835212798873,nan,-14.695708096303886,nan,-14.519663569152893,nan,1.1035134066174668,nan,1.1034505906723548,nan,1.002473680466638,nan,1.0023748672515977,nan
T X T,3,-14.843796572888419,nan,-16.390549595554628,nan,-16.103152836656015,nan,1.0242024398065,nan,1.0243365250765892,nan,1.0002525252525252,nan,1.000350432007728,nan
T x J,3,-13.632045072921793,nan,-16.53185968381984,nan,-16.54304939438686,nan,1.0656759017905253,nan,1.0657109005283167,nan,1.0003906011828547,nan,1.0004760163900885,nan
T x S,3,-13.114185422498423,nan,-15.261537686363038,nan,-15.305185091617105,nan,1.0688952176858977,nan,1.06892203245232,nan,1.0009942229132371,nan,1.0010263404698245,nan
T x C,3,-13.262511974039692,nan,-14.857393387672037,nan,-14.926616762519275,nan,1.0675538360628258,nan,1.0675840608173186,nan,1.0009942229132371,nan,1.0010263404698245,nan
t Y s,3,-9.583883793038428,nan,-11.463504196933417,nan,-11.483991214081072,nan,1.1349330741645203,nan,1.134796849812156,nan,1.0021463376216897,nan,1.0020809266354278,nan
t x l,3,-8.62068348845069,nan,-9.494224202275197,nan,-9.51958756958948,nan,1.1646608092619737,nan,1.1644544177211682,nan,1.0096940227221918,nan,1.008979874149293,nan
v e t,3,-10.544862131735929,nan,-12.360842667380378,nan,-12.388721975597816,nan,1.1199813200876438,nan,1.1198762312668549,nan,1.0023041023921306,nan,1.0022229617298841,nan
v i n,3,-10.530601036345736,nan,-12.803844065016719,nan,-12.808478310997744,nan,1.1113859346436668,nan,1.1113043227658457,nan,1.0025368117797695,nan,1.0024327242291493,nan
v X n,3,-11.680258888789474,nan,-11.314318386950632,nan,-11.375329794984035,nan,1.0796940154517476,nan,1.0796882502126275,nan,1.0021463376216897,nan,1.0020809266354278,nan
v e D,3,-11.529559861525577,nan,-13.880754704109687,nan,-13.877370315777753,nan,1.0767217627435794,nan,1.0767266460380618,nan,1.0012309970936732,nan,1.0012446078103536,nan
v Y k,3,-11.754636714553602,nan,-14.85990294268995,nan,-14.248563630368427,nan,1.069038669233021,nan,1.0690609314508206,nan,1.0026827632461435,nan,1.002564888896348,nan
v Y r,3,-11.468162040305687,nan,-17.04016364800399,nan,-16.368429581925014,nan,1.0782271333510625,nan,1.0782260371505796,nan,1.0004024144869215,nan,1.000485886817346,nan
v Y t,3,-10.933568408545757,nan,-14.991966215703602,nan,-14.371968022712053,nan,1.105524249380573,nan,1.1054537599228569,nan,1.0022132796780685,nan,1.0021368590565536,nan
w e s,3,-10.366235956975423,nan,-10.72404892252615,nan,-10.760603580176674,nan,1.1063746517364355,nan,1.10630652899732,nan,1.0054251011117208,nan,1.0050809846268414,nan
w x J,3,-12.091184835788484,nan,-12.781091542555908,nan,-12.821546590911614,nan,1.0889156045238668,nan,1.0888951176683015,nan,1.0063880759303294,nan,1.0059724292574803,nan
w x S,3,-11.573325185365114,nan,-11.510769545099107,nan,-11.58368228814186,nan,1.0921349204192392,nan,1.0921062495923048,nan,1.0069916976607118,nan,1.0065227533372163,nan
w x C,3,-11.721651736906383,nan,-11.106625246408104,nan,-11.205113959044029,nan,1.0907935387961674,nan,1.0907682779573034,nan,1.0069916976607118,nan,1.0065227533372163,nan
y c d,3,-10.492087678129929,nan,-14.626673009829572,nan,-14.55943454725974,nan,1.090960569671136,nan,1.0909306430833619,nan,1.0006510019714245,nan,1.000714024585133,nan
y c g,3,-11.029614929972059,nan,-13.682638440300835,nan,-13.666881681640566,nan,1.0796929640373332,nan,1.0796916813493505,nan,1.000718071052578,nan,1.0007751717051034,nan
y c G,3,-11.55392071529474,nan,-13.839571851182484,nan,-13.83373962346802,nan,1.0672851840239193,nan,1.067315443725588,nan,1.000718071052578,nan,1.0007751717051034,nan
y X C,3,-13.247206183713677,nan,-13.565542137436886,nan,-13.544399660884652,nan,1.0478650013114832,nan,1.0479424773320851,nan,1.0024068654350344,nan,1.0023241495293171,nan
y X g,3,-11.900295150594161,nan,-12.994279776472684,nan,-12.981349959113395,nan,1.0652358933302626,nan,1.0652692100053525,nan,1.0024068654350344,nan,1.0023241495293171,nan
y X T,3,-13.317361170380806,nan,-14.455162994583649,nan,-14.190994345419739,nan,1.0471272414187938,nan,1.0472065929328345,nan,1.0022727272727272,nan,1.0022018552893759,nan
y X v,3,-12.51812699392767,nan,-13.09598186887232,nan,-13.095948590024651,nan,1.0532305278037704,nan,1.0532943638720906,nan,1.0025410035973417,nan,1.0024464437692584,nan
y x J,3,-12.105609670414179,nan,-14.531934561711292,nan,-14.557559630065033,nan,1.088600703402819,nan,1.088580968384562,nan,1.0010219143141679,nan,1.0010545861656035,nan
y x S,3,-11.587750019990807,nan,-13.261612564254492,nan,-13.319695327295278,nan,1.0918200192981913,nan,1.0917921003085653,nan,1.0016255360445503,nan,1.0016049102453395,nan
y x C,3,-11.736076571532077,nan,-12.85746826556349,nan,-12.941126998197449,nan,1.0904786376751194,nan,1.0904541286735638,nan,1.0016255360445503,nan,1.0016049102453395,nan
b O n,3,-12.843751124844157,nan,-12.324385120048921,nan,-12.405281235646447,nan,1.0756330633179902,nan,1.0756370658884258,nan,1.0004497947279638,nan,1.000530583225221,nan
b O r,3,-13.030729586369764,nan,-inf,nan,-14.224381014603173,nan,1.0678530499041738,nan,1.067876830405418,nan,1.0003156565656566,nan,1.0004082889852797,nan
b O s,3,-13.059135840529498,nan,-12.944880443279457,nan,-12.922488706550112,nan,1.0661763228753343,nan,1.0662043658616664,nan,1.00038272564681,nan,1.0004694361052502,nan
b U n,3,-10.855059282264557,nan,-inf,nan,-15.815193627659932,nan,1.0856078107927376,nan,1.0855879413135423,nan,1.000378787878788,nan,1.0004661459628312,nan
b u r,3,-10.210773175307095,nan,-11.691640183829438,nan,-11.716140481574037,nan,1.1024490095001334,nan,1.1023899932722778,nan,1.0039532650448144,nan,1.0037286087322164,nan
b U s,3,-11.070443997949898,nan,-inf,nan,-15.926935990455434,nan,1.0761510703500816,nan,1.076155241286783,nan,1.000378787878788,nan,1.0004661459628312,nan
b W r,3,-11.376061499286086,nan,-15.10801255661103,nan,-14.761448874429457,nan,1.0777015347526586,nan,1.0777017453821152,nan,1.0008246448387292,nan,1.0008744349481107,nan
C e D,3,-12.258639051311587,nan,-13.464296535122713,nan,-13.517333836855126,nan,1.0701718194257812,nan,1.0701923409362772,nan,1.0012309970936732,nan,1.0012446078103536,nan
C i D,3,-11.89676278568707,nan,-13.263387438050529,nan,-13.320196911330529,nan,1.0810935365974983,nan,1.0810879197245375,nan,1.0023159156961974,nan,1.0022328321571417,nan
C O b,3,-15.137899645822834,nan,-inf,nan,-16.063324500888292,nan,1.0350315586693233,nan,1.035136439203898,nan,1.0001341381623072,nan,1.0002412983374636,nan
C O g,3,-15.306741041060096,nan,-inf,nan,-17.054764191222347,nan,1.031007413800108,nan,1.031122524298894,nan,1,1,1.0001190040975223,1.0
C O v,3,-15.924572884393605,nan,-inf,nan,-17.78246729502001,nan,1.0190020482736157,nan,1.0191476781656321,nan,1,1,1.0001190040975223,1.0
C u D,3,-12.176629701693589,nan,-13.136733994679894,nan,-13.199310357294816,nan,1.071371314375276,nan,1.0713889651962596,nan,1.0012546237018067,nan,1.0012643486648687,nan
C u S,3,-13.685369111575675,nan,-13.7712183132794,nan,-13.870853439643678,nan,1.04957386300036,nan,1.049646926127488,nan,1.0011875546206532,nan,1.001203201544898,nan
C u T,3,-13.903850649784072,nan,-13.573104077895435,nan,-13.696196340921581,nan,1.0474947214845987,nan,1.0475730700932357,nan,1.0009192782960388,nan,1.0009586130650154,nan
D e C,3,-12.258639051311587,nan,-13.300700097767002,nan,-13.269025288731191,nan,1.06787944064117,nan,1.0679090128160678,nan,1.0042416112838648,nan,1.0040052920207296,nan
D e D,3,-10.60157308988823,nan,-12.371763292530986,nan,-12.367837174011068,nan,1.091018273639158,nan,1.090989023519841,nan,1.0045769566896328,nan,1.0043110276205829,nan
D e J,3,-12.628172150193688,nan,-12.184512664277385,nan,-12.288073287384085,nan,1.0660015063688695,nan,1.066035852527066,nan,1.0044428185273255,nan,1.0041887333806416,nan
D e S,3,-12.110312499770316,nan,-12.478892685413292,nan,-12.510611317887943,nan,1.0692208222642419,nan,1.0692469844510692,nan,1.0044428185273255,nan,1.0041887333806416,nan
D i C,3,-11.89676278568707,nan,-14.064959804962275,nan,-14.111000547227643,nan,1.078801157812887,nan,1.078804591604328,nan,1.0009824096091702,nan,1.001016470042567,nan
D i D,3,-10.239696824263715,nan,-13.12328397394883,nan,-13.122151493949096,nan,1.1019399908108751,nan,1.1018846023081013,nan,1.0021896530699348,nan,1.0021171182020387,nan
D i S,3,-11.7484362341458,nan,-14.149873673466567,nan,-14.176420197436634,nan,1.080142539435959,nan,1.0801425632393296,nan,1.0008482714468632,nan,1.0008941758026257,nan
D i T,3,-11.966917772354199,nan,-13.680077706977263,nan,-13.740398334580128,nan,1.0780633979201977,nan,1.0780687072050774,nan,1.0009824096091702,nan,1.001016470042567,nan
d u r,3,-9.842087318702227,nan,-10.526010153198602,nan,-10.55664410192931,nan,1.114730153221005,nan,1.1146418153381237,nan,1.0049633660549153,nan,1.0046543203730403,nan
D W C,3,-13.34191802567258,nan,-16.052254490143024,nan,-15.795156695521642,nan,1.0443314608431902,nan,1.0444173891858874,nan,1.0003906011828547,nan,1.0004760163900885,nan
D W D,3,-11.684852064249226,nan,-16.376080653402376,nan,-16.02602880353717,nan,1.0674702938411782,nan,1.0674973998896606,nan,1.0002564630205475,nan,1.0003537221501473,nan
D W T,3,-13.41207301233971,nan,-15.081123006574781,nan,-14.901306339109581,nan,1.0435937009505007,nan,1.0436815047866368,nan,1.0003906011828547,nan,1.0004760163900885,nan
f U n,3,-11.335594363562635,nan,-inf,nan,-16.254696734156163,nan,1.0766646189549747,nan,1.0766661016553367,nan,1.0003156565656566,nan,1.0004082889852797,nan
f u r,3,-10.691308256605172,nan,-13.103828198122837,nan,-13.089466798706063,nan,1.0935058176623704,nan,1.0934681536140722,nan,1.0030062953478447,nan,1.002860754068944,nan
f U s,3,-11.550979079247975,nan,-inf,nan,-16.366439096951666,nan,1.0672078785123187,nan,1.0672334016285774,nan,1.0003156565656566,nan,1.0004082889852797,nan
f W r,3,-11.856596580584162,nan,-17.087196466137478,nan,-16.599080799692576,nan,1.0687583429148957,nan,1.0687799057239096,nan,1.000193331707416,nan,1.0002958651725957,nan
f x r,3,-10.049969580860791,nan,-12.23452954617721,nan,-12.266463040358525,nan,1.1141497570563097,nan,1.1140626869306107,nan,1.0036021685669574,nan,1.0034097125626864,nan
g U n,3,-11.023900677501821,nan,-inf,nan,-15.230038634348338,nan,1.083214562272773,nan,1.0832004067571213,nan,1.0013257575757575,nan,1.0013340006261036,nan
g U S,3,-13.169722646939231,nan,-12.157231137167116,nan,-12.229117469201125,nan,1.0376746561694865,nan,1.037776269748826,nan,1.0016611029815254,nan,1.0016397362259568,nan
g U T,3,-13.388204185147629,nan,-inf,nan,-15.001002399842246,nan,1.0355955146537252,nan,1.0357024137145738,nan,1.0013257575757575,nan,1.0013340006261036,nan
g W C,3,-13.65207295397642,nan,-17.197386794446025,nan,-16.540988641385646,nan,1.036207011920152,nan,1.036312337665405,nan,1.0002012072434607,nan,1.000302445457434,nan
g W D,3,-11.995006992553066,nan,-17.52121295770538,nan,-16.77186074940117,nan,1.05934584491814,nan,1.0593923483691783,nan,1.0000670690811535,nan,1.0001801512174928,nan
g W T,3,-13.722227940643549,nan,-16.226255310877786,nan,-15.64713828497358,nan,1.0354692520274626,nan,1.0355764532661544,nan,1.0002012072434607,nan,1.000302445457434,nan
g x r,3,-9.738275894799976,nan,-11.675004478183475,nan,-11.703524711872456,nan,1.120699700374108,nan,1.1205969920323953,nan,1.0038546938194826,nan,1.0036411404728924,nan
h U n,3,-11.175822225180593,nan,-inf,nan,-18.781199808790106,nan,1.0839703249632882,nan,1.0839543650380963,nan,1.0000631313131314,nan,1.0001768610750736,nan
h u r,3,-10.531536118223128,nan,-12.107453694142773,nan,-12.123510900399523,nan,1.100811523670684,nan,1.1007564169968318,nan,1.003890133731683,nan,1.0036707517546648,nan
h U s,3,-11.391206940865933,nan,-inf,nan,-18.892942171585606,nan,1.0745135845206322,nan,1.074521665011337,nan,1.0000631313131314,nan,1.0001768610750736,nan
h W r,3,-11.69682444220212,nan,-14.368055364416307,nan,-14.04107873166381,nan,1.0760640489232092,nan,1.0760681691066691,nan,1.001771614535699,nan,1.001742289611383,nan
J O b,3,-15.507432744704936,nan,-16.016100268184125,nan,-15.504525372859424,nan,1.0327012903735682,nan,1.0328117345042247,nan,1.0001972694754386,nan,1.000299155315015,nan
J x r,3,-11.454720026801592,nan,-12.065891151602845,nan,-12.191300771849898,nan,1.1056474267880143,nan,1.1055806562696406,nan,1.0032233806881694,nan,1.0030625706973775,nan
k E G,3,-11.63996821996897,nan,-16.181174345804134,nan,-15.965781867793506,nan,1.0640553640964676,nan,1.0640933776709665,nan,1.0002564630205475,nan,1.0003537221501473,nan
k E S,3,-12.314246916224533,nan,-15.653446755381395,nan,-15.525598115424351,nan,1.060433633714174,nan,1.060480854256463,nan,1.0003906011828547,nan,1.0004760163900885,nan
k i b,3,-10.21738093354849,nan,-12.05367264507492,nan,-12.07671322163961,nan,1.1051716324134402,nan,1.1051087978656857,nan,1.0030695536857508,nan,1.0029238257453403,nan
k i C,3,-11.733133361905267,nan,-12.934996823895677,nan,-13.00472842685118,nan,1.0837765955254455,nan,1.0837681502874144,nan,1.0019293793061397,nan,1.0018843247058393,nan
k i D,3,-10.076067400481913,nan,-11.993320992882232,nan,-12.015879373572632,nan,1.1069154285234335,nan,1.1068481609911875,nan,1.0031366227669043,nan,1.002984972865311,nan
k i r,3,-9.625963302452195,nan,-10.9946463343319,nan,-11.018700581536837,nan,1.1228778698379873,nan,1.1227700234477034,nan,1.0055511096884335,nan,1.0051862691842544,nan
k u f,3,-10.977782930853085,nan,-13.686121071280189,nan,-13.66669311960618,nan,1.0852549098558726,nan,1.0852412589113976,nan,1.001258561469829,nan,1.0012676388072879,nan
k U m,3,-11.052053807956149,nan,-15.340898352309251,nan,-14.976731076595156,nan,1.0761937245622928,nan,1.07619944243567,nan,1.0005050505050506,nan,1.0005818599179341,nan
k U n,3,-10.550116325416177,nan,-inf,nan,-16.10400327471276,nan,1.0963144489083694,nan,1.09626901696069,nan,1.0005050505050506,nan,1.0005818599179341,nan
k U p,3,-11.453239148297452,nan,-14.318767225291142,nan,-14.185593442463377,nan,1.06492611892849,nan,1.0649604807016586,nan,1.0007062577485113,nan,1.000765301277846,nan
k u r,3,-9.905830218458714,nan,-12.871069076969807,nan,-12.84438185497541,nan,1.1131556476157651,nan,1.1130710689194254,nan,1.0030694266609759,nan,1.0029186110464954,nan
l U n,3,-10.440901902912461,nan,-inf,nan,-15.166776349092018,nan,1.101856708638814,nan,1.1017980443545075,nan,1.001641414141414,nan,1.0016232855138612,nan
l X l,3,-10.843666984136417,nan,-13.42024784465364,nan,-13.38050434043795,nan,1.0884787133946214,nan,1.0884544527330446,nan,1.0009271538320834,nan,1.0009651933498538,nan
m W l,3,-11.276863140948354,nan,-12.839382845616635,nan,-12.834609517732389,nan,1.0807884781284949,nan,1.080782594041484,nan,1.0007772645976871,nan,1.0008297385402358,nan
m W r,3,-11.099602889204155,nan,-14.988420354057205,nan,-14.636516906554315,nan,1.0890379751103862,nan,1.089011119596742,nan,1.0005089882730727,nan,1.000585150060353,nan
m W t,3,-10.565009257444224,nan,-10.84715512836522,nan,-10.88852067942381,nan,1.1163350911398968,nan,1.1162388423690193,nan,1.0032588206003699,nan,1.0030921819791498,nan
n c n,3,-9.2445093369747,nan,-9.948575405759733,nan,-9.974897156866279,nan,1.135088231895057,nan,1.1349501284427777,nan,1.0073186594313355,nan,1.0068010498568514,nan
n W C,3,-12.704835466117256,nan,-12.746266172872794,nan,-12.755910292443334,nan,1.0709720956838502,nan,1.0709944185902605,nan,1.002473934516188,nan,1.0023852966492877,nan
n W D,3,-11.0477695046939,nan,-13.070092336132149,nan,-12.98678240045886,nan,1.0941109286818382,nan,1.0940744292940336,nan,1.0023397963538807,nan,1.0022630024093464,nan
n x r,3,-8.791038406940812,nan,-10.739166830389856,nan,-10.757957152048435,nan,1.1554647841378063,nan,1.1552790729572506,nan,1.0076425726073615,nan,1.007112559125982,nan
p c k,3,-10.621085295629497,nan,-12.146899412655896,nan,-12.169751197276327,nan,1.0851181168773696,nan,1.0851019423240973,nan,1.0026158211897649,nan,1.0025089564752223,nan
p c p,3,-11.05075498273725,nan,-12.411172345630343,nan,-12.43704710395581,nan,1.0706982644293481,nan,1.0707187472478328,nan,1.0020792685405362,nan,1.0020197795154573,nan
p c s,3,-10.363016875541316,nan,-13.543872174213627,nan,-13.534101448810162,nan,1.0926298539665715,nan,1.0925945834801047,nan,1.0014085777290003,nan,1.0014083083157508,nan
p O l,3,-13.332716568373336,nan,-14.107274452636277,nan,-14.065210177357818,nan,1.0589737506801866,nan,1.0590200062826807,nan,1.000394538950877,nan,1.0004793065325077,nan
p O m,3,-13.4704153376435,nan,-inf,nan,-16.02242644066878,nan,1.0548825367298178,nan,1.0549391927959266,nan,1.0001262626262626,nan,1.0002347180526252,nan
p O n,3,-12.96847785510353,nan,-14.333734900674836,nan,-14.259326880890223,nan,1.0750032610758944,nan,1.0750087673209465,nan,1.0002604007885698,nan,1.0003570122925665,nan
p O r,3,-13.155456316629136,nan,-inf,nan,-16.078426659846947,nan,1.067223247662078,nan,1.0672485318379388,nan,1.0001262626262626,nan,1.0002347180526252,nan
p O s,3,-13.18386257078887,nan,-14.954230223905371,nan,-14.776534351793888,nan,1.0655465206332384,nan,1.0655760672941872,nan,1.000193331707416,nan,1.0002958651725957,nan
p O t,3,-12.620862684869206,nan,-inf,nan,-16.129657943999245,nan,1.0945203636915886,nan,1.094476254610216,nan,1.0001262626262626,nan,1.0002347180526252,nan
p u k,3,-10.621974579814381,nan,-12.33432970391352,nan,-12.351733530533563,nan,1.092630743139996,nan,1.0925965890050395,nan,1.002311977928175,nan,1.0022295420147225,nan
p U m,3,-11.481723495063902,nan,-14.042670209320713,nan,-13.708753730729887,nan,1.0648572842045652,nan,1.0648900682210432,nan,1.002020202020202,nan,1.00197042737917,nan
p U n,3,-10.979786012523931,nan,-inf,nan,-14.836025928847492,nan,1.0849780085506417,nan,1.084959642746063,nan,1.002020202020202,nan,1.00197042737917,nan
p U p,3,-11.882908835405205,nan,-13.020539082302603,nan,-12.917616096598108,nan,1.0535896785707624,nan,1.0536511064870318,nan,1.0022214092636628,nan,1.0021538687390819,nan
p U s,3,-11.195170728209272,nan,-inf,nan,-14.947768291642994,nan,1.0755212681079858,nan,1.0755269427193037,nan,1.002020202020202,nan,1.00197042737917,nan
p u v,3,-11.71359077523353,nan,-13.472770075169159,nan,-13.497427524115487,nan,1.0680834594377828,nan,1.068111708084515,nan,1.0013059417108712,nan,1.0013123352151627,nan
r U n,3,-10.263641651168264,nan,-inf,nan,-16.718718148004882,nan,1.108910493750289,nan,1.1088349883102753,nan,1.0003156565656566,nan,1.0004082889852797,nan
r W r,3,-10.784643868189791,nan,-14.932587231682394,nan,-14.578195563753297,nan,1.10100421771021,nan,1.1009487923788481,nan,1.0006983822124667,nan,1.0007587209930078,nan
S c g,3,-12.337568794271274,nan,-14.949486229906167,nan,-14.888921491506096,nan,1.0582167075818605,nan,1.0582667001983075,nan,1.000528677113184,nan,1.000601600772449,nan
s c p,3,-10.363016875541316,nan,-11.635148593228461,nan,-11.661256986130345,nan,1.0947567100774147,nan,1.0947197525255408,nan,1.0023317937930614,nan,1.0022512074256633,nan
s U g,3,-11.23928539318716,nan,-inf,nan,-17.60282408779556,nan,1.0795260584911293,nan,1.0795252720537416,nan,1.0002012072434607,nan,1.000302445457434,nan
S U g,3,-13.169722646939228,nan,-14.405014449689993,nan,-14.35735977113302,nan,1.0411081217232745,nan,1.0411990594375065,nan,1.0007693890616425,nan,1.0008231582553975,nan
s U k,3,-10.765501041101519,nan,-inf,nan,-14.522432032177662,nan,1.0920679766668502,nan,1.0920353068410042,nan,1.00261569416499,nan,1.0025037417763776,nan
s U m,3,-10.793985387867968,nan,-inf,nan,-18.393805590752272,nan,1.0889157298526315,nan,1.0888910734987511,nan,1,1,1.0001190040975223,1.0
s U n,3,-10.292047905327998,nan,-inf,nan,-19.52107778886988,nan,1.109036454198708,nan,1.108960648023771,nan,1,1,1.0001190040975223,1.0
s U p,3,-11.195170728209272,nan,-inf,nan,-17.602667956620497,nan,1.0776481242188287,nan,1.0776521117647397,nan,1.0002012072434607,nan,1.000302445457434,nan
s U s,3,-10.507432621013338,nan,-inf,nan,-19.63282015166538,nan,1.0995797137560521,nan,1.0995279479970117,nan,1,1,1.0001190040975223,1.0
S u T,3,-13.755524098242802,nan,-13.701429962730035,nan,-13.811455796890137,nan,1.0476206819330178,nan,1.0476987298067317,nan,1.0010455409223014,nan,1.0010743270201183,nan
s W l,3,-10.990310374093724,nan,-13.417302869404228,nan,-13.384514431029821,nan,1.0928806811767378,nan,1.0928459265370858,nan,1.0005878706582931,nan,1.0006561676075814,nan
s W t,3,-10.278456490589594,nan,-11.425075152152814,nan,-11.438425592721241,nan,1.1284272941881397,nan,1.1283021748646211,nan,1.0030694266609759,nan,1.0029186110464954,nan
S x r,3,-10.936860376378222,nan,-13.236936573316953,nan,-13.28461778608782,nan,1.1081036555321886,nan,1.10803102068281,nan,1.0025920675568565,nan,1.0024840009218625,nan
T c g,3,-12.556050332479671,nan,-14.38328057827912,nan,-14.40715568310241,nan,1.0567681624250396,nan,1.0568216134931052,nan,1.0006549397394466,nan,1.0007173147275519,nan
T i D,3,-11.966917772354199,nan,-15.223402944056453,nan,-15.050831677674633,nan,1.0797709518890966,nan,1.0797684927328313,nan,1.0019371278174094,nan,1.0018856902918327,nan
t O n,3,-11.717739861987933,nan,-12.404647583794103,nan,-12.468083143228355,nan,1.1254504206677824,nan,1.1253354825760358,nan,1.0006391886673578,nan,1.0007041541578754,nan
t U n,3,-9.729048019408333,nan,-inf,nan,-17.130758503737212,nan,1.1354251681425298,nan,1.1352863580011523,nan,1.0002525252525252,nan,1.000350432007728,nan
T W C,3,-15.069138973763064,nan,-inf,nan,-17.23832906346548,nan,1.0221624219214116,nan,1.0223012796106175,nan,1.0002012072434607,nan,1.000302445457434,nan
T W D,3,-13.41207301233971,nan,-inf,nan,-17.469201171481004,nan,1.0453012549193996,nan,1.0453812903143906,nan,1.0000670690811535,nan,1.0001801512174928,nan
T W T,3,-15.139293960430193,nan,-inf,nan,-16.344478707053415,nan,1.0214246620287222,nan,1.0215653952113668,nan,1.0002012072434607,nan,1.000302445457434,nan
T W z,3,-13.633280454627052,nan,-inf,nan,-16.282894009714195,nan,1.0398015902648052,nan,1.039895606610885,nan,1.0004024144869215,nan,1.000485886817346,nan
v e r,3,-11.07945576349586,nan,-11.018695042847646,nan,-11.059830171328425,nan,1.0926842040581333,nan,1.0926485084945776,nan,1.0075354907221106,nan,1.0069924370875947,nan
w U S,3,-13.045928429592564,nan,-13.21337517908737,nan,-13.250748587706042,nan,1.0468697689040878,nan,1.046949428834023,nan,1.001156052476475,nan,1.001176880405545,nan
w U T,3,-13.264409967800963,nan,-inf,nan,-16.022633518347163,nan,1.0447906273883265,nan,1.044875572799771,nan,1.0008207070707071,nan,1.0008711448056917,nan
w W D,3,-11.8712127752064,nan,-15.86326448406746,nan,-15.581878553117768,nan,1.0685409576527414,nan,1.0685655074543754,nan,1.000193331707416,nan,1.0002958651725957,nan
w x r,3,-9.61448167745331,nan,-10.464368222589219,nan,-10.495814412295475,nan,1.1298948131087092,nan,1.1297701511175924,nan,1.0084001483649372,nan,1.0078068428565998,nan
y c f,3,-11.341308616032872,nan,-12.738546986268664,nan,-12.746214675440154,nan,1.073522608571203,nan,1.0735370118283443,nan,1.0019253145133427,nan,1.0018758198645752,nan
y c g,3,-11.029614929972059,nan,-13.682638440300835,nan,-13.666881681640566,nan,1.0796929640373332,nan,1.0796916813493505,nan,1.000718071052578,nan,1.0007751717051034,nan
y c S,3,-12.228199411550303,nan,-13.837558497019488,nan,-13.8635595003446,nan,1.0636634536416256,nan,1.0637029203110846,nan,1.0006510019714245,nan,1.000714024585133,nan
y e C,3,-12.459424596894456,nan,-16.773691852906534,nan,-16.5294739118444,nan,1.0686352033316853,nan,1.068662971097043,nan,1.0003906011828547,nan,1.0004760163900885,nan
y e D,3,-10.802358635471101,nan,-15.844755047670521,nan,-15.628285797124274,nan,1.0917740363296733,nan,1.0917429818008162,nan,1.0007259465886227,nan,1.0007817519899418,nan
y e J,3,-12.828957695776557,nan,-15.657504419416918,nan,-15.548521910497291,nan,1.0667572690593847,nan,1.0667898108080411,nan,1.0005918084263155,nan,1.0006594577500005,nan
y e S,3,-12.311098045353187,nan,-15.951884440552826,nan,-15.771059941001148,nan,1.0699765849547571,nan,1.0700009427320445,nan,1.0005918084263155,nan,1.0006594577500005,nan
y i D,3,-10.440482369846585,nan,-15.420702399284124,nan,-15.057772078043012,nan,1.1026957535013904,nan,1.1026385605890765,nan,1.0018739965042782,nan,1.0018278333142812,nan
y i J,3,-12.46708143015204,nan,-17.348516632321378,nan,-17.00338251182559,nan,1.0776789862311018,nan,1.0776853895963014,nan,1.0001972694754386,nan,1.000299155315015,nan
y i S,3,-11.94922177972867,nan,-16.447292098801867,nan,-16.11204078153055,nan,1.0808983021264742,nan,1.0808965215203048,nan,1.0005326148812066,nan,1.0006048909148682,nan
y U g,3,-11.861768782640013,nan,-11.9491195059754,nan,-11.87880464315357,nan,1.0625843781787474,nan,1.0626240405885494,nan,1.0036102981525516,nan,1.0034267222452147,nan
y u g,3,-11.030504214156942,nan,-8.498614043524238,nan,-8.556009783622299,nan,1.0872055902999596,nan,1.0871863280302927,nan,1.0221035810824544,nan,1.020365097127693,nan
y U T,3,-13.278834802426658,nan,-inf,nan,-13.568022109721799,nan,1.0444757262672786,nan,1.0445614235160314,nan,1.003409090909091,nan,1.003243280885303,nan
y U z,3,-11.772821296623517,nan,-13.647504904425997,nan,-13.036433783136843,nan,1.0628526545033616,nan,1.0628916349155497,nan,1.003409090909091,nan,1.003243280885303,nan
y x D,3,-10.079010610108723,nan,-13.218198985758294,nan,-13.225053669168865,nan,1.1136174706731075,nan,1.113534139377337,nan,1.0015584669633966,nan,1.0015437631253687,nan
z e C,3,-12.479846493598929,nan,-14.157897068884946,nan,-14.12175900402143,nan,1.0634078447222886,nan,1.063448092986965,nan,1.001653227445481,nan,1.0016331559411182,nan
z e D,3,-10.822780532175575,nan,-13.228960263648931,nan,-13.220570889301307,nan,1.0865466777202766,nan,1.0865281036907382,nan,1.001988572851249,nan,1.0019388915409715,nan
z e S,3,-12.33151994205766,nan,-13.336089656531238,nan,-13.363345033178181,nan,1.0647492263453604,nan,1.0647860646219665,nan,1.0018544346889418,nan,1.0018165973010302,nan
z i C,3,-12.117970227974412,nan,-13.687742946253046,nan,-13.749254280667458,nan,1.0743295618940056,nan,1.0743436717752253,nan,1.0012349348616953,nan,1.001247897952773,nan
z i D,3,-10.460904266551058,nan,-12.746067115239601,nan,-12.76040522738891,nan,1.0974683948919937,nan,1.0974236824789985,nan,1.00244217832246,nan,1.0023485461122448,nan
z i T,3,-12.188125214641541,nan,-13.302860848268038,nan,-13.378652068019942,nan,1.0735918020013162,nan,1.0736077873759746,nan,1.0012349348616953,nan,1.001247897952773,nan
z u f,3,-11.362619796922232,nan,-16.3584600343755,nan,-15.717470626868813,nan,1.0758078762244327,nan,1.0758167803992085,nan,1.0010691675304353,nan,1.0010940678746334,nan
z u g,3,-11.050926110861415,nan,-15.401563026743867,nan,-14.766997175717231,nan,1.0819782316905628,nan,1.0819714499202147,nan,1.0023434800723534,nan,1.0022558631540757,nan
z u T,3,-12.46799213064806,nan,-16.716492332231752,nan,-16.126859873433112,nan,1.063869579779094,nan,1.0639088328476967,nan,1.0006667530435136,nan,1.0007271851548094,nan
