word,word_len,uni_prob,uni_prob_freq_weighted,bi_prob,bi_prob_freq_weighted,bi_prob_smoothed,bi_prob_freq_weighted_smoothed,pos_uni_score,pos_uni_score_freq_weighted,pos_uni_score_smoothed,pos_uni_score_freq_weighted_smoothed,pos_bi_score,pos_bi_score_freq_weighted,pos_bi_score_smoothed,pos_bi_score_freq_weighted_smoothed
f u T,3,-13.878324227685573,nan,-inf,nan,-17.000384702052866,nan,1.0641655174601539,nan,1.0642422051845053,nan,1.000131440588854,nan,1.0003341062222264,nan
g i T,3,-12.4538862369172,nan,-11.063760718782834,nan,-11.212893053898698,nan,1.1169417810221431,nan,1.1167564848057576,nan,1.0021565643915586,nan,1.002028827093892,nan
z i T,3,-12.443387452818982,nan,-16.44726776203068,nan,-16.19311053198826,nan,1.0595593625759228,nan,1.0596583228972711,nan,1.001893683213851,nan,1.0018078814465212,nan
y c g,3,-12.418250018778316,nan,-13.238983940488717,nan,-13.30327566297031,nan,1.1241718413640553,nan,1.1239492851011086,nan,1.0032080891023893,nan,1.002912609683375,nan
l X z,3,-11.066047224065198,nan,-10.561950242271786,nan,-10.615626075277147,nan,1.0887174697023507,nan,1.0886709349195847,nan,1.001209722784633,nan,1.0012367030699019,nan
J Y p,3,-12.74164299890364,nan,-14.651165368920386,nan,-14.171920802648586,nan,1.090094758574012,nan,1.0900377320359556,nan,1.003107228496334,nan,1.0028236388690523,nan
C x z,3,-11.720689964137437,nan,-12.344236039419123,nan,-12.427733643644789,nan,1.1595530468072979,nan,1.1591538707947786,nan,1.0017545976292976,nan,1.001692033120495,nan
C e J,3,-13.965606949708139,nan,-12.683564837633549,nan,-12.906160510556969,nan,1.0573463881369412,nan,1.0574569019810205,nan,1.0021259844087602,nan,1.0020073250845292,nan
z i S,3,-12.529683266271817,nan,-inf,nan,-20.057080303012714,nan,1.0615883088764773,nan,1.061676893749108,nan,1,1,1.000223633398541,1.0
z u v,3,-13.010963291451414,nan,-17.890830962966152,nan,-17.402152795227252,nan,1.0374079341991496,nan,1.0376153320725898,nan,1.0017545976292976,nan,1.001692033120495,nan
D Y p,3,-11.266319739536376,nan,-13.334642089443452,nan,-13.015799600675207,nan,1.1744652551022445,nan,1.1739902805954654,nan,1.0032386690851878,nan,1.0029341116927377,nan
s X k,3,-10.03099569421882,nan,-12.009619598485177,nan,-12.040841109338643,nan,1.1596336927295436,nan,1.1592276568131499,nan,1.004958864233837,nan,1.0043783216541586,nan
b X s,3,-10.808583382346187,nan,-10.246713550005005,nan,-10.310617286799024,nan,1.180078850937471,nan,1.1795688302851448,nan,1.0078773146735702,nan,1.006827538033429,nan
T x z,3,-11.926358884928383,nan,-11.959386690735084,nan,-12.062295342183917,nan,1.1630903191772703,nan,1.1626736205014663,nan,1.0018860382181514,nan,1.0018025059441804,nan
S c G,3,-12.958135643713103,nan,-11.931765007588368,nan,-12.030094469717282,nan,1.109871309680711,nan,1.1097190316106074,nan,1.0018822157203016,nan,1.0017998181930101,nan
J e J,3,-14.430495478287103,nan,-13.69182771426774,nan,-13.854886518184276,nan,1.0610146705946903,nan,1.0611070127879558,nan,1.0013373408756372,nan,1.001344488142417,nan
D x z,3,-10.710255233349141,nan,-7.927229109476437,nan,-8.003266259552133,nan,1.2475918257932797,nan,1.2467565301612238,nan,1.0469701601950179,nan,1.0396946844682635,nan
S Y p,3,-12.568719204568456,nan,-12.733597785389147,nan,-12.80313088749196,nan,1.0902257686617887,nan,1.0901680931362032,nan,1.0037644314406031,nan,1.0033760029874792,nan
n W C,3,-12.355204251863938,nan,-13.554917909165129,nan,-13.558351506121873,nan,1.054062645040448,nan,1.0541887874884042,nan,1.0025050161839226,nan,1.0023279925509039,nan
l W C,3,-12.664374582015235,nan,-13.08067700907255,nan,-13.085299714644034,nan,1.069783855573659,nan,1.0698321195181266,nan,1.000533407351115,nan,1.0006709001956233,nan
S c d,3,-12.062047619156468,nan,-13.697850480048313,nan,-13.72714961377007,nan,1.131513403553293,nan,1.1312504540302009,nan,1.0018822157203016,nan,1.0017998181930101,nan
g i J,3,-12.71310584470522,nan,-inf,nan,-15.24080120107515,nan,1.113965993114663,nan,1.1137959142230633,nan,1.0002628811777077,nan,1.0004445790459118,nan
C u T,3,-14.655942167434786,nan,-inf,nan,-15.995960522670487,nan,1.033771177095946,nan,1.033998429927042,nan,1.0005257623554153,nan,1.0006655246932825,nan
D i g,3,-11.237782585337957,nan,-inf,nan,-18.214911320657393,nan,1.161545585730174,nan,1.161138360834088,nan,1.0002628811777077,nan,1.0004445790459118,nan
w u T,3,-13.64085085081654,nan,-inf,nan,-17.259043223572707,nan,1.1003243016865394,nan,1.1002218688528667,nan,1.000131440588854,nan,1.0003341062222264,nan
T c T,3,-13.764225041280866,nan,-15.062418632432045,nan,-15.124170340474407,nan,1.100005610349199,nan,1.0999037407114174,nan,1.0003943217665616,nan,1.0005550518695971,nan
g u T,3,-13.768261969601896,nan,-inf,nan,-17.395847473247777,nan,1.0832929902755606,nan,1.0832749258206673,nan,1.000131440588854,nan,1.0003341062222264,nan
f X s,3,-11.117755992299916,nan,-11.604477344546591,nan,-11.632671140971032,nan,1.1506015811877002,nan,1.1502375827294156,nan,1.0053799434853472,nan,1.004728554383407,nan
J Y m,3,-12.82388109714061,nan,-14.005915893746852,nan,-13.539386270796676,nan,1.1018626471172286,nan,1.1017454429766096,nan,1.0033777546697413,nan,1.0030499600187637,nan
n X z,3,-10.756876893913901,nan,-12.114184143829737,nan,-12.118297283936146,nan,1.0729962591691398,nan,1.0730276028898622,nan,1.001341163373487,nan,1.0013471758935872,nan
m X n,3,-10.231793089520854,nan,-11.856857485416015,nan,-11.827269665931352,nan,1.2171596144478882,nan,1.2164585481099386,nan,1.0041855106921131,nan,1.0037262357167278,nan
C u S,3,-14.742237980887623,nan,-inf,nan,-15.611435051645577,nan,1.0358001233965004,nan,1.0360170007788787,nan,1.0005257623554153,nan,1.0006655246932825,nan
S e J,3,-14.25757168395192,nan,-12.812247797588176,nan,-13.045712390963075,nan,1.061145680682467,nan,1.0612373738882035,nan,1.002388865586468,nan,1.0022282707319,nan
T x S,3,-13.116502601103274,nan,-13.494567356605225,nan,-13.683100701548197,nan,1.156056638668681,nan,1.1556759082150982,nan,1.0026976167383732,nan,1.0024814693933148,nan
v e D,3,-11.949152717079556,nan,-inf,nan,-23.42286511829436,nan,1.0537248886673876,nan,1.053853104362708,nan,1,1,1.000223633398541,1.0
C x S,3,-12.910833680312328,nan,-13.879416705289264,nan,-14.04853900300907,nan,1.1525193662987085,nan,1.1521561585084106,nan,1.0025661761495195,nan,1.0023709965696295,nan
n c T,3,-11.221321892082702,nan,-14.076320991453874,nan,-14.111178564440706,nan,1.117429952023508,nan,1.1172417670443595,nan,1.0063091482649842,nan,1.005526328935439,nan
s X p,3,-10.389873047488003,nan,-11.900987726307998,nan,-11.934562067375339,nan,1.1300110767414466,nan,1.129756522376331,nan,1.0040120226269116,nan,1.0035861976301685,nan
D i D,3,-11.11502805238255,nan,-inf,nan,-19.70254305899386,nan,1.1539708528747703,nan,1.1536023629872303,nan,1.0002628811777077,nan,1.0004445790459118,nan
S c g,3,-12.757171736109868,nan,-14.181877514247034,nan,-14.250473684391556,nan,1.1063544694264162,nan,1.1062201754674232,nan,1.0022880049804126,nan,1.0021392999175773,nan
C i S,3,-13.427862248202928,nan,-inf,nan,-16.727228986778265,nan,1.069448914143083,nan,1.069498559763969,nan,1.0010515247108307,nan,1.001107415988024,nan
g i D,3,-11.237782585337957,nan,-inf,nan,-17.30307493913262,nan,1.1154538870684032,nan,1.1152761995144105,nan,1.0002628811777077,nan,1.0004445790459118,nan
T c S,3,-13.850520854733702,nan,-13.636017840328694,nan,-13.78413342442206,nan,1.1020345566497536,nan,1.1019223115632542,nan,1.0020174788070053,nan,1.0019129787678658,nan
z u T,3,-13.757763185503679,nan,-inf,nan,-21.479976926780708,nan,1.0259105718293402,nan,1.0261767639121808,nan,1.000131440588854,nan,1.0003341062222264,nan
S Y m,3,-12.650957302805427,nan,-12.088348310215615,nan,-12.17059635564005,nan,1.1019936572050053,nan,1.1018758040768573,nan,1.0040349576140104,nan,1.0036023241371905,nan
D x v,3,-11.06730324201893,nan,-7.328918586909962,nan,-7.444549752252854,nan,1.2500265613539452,nan,1.249178815183428,nan,1.0485933172354616,nan,1.0410526113665322,nan
t W C,3,-12.199815948116331,nan,-inf,nan,-17.838259290169812,nan,1.0555037560059923,nan,1.0556227595911287,nan,1.0002705261734073,nan,1.0004499545482526,nan
g Y b,3,-11.80778460734997,nan,-15.706860761282744,nan,-15.44575360017366,nan,1.115929352463739,nan,1.1157475513845216,nan,1.0041816881942636,nan,1.0037235479655573,nan
r c S,3,-11.791462817688043,nan,-13.273737211386043,nan,-13.393775841656206,nan,1.1011174860353161,nan,1.1010097838615203,nan,1.0018860382181514,nan,1.0018025059441804,nan
d X s,3,-10.31256961726284,nan,-10.716639091041301,nan,-10.771447362200883,nan,1.1606893579465105,nan,1.1602753874484872,nan,1.0055113840742012,nan,1.0048390272070924,nan
S c z,3,-12.74667295201165,nan,-13.362276166021203,nan,-13.323595153429293,nan,1.1093302573338963,nan,1.1091807460501175,nan,1.0008001110266724,nan,1.0008945335941644,nan
y c d,3,-11.723125901824915,nan,-12.754956906289998,nan,-12.779951592348826,nan,1.149330775490932,nan,1.1489795636638862,nan,1.0028022998422783,nan,1.0025731279588077,nan
J u S,3,-15.20712650946659,nan,-inf,nan,-16.962773098398646,nan,1.0394684058542496,nan,1.039667111585814,nan,1.0002628811777077,nan,1.0004445790459118,nan
h u S,3,-14.53982056009053,nan,-inf,nan,-15.603054925561024,nan,1.0774613313095096,nan,1.077471830657643,nan,1.0005257623554153,nan,1.0006655246932825,nan
g u S,3,-13.854557783054734,nan,-inf,nan,-17.01132200222287,nan,1.085321936576115,nan,1.085293496672504,nan,1.000131440588854,nan,1.0003341062222264,nan
y X z,3,-13.04715413923335,nan,-8.790033351222686,nan,-8.945106185964354,nan,1.0736513096080234,nan,1.0736794083911008,nan,1.0047586186836868,nan,1.0042194693094069,nan
C e g,3,-12.613038223296282,nan,-inf,nan,-16.813007020453174,nan,1.066409014946085,nan,1.0664731851192253,nan,1.0013144058885384,nan,1.0013283616353947,nan
z i J,3,-12.702607060607,nan,-inf,nan,-20.221018679164715,nan,1.0565835746684427,nan,1.0566977523145769,nan,1,1,1.000223633398541,1.0
m u S,3,-13.318975194563468,nan,-inf,nan,-15.361701082026565,nan,1.0867630475416594,nan,1.0867274687752286,nan,1.0010515247108307,nan,1.001107415988024,nan
D Y m,3,-11.348557837773349,nan,-12.68939261426992,nan,-12.383265068823297,nan,1.1862331436454612,nan,1.1856979915361194,nan,1.003509195258595,nan,1.003160432842449,nan
J e g,3,-13.07792675187525,nan,-inf,nan,-17.761733028080485,nan,1.0700772974038342,nan,1.0701232959261606,nan,1.0005257623554153,nan,1.0006655246932825,nan
f u v,3,-13.131524333633308,nan,-13.067519406457302,nan,-12.922560570499412,nan,1.0756628798299632,nan,1.0756807733449143,nan,1.0017545976292976,nan,1.001692033120495,nan
v X n,3,-11.11392490258369,nan,-11.368799880151398,nan,-11.436424179949418,nan,1.1610872968794355,nan,1.160663997203929,nan,1.0039226295144055,nan,1.003505290069357,nan
g i C,3,-12.248217316126254,nan,-10.831876216914116,nan,-10.967192597143606,nan,1.121134936709956,nan,1.1209281978995538,nan,1.002021301304855,nan,1.0019156665190363,nan
C i D,3,-12.125462783170848,nan,-inf,nan,-18.953441100987735,nan,1.0659320738887885,nan,1.065999703620785,nan,1.0010515247108307,nan,1.001107415988024,nan
C Y z,3,-12.884076372954691,nan,-inf,nan,-15.080763737328445,nan,1.0647843822436807,nan,1.0648561988094267,nan,1.0002705261734073,nan,1.0004499545482526,nan
d c T,3,-11.97575180570363,nan,-13.189733953626893,nan,-13.236005610448881,nan,1.136950455102245,nan,1.1366655709812648,nan,1.0039432176656151,nan,1.0035378181091021,nan
y X v,3,-13.404202147903138,nan,-11.859548873572315,nan,-11.8979960355309,nan,1.0760860451686889,nan,1.076101693413305,nan,1.0044880925102795,nan,1.0039931481596955,nan
z i g,3,-11.350038334195146,nan,-inf,nan,-20.795660678885717,nan,1.0656462014775865,nan,1.0657140354527816,nan,1,1,1.000223633398541,1.0
S e g,3,-12.905002957540066,nan,-inf,nan,-16.95255890085928,nan,1.0702083074916109,nan,1.0702536570264083,nan,1.001577287066246,nan,1.0015493072827655,nan
C e D,3,-12.490283690340876,nan,-inf,nan,-18.300638758789642,nan,1.0588342820906813,nan,1.0589371872723676,nan,1.0013144058885384,nan,1.0013283616353947,nan
n W T,3,-12.560873172654885,nan,-12.879245359128445,nan,-13.01127494136818,nan,1.0498694893526352,nan,1.050017074394608,nan,1.0035871208775518,nan,1.0032332771497496,nan
T x J,3,-13.289426395438458,nan,-inf,nan,-17.457956990344424,nan,1.1510519044606464,nan,1.1506967667805672,nan,1.0002628811777077,nan,1.0004445790459118,nan
T c g,3,-12.670875922657032,nan,-14.29039646448458,nan,-14.346823133831402,nan,1.1060924492508628,nan,1.105959453266928,nan,1.0022880049804126,nan,1.0021392999175773,nan
n c G,3,-10.328936681062101,nan,-11.054186316847742,nan,-11.113452143123427,nan,1.1270336311794664,nan,1.1267963357430542,nan,1.0077970422187241,nan,1.006771095258852,nan
s X n,3,-9.55813970364191,nan,-11.029806158997324,nan,-11.064661384394327,nan,1.2225310280467354,nan,1.2218033532200938,nan,1.0054999165806515,nan,1.0048309639535815,nan
s X d,3,-10.31256961726284,nan,-11.007730794724946,nan,-11.050164959450338,nan,1.1305521290882612,nan,1.130294807936821,nan,1.0042825488003189,nan,1.0038125187798799,nan
J e D,3,-12.955172218919841,nan,-inf,nan,-19.249364766416953,nan,1.0625025645484305,nan,1.062587298079303,nan,1.0005257623554153,nan,1.0006655246932825,nan
b c T,3,-12.471765570786978,nan,-12.432126340138813,nan,-12.494207125349702,nan,1.1563399480932053,nan,1.1559590138179223,nan,1.0067034700315458,nan,1.0058577474064951,nan
y x z,3,-11.673732981049666,nan,-10.848254932037598,nan,-10.949754999835877,nan,1.1811697112904629,nan,1.180663452335647,nan,1.0041205282286667,nan,1.0036805439468317,nan
y c T,3,-13.51159913740215,nan,-14.011006108436183,nan,-14.080622869613318,nan,1.1180850024623916,nan,1.117893572545598,nan,1.0013144058885384,nan,1.0013283616353947,nan
k X n,3,-9.790677638014701,nan,-11.410829167987766,nan,-11.431652814901316,nan,1.216766584184558,nan,1.2160674648091956,nan,1.0047112730475285,nan,1.0041681270114693,nan
D i C,3,-12.125462783170846,nan,-13.620950278515261,nan,-13.366660717004848,nan,1.159651902516323,nan,1.1592543613723736,nan,1.002021301304855,nan,1.0019156665190363,nan
D x S,3,-11.900398949524032,nan,-9.462409775346577,nan,-9.624071618916412,nan,1.2405581452846903,nan,1.2397588178748558,nan,1.0477817387152397,nan,1.040373647917398,nan
C x J,3,-13.083757474647511,nan,-inf,nan,-17.823395291805294,nan,1.147514632090674,nan,1.1471770170738795,nan,1.000131440588854,nan,1.0003341062222264,nan
z u S,3,-13.844058998956516,nan,-inf,nan,-21.0954514557558,nan,1.0279395181298947,nan,1.0281953347640176,nan,1.000131440588854,nan,1.0003341062222264,nan
n c d,3,-9.432848656505465,nan,-12.820271789307686,nan,-12.810507287176215,nan,1.1486757250520485,nan,1.1483277581626476,nan,1.0077970422187241,nan,1.006771095258852,nan
y x J,3,-13.03680049155974,nan,-inf,nan,-16.34541664799638,nan,1.169131296573839,nan,1.1686865986147479,nan,1.002497371188223,nan,1.002322617048563,nan
p u S,3,-13.236737096326497,nan,-inf,nan,-15.855457439413447,nan,1.0608230501618612,nan,1.0609159709261868,nan,1.000131440588854,nan,1.0003341062222264,nan
y X p,3,-12.439832236603332,nan,-10.73896758738132,nan,-10.864427575093835,nan,1.0952934034806054,nan,1.0952108308106943,nan,1.006246512637427,nan,1.0054642356328198,nan
D Y v,3,-12.230689650836183,nan,-14.056726936842377,nan,-13.713312404376277,nan,1.155257896790328,nan,1.154881143198076,nan,1.0009391966112258,nan,1.0010103819201905,nan
s X t,3,-9.402751399894303,nan,-10.797752914869537,nan,-10.82783541847894,nan,1.2290236562085102,nan,1.2282627799459718,nan,1.0061762320141698,nan,1.00539676682786,nan
y c G,3,-12.619213926381551,nan,-10.98887143383005,nan,-11.082896448296038,nan,1.12768868161835,nan,1.1274481412442927,nan,1.0028022998422783,nan,1.0025731279588077,nan
z i C,3,-12.237718532028035,nan,-16.21538326016196,nan,-15.94741007523317,nan,1.0637525182637355,nan,1.0638300359910673,nan,1.0017584201271472,nan,1.0016947208716656,nan
S Y v,3,-13.533089115868265,nan,-13.455682632788072,nan,-13.500643691193028,nan,1.071018410349872,nan,1.071058955738814,nan,1.0014649589666411,nan,1.001452273214932,nan
D i S,3,-12.41742751741463,nan,-inf,nan,-17.47633094478439,nan,1.1574876931290647,nan,1.1571012191304142,nan,1.0002628811777077,nan,1.0004445790459118,nan
S c S,3,-13.936816668186541,nan,-13.527498890091147,nan,-13.687783974982215,nan,1.102296576825307,nan,1.1021830337637495,nan,1.0020174788070053,nan,1.0019129787678658,nan
f X t,3,-10.722049632348188,nan,-11.039322186751967,nan,-11.061210629459818,nan,1.203083658828712,nan,1.20245128209693,nan,1.0056504696587545,nan,1.0049548755331186,nan
g i S,3,-12.540182050370037,nan,-inf,nan,-15.076862824923149,nan,1.1189707273226976,nan,1.1187750556575944,nan,1.0002628811777077,nan,1.0004445790459118,nan
C u v,3,-13.909142273382521,nan,-11.766905307321844,nan,-11.91813639111703,nan,1.0452685394657553,nan,1.045436998087451,nan,1.002148919395859,nan,1.0020234515915512,nan
t X t,3,-9.007045039942575,nan,-10.433823637975342,nan,-10.477397916379807,nan,1.1950920434743297,nan,1.194499254981821,nan,1.0076220784915622,nan,1.0066119678883991,nan
S X z,3,-13.386075856564904,nan,-10.78226816464233,nan,-10.884967918044328,nan,1.0558339376703842,nan,1.0559502987574154,nan,1.0016040445511947,nan,1.001568121540958,nan
S x J,3,-13.375722208891293,nan,-inf,nan,-17.495138933529102,nan,1.1513139246361999,nan,1.1509574889810625,nan,1.0006572029442693,nan,1.0007759975169679,nan
S u T,3,-14.94790690167857,nan,-inf,nan,-16.278613246717264,nan,1.0375704696414718,nan,1.037778901834225,nan,1.0003943217665616,nan,1.0005550518695971,nan
s X l,3,-9.867310033793206,nan,-12.001736493893098,nan,-12.028685814340069,nan,1.1700489504057237,nan,1.1695896538525792,nan,1.004958864233837,nan,1.0043783216541586,nan
g u v,3,-13.021462075549632,nan,-13.872998993635463,nan,-13.318023341694323,nan,1.09479035264537,nan,1.0947134939810763,nan,1.0017545976292976,nan,1.001692033120495,nan
w u v,3,-12.894050956764275,nan,-13.741548478504532,nan,-13.181219092019253,nan,1.1118216640563487,nan,1.1116604370132757,nan,1.0017545976292976,nan,1.001692033120495,nan
C Y b,3,-12.695464805182857,nan,-inf,nan,-17.957889655024513,nan,1.0664075392841244,nan,1.0664710554908963,nan,1.003787366427702,nan,1.0033921294945012,nan
z u b,3,-12.46530371500979,nan,-inf,nan,-23.682496524052667,nan,1.0365963556789277,nan,1.0368079037318552,nan,1.000131440588854,nan,1.0003341062222264,nan
J Y z,3,-13.348964901533659,nan,-14.120960769634797,nan,-13.618691067321476,nan,1.0684526647014299,nan,1.068506309616362,nan,1.0004019667622612,nan,1.000560427371938,nan
D x d,3,-10.025629900493959,nan,-inf,nan,-12.849471976383226,nan,1.2697749720126763,nan,1.2688262381413071,nan,1.0453470031545742,nan,1.0383367575699949,nan
f u S,3,-13.96462004113841,nan,-inf,nan,-16.615859231027958,nan,1.0661944637607084,nan,1.066260776036342,nan,1.000131440588854,nan,1.0003341062222264,nan
S c T,3,-13.850520854733704,nan,-14.953899682194498,nan,-15.027820891034562,nan,1.1002676305247525,nan,1.1001644629119127,nan,1.0003943217665616,nan,1.0005550518695971,nan
l W T,3,-12.870043502806181,nan,-12.405004459035869,nan,-12.53822314989034,nan,1.0655906998858462,nan,1.0656604064243305,nan,1.001615512044744,nan,1.001576184794469,nan
D Y b,3,-11.685030074394561,nan,-15.723346100644108,nan,-15.339695783044165,nan,1.1544463182701061,nan,1.1540737148573414,nan,1.0040502476054096,nan,1.003613075141872,nan
S Y b,3,-12.98742953942664,nan,-15.122301796589802,nan,-15.127027069860919,nan,1.0702068318296503,nan,1.0702515273980793,nan,1.004576009960825,nan,1.0040549664366134,nan
z i D,3,-11.227283801239738,nan,-inf,nan,-22.283292417222185,nan,1.0580714686221828,nan,1.058178037605924,nan,1,1,1.000223633398541,1.0
s X m,3,-10.472111145724973,nan,-inf,nan,-15.87821018463827,nan,1.1417789652846633,nan,1.141464233316985,nan,1.001577287066246,nan,1.0015493072827655,nan
h x s,3,-10.319535353068353,nan,-10.632721122693322,nan,-10.705222806171596,nan,1.269386850418941,nan,1.2684326812952627,nan,1.020889328482068,nan,1.0177097674777706,nan
T X z,3,-13.299780043112069,nan,-10.137015312503495,nan,-10.288170186924228,nan,1.0555719174948308,nan,1.05568957655692,nan,1.00212980690661,nan,1.0020100128356995,nan
y x S,3,-12.863876697224557,nan,-12.38343559790774,nan,-12.570560359200156,nan,1.1741360307818736,nan,1.173665740049279,nan,1.0049321067488886,nan,1.0043595073959661,nan
g c T,3,-12.670875922657032,nan,-12.159734121077342,nan,-12.233032112136929,nan,1.1459901511588413,nan,1.145660486898355,nan,1.012223974763407,nan,1.0104976060012807,nan
n W d,3,-10.77239993707765,nan,-11.687734678119831,nan,-11.75572409938416,nan,1.0811152623811757,nan,1.0811030655128961,nan,1.0037223839642553,nan,1.0033464377246053,nan
S u v,3,-14.201107007626305,nan,-12.072044704618028,nan,-12.20078911516381,nan,1.0490678320112812,nan,1.049217469994634,nan,1.0020174788070053,nan,1.0019129787678658,nan
k X m,3,-10.704649080097767,nan,-inf,nan,-16.245201615145255,nan,1.136014521422486,nan,1.1357283449060869,nan,1.000788643533123,nan,1.0008864703406533,nan
D x g,3,-10.720754017447359,nan,-inf,nan,-13.97356990743364,nan,1.2446160378857996,nan,1.2437959595785295,nan,1.0453470031545742,nan,1.0383367575699949,nan
y c S,3,-13.597894950854986,nan,-12.584605316332832,nan,-12.740585953560972,nan,1.1201139487629461,nan,1.1199121433974348,nan,1.002937562928982,nan,1.0026862885336634,nan
C X z,3,-13.09411112232112,nan,-11.745640092809651,nan,-11.76992035415261,nan,1.0520346451248583,nan,1.0521698268502324,nan,1.0010782821957793,nan,1.0011262302462165,nan
D i T,3,-12.331131703961793,nan,-13.85283478038398,nan,-13.61236117375994,nan,1.1554587468285102,nan,1.1550826482785774,nan,1.0021565643915586,nan,1.002028827093892,nan
s X z,3,-10.997194950118022,nan,-9.952053490149364,nan,-10.015240678245858,nan,1.1083689828688645,nan,1.1082250999567376,nan,1.0025241286731714,nan,1.0023414313067556,nan
S e D,3,-12.782248424584658,nan,-inf,nan,-18.440190639195748,nan,1.0626335746362072,nan,1.0627176591795506,nan,1.001577287066246,nan,1.0015493072827655,nan
d Y z,3,-11.3012720581684,nan,-10.78196930717076,nan,-10.806392565847386,nan,1.105266499366699,nan,1.1051377787859618,nan,1.002242135006215,nan,1.0021070469035331,nan
b A p,3,-10.868686658215589,nan,-9.769760452347072,nan,-9.839913577520715,nan,1.183890094642439,nan,1.1833678232208684,nan,1.0101973752987417,nan,1.0087837958457218,nan
b i l,3,-10.021043066000278,nan,-9.658228621060733,nan,-9.717698539439281,nan,1.19803417230251,nan,1.1974358487593713,nan,1.0152670919702227,nan,1.0130164288852794,nan
b i s,3,-9.952190792053102,nan,-inf,nan,-14.669841612455041,nan,1.2045268004642848,nan,1.2038952754852494,nan,1.0052576235541535,nan,1.004642546345956,nan
b X s,3,-10.808583382346187,nan,-10.246713550005005,nan,-10.310617286799024,nan,1.180078850937471,nan,1.1795688302851448,nan,1.0078773146735702,nan,1.006827538033429,nan
b Y s,3,-10.598548632979758,nan,-inf,nan,-14.378960342465254,nan,1.1928285880562932,nan,1.1922552022443391,nan,1.0034174553101998,nan,1.0030959268143607,nan
b x l,3,-9.50401449810968,nan,-8.832892483010328,nan,-8.8902280302038,nan,1.2811046244581357,nan,1.2800934475038128,nan,1.0192408896186362,nan,1.0163521156052033,nan
C A l,3,-11.432914194223736,nan,-13.479337247938751,nan,-13.537397995710347,nan,1.1640563581927375,nan,1.163625931883924,nan,1.0020060113134557,nan,1.001904915514355,nan
C i D,3,-12.125462783170848,nan,-inf,nan,-18.953441100987735,nan,1.0659320738887885,nan,1.065999703620785,nan,1.0010515247108307,nan,1.001107415988024,nan
C i n,3,-10.798663285551925,nan,-11.510731651581173,nan,-11.605722052875347,nan,1.1906446398295432,nan,1.1900745253136933,nan,1.0064620481789763,nan,1.0056338389822528,nan
C X J,3,-14.457178632831194,nan,-inf,nan,-17.481434951731593,nan,1.0399962304082344,nan,1.0401929731293333,nan,1.000131440588854,nan,1.0003341062222264,nan
C X g,3,-13.104609906419341,nan,-inf,nan,-18.056076951452596,nan,1.0490588572173782,nan,1.0492092562675381,nan,1.000131440588854,nan,1.0003341062222264,nan
C X T,3,-14.197959025043176,nan,-15.646966169745857,nan,-15.622580504924667,nan,1.0429720183157145,nan,1.0431535437120276,nan,1.000807756022372,nan,1.0008999090965052,nan
C x J,3,-13.083757474647511,nan,-inf,nan,-17.823395291805294,nan,1.147514632090674,nan,1.1471770170738795,nan,1.000131440588854,nan,1.0003341062222264,nan
C x n,3,-10.281634717661326,nan,-11.132998279183193,nan,-11.20580651340648,nan,1.2737150919851687,nan,1.2727321240581349,nan,1.0343530015248745,nan,1.0289637316607236,nan
C x S,3,-12.910833680312328,nan,-13.879416705289264,nan,-14.04853900300907,nan,1.1525193662987085,nan,1.1521561585084106,nan,1.0025661761495195,nan,1.0023709965696295,nan
C x C,3,-12.618868946068545,nan,-13.493501731103889,nan,-13.63993778486805,nan,1.1546835756859668,nan,1.15430930075037,nan,1.0040540701032594,nan,1.0036157628930424,nan
d i k,3,-9.688714961342544,nan,-inf,nan,-15.695110837825178,nan,1.1682294216353697,nan,1.1677804088832844,nan,1.0018401682439537,nan,1.0017702529301362,nan
d i s,3,-9.456177026969755,nan,-inf,nan,-15.556669236148771,nan,1.1851373074733245,nan,1.1846018326485919,nan,1.0018401682439537,nan,1.0017702529301362,nan
d i t,3,-9.060470667018027,nan,-8.991436223678612,nan,-9.033540814070655,nan,1.2376193851143362,nan,1.2368155320161063,nan,1.0106322688796903,nan,1.0091256902957582,nan
d E p,3,-10.609061671196471,nan,-13.303661119638685,nan,-13.286944048490724,nan,1.1539853545431717,nan,1.15361139320137,nan,1.0025164836774718,nan,1.002336055804415,nan
d X s,3,-10.31256961726284,nan,-10.716639091041301,nan,-10.771447362200883,nan,1.1606893579465105,nan,1.1602753874484872,nan,1.0055113840742012,nan,1.0048390272070924,nan
D i D,3,-11.11502805238255,nan,-inf,nan,-19.70254305899386,nan,1.1539708528747703,nan,1.1536023629872303,nan,1.0002628811777077,nan,1.0004445790459118,nan
D i g,3,-11.237782585337957,nan,-inf,nan,-18.214911320657393,nan,1.161545585730174,nan,1.161138360834088,nan,1.0002628811777077,nan,1.0004445790459118,nan
D i C,3,-12.125462783170846,nan,-13.620950278515261,nan,-13.366660717004848,nan,1.159651902516323,nan,1.1592543613723736,nan,1.002021301304855,nan,1.0019156665190363,nan
d I J,3,-11.67028524140909,nan,-12.864125766003868,nan,-12.917646250004676,nan,1.1408095778151643,nan,1.1405059420674168,nan,1.0082845795956414,nan,1.00718610904189,nan
d I D,3,-10.194961982041827,nan,-13.329472809419652,nan,-13.321691911458615,nan,1.1422974717689045,nan,1.141986227358764,nan,1.0109898413297143,nan,1.0094493205390045,nan
d Y p,3,-10.693950155538383,nan,-11.31217390645635,nan,-11.359622301174495,nan,1.126908593239281,nan,1.1266692012055552,nan,1.0049473967402878,nan,1.0043702584006475,nan
d Y t,3,-9.706828507944682,nan,-9.467001750288512,nan,-9.515592523378139,nan,1.2259211727063446,nan,1.225175458775196,nan,1.0073821323009533,nan,1.0064071487480504,nan
d I T,3,-11.41106563362107,nan,-12.5843488730592,nan,-12.652725529095882,nan,1.1437853657226444,nan,1.1434665126501111,nan,1.008149316508938,nan,1.0070729484670342,nan
d I Z,3,-15.562105539519715,nan,-inf,nan,-16.795209954700393,nan,1.1389158946013134,nan,1.1386219426057025,nan,1.008149316508938,nan,1.0070729484670342,nan
f i k,3,-10.493901336379622,nan,-inf,nan,-16.006756006532104,nan,1.1581416448765594,nan,1.1577426041642127,nan,1.0027602523659307,nan,1.0025435626959338,nan
f i s,3,-10.26136340200683,nan,-inf,nan,-15.868314404855695,nan,1.1750495307145141,nan,1.1745640279295202,nan,1.0027602523659307,nan,1.0025435626959338,nan
f X s,3,-11.117755992299916,nan,-11.604477344546591,nan,-11.632671140971032,nan,1.1506015811877002,nan,1.1502375827294156,nan,1.0053799434853472,nan,1.004728554383407,nan
f X t,3,-10.722049632348188,nan,-11.039322186751967,nan,-11.061210629459818,nan,1.203083658828712,nan,1.20245128209693,nan,1.0056504696587545,nan,1.0049548755331186,nan
f Y k,3,-11.140259177306277,nan,-10.262491883107245,nan,-10.337388067770068,nan,1.1464434324685677,nan,1.1461025309233024,nan,1.0108722150702991,nan,1.0093305094361067,nan
f x l,3,-9.813187108063408,nan,-9.658897444119459,nan,-9.722075547812555,nan,1.251627354708365,nan,1.2507621999480836,nan,1.015429112541875,nan,1.0131484037183274,nan
g e s,3,-10.516122051093184,nan,-inf,nan,-16.505077650751304,nan,1.1870792117318136,nan,1.1865342322172647,nan,1.0006572029442693,nan,1.0007759975169679,nan
g W d,3,-12.221953967651979,nan,-13.019819205305197,nan,-12.738241248690965,nan,1.109675461516509,nan,1.1095217853668917,nan,1.00148789395374,nan,1.001468399721954,nan
g W r,3,-11.951369166183555,nan,-inf,nan,-16.669077749888586,nan,1.1539064908685988,nan,1.1535266299369362,nan,1,1,1.000223633398541,1.0
g W z,3,-12.906579300507161,nan,-13.823679174466454,nan,-13.319185770250876,nan,1.0874923152971123,nan,1.0874520773868084,nan,1.0002705261734073,nan,1.0004499545482526,nan
g i C,3,-12.248217316126254,nan,-10.831876216914116,nan,-10.967192597143606,nan,1.121134936709956,nan,1.1209281978995538,nan,1.002021301304855,nan,1.0019156665190363,nan
g i J,3,-12.71310584470522,nan,-inf,nan,-15.24080120107515,nan,1.113965993114663,nan,1.1137959142230633,nan,1.0002628811777077,nan,1.0004445790459118,nan
g i D,3,-11.237782585337957,nan,-inf,nan,-17.30307493913262,nan,1.1154538870684032,nan,1.1152761995144105,nan,1.0002628811777077,nan,1.0004445790459118,nan
g X g,3,-12.216929708586452,nan,-inf,nan,-15.379637845310466,nan,1.098580670396993,nan,1.0984857521611635,nan,1.0011829652996846,nan,1.0012178888117094,nan
g u v,3,-13.021462075549632,nan,-13.872998993635463,nan,-13.318023341694323,nan,1.09479035264537,nan,1.0947134939810763,nan,1.0017545976292976,nan,1.001692033120495,nan
h e s,3,-11.201384828128981,nan,-inf,nan,-15.275502362832837,nan,1.1792186064652082,nan,1.1787125662024036,nan,1.0028916929547844,nan,1.0026540355196192,nan
h e n,3,-10.96106677192486,nan,-10.022586423888693,nan,-10.10762244026006,nan,1.2252080559444452,nan,1.22446683884404,nan,1.006002743948968,nan,1.0052567287413008,nan
h i n,3,-10.596245864754831,nan,-9.057929444982495,nan,-9.165545102316745,nan,1.2323058477425524,nan,1.2315293551924575,nan,1.0139541617436452,nan,1.011930789932319,nan
h Y s,3,-11.482921761885608,nan,-inf,nan,-14.554678498545806,nan,1.1746181858553237,nan,1.1741350093099108,nan,1.0046004206098844,nan,1.0040901822275292,nan
h x s,3,-10.319535353068353,nan,-10.632721122693322,nan,-10.705222806171596,nan,1.269386850418941,nan,1.2684326812952627,nan,1.020889328482068,nan,1.0177097674777706,nan
J X T,3,-14.662847553622141,nan,-inf,nan,-16.799565164532954,nan,1.0466403007734637,nan,1.046803654518963,nan,1.000676315433518,nan,1.0007894362728198,nan
J x n,3,-10.74652324624029,nan,-8.88174113001105,nan,-9.063831889589588,nan,1.277383374442918,nan,1.2763822348650702,nan,1.0409250309675664,nan,1.0344873728449924,nan
k e d,3,-10.053535868512574,nan,-inf,nan,-14.264017428784726,nan,1.1421378429547906,nan,1.1418228483776098,nan,1.0014458464773923,nan,1.00143883445908,nan
k X m,3,-10.704649080097767,nan,-inf,nan,-16.245201615145255,nan,1.136014521422486,nan,1.1357283449060869,nan,1.000788643533123,nan,1.0008864703406533,nan
l e l,3,-9.444590624617327,nan,-inf,nan,-15.88247204943669,nan,1.1677475949679166,nan,1.1672994176671134,nan,1.0006572029442693,nan,1.0007759975169679,nan
m A b,3,-10.950924756452562,nan,-13.88316355165814,nan,-13.851686679377774,nan,1.154962471841481,nan,1.1545867026659018,nan,1.0062044651610789,nan,1.0054346703699462,nan
m e p,3,-10.57195475024389,nan,-inf,nan,-15.192924548543136,nan,1.1419898208713062,nan,1.141675646117863,nan,1.003286014721346,nan,1.0029854539906753,nan
m A v,3,-11.496584332894184,nan,-10.893577160687794,nan,-10.958810139402615,nan,1.1557740503617029,nan,1.1553941310066365,nan,1.0080981483749298,nan,1.0070189184179263,nan
m A z,3,-11.139536324224395,nan,-9.631135342539261,nan,-9.690049094871759,nan,1.1533393148010374,nan,1.1529718459844323,nan,1.0059339389876716,nan,1.0052083492202348,nan
m X n,3,-10.231793089520854,nan,-11.856857485416015,nan,-11.827269665931352,nan,1.2171596144478882,nan,1.2164585481099386,nan,1.0041855106921131,nan,1.0037262357167278,nan
m X s,3,-10.472111145724975,nan,-12.189959399082852,nan,-12.16190421152718,nan,1.1711701649686512,nan,1.1707042754683021,nan,1.0045912999522242,nan,1.0040657174412948,nan
m Y d,3,-10.776188253775354,nan,-inf,nan,-13.752927261112198,nan,1.1379304526082363,nan,1.13763637478586,nan,1.010646687697161,nan,1.0091719321170562,nan
m x b,3,-10.108815610041447,nan,-inf,nan,-17.768052769903562,nan,1.2121391279929006,nan,1.211479195472598,nan,1.0057833859095688,nan,1.0050844376406975,nan
n e s,3,-9.066568020518854,nan,-inf,nan,-16.885356891297086,nan,1.1585190125964804,nan,1.1581155123632692,nan,1.0006572029442693,nan,1.0007759975169679,nan
n e n,3,-8.826249964314734,nan,-11.691594993483188,nan,-11.71747696872431,nan,1.2045084620757174,nan,1.2038697850049056,nan,1.003768253938453,nan,1.0033786907386495,nan
n c d,3,-9.432848656505465,nan,-12.820271789307686,nan,-12.810507287176215,nan,1.1486757250520485,nan,1.1483277581626476,nan,1.0077970422187241,nan,1.006771095258852,nan
n W d,3,-10.77239993707765,nan,-11.687734678119831,nan,-11.75572409938416,nan,1.0811152623811757,nan,1.0811030655128961,nan,1.0037223839642553,nan,1.0033464377246053,nan
n c G,3,-10.328936681062101,nan,-11.054186316847742,nan,-11.113452143123427,nan,1.1270336311794664,nan,1.1267963357430542,nan,1.0077970422187241,nan,1.006771095258852,nan
n i n,3,-8.461429057144704,nan,-10.798681919435829,nan,-10.828446232695036,nan,1.2116062538738246,nan,1.210932301353323,nan,1.006724929356684,nan,1.0058547846296235,nan
p e k,3,-10.130839298737737,nan,-11.268812316173655,nan,-11.299102483535968,nan,1.145672439479605,nan,1.14533528270564,nan,1.0126917951630432,nan,1.0108446009279568,nan
p e m,3,-10.57195475024389,nan,-inf,nan,-16.742055901953705,nan,1.1278177120347246,nan,1.1275718592094752,nan,1.000788643533123,nan,1.0008864703406533,nan
p e p,3,-10.489716652006917,nan,-inf,nan,-16.48728723880471,nan,1.116049823491508,nan,1.1158641482688212,nan,1.000788643533123,nan,1.0008864703406533,nan
p i m,3,-10.207133843073862,nan,-inf,nan,-15.845829459513258,nan,1.1349155038328318,nan,1.1346343755578927,nan,1.0019716088328077,nan,1.0018807257538216,nan
p X b,3,-11.39999866998816,nan,-inf,nan,-17.95930762395729,nan,1.0786807289306628,nan,1.07868365367901,nan,1.0017087276551,nan,1.0016597801064508,nan
p X d,3,-10.903984904904812,nan,-10.800502349381361,nan,-10.859610615437921,nan,1.0992407181096158,nan,1.0991385049776239,nan,1.0044139893891728,nan,1.0039229916035652,nan
p X v,3,-11.945658246429783,nan,-12.814340567155408,nan,-12.777576183799988,nan,1.0794923074508846,nan,1.0794910820197448,nan,1.002385043088618,nan,1.0022255829807296,nan
r e m,3,-10.224066518550305,nan,-inf,nan,-16.850549315715927,nan,1.1054149870248988,nan,1.1052801110671209,nan,1.000788643533123,nan,1.0008864703406533,nan
r i g,3,-10.39482819987154,nan,-inf,nan,-16.666957262159407,nan,1.0761270084997272,nan,1.0761429234725965,nan,1.0017087276551,nan,1.0016597801064508,nan
r i s,3,-9.185592225501331,nan,-inf,nan,-16.219203212857224,nan,1.1472753921058412,nan,1.1469274746770106,nan,1.0017087276551,nan,1.0016597801064508,nan
r i t,3,-8.789885865549603,nan,-9.66219626270536,nan,-9.696074790779111,nan,1.199757469746853,nan,1.199141174044525,nan,1.0105008282908365,nan,1.0090152174720728,nan
r i z,3,-10.384329415773323,nan,-9.503008102676384,nan,-9.569870448643092,nan,1.0791027964072073,nan,1.0791034940552908,nan,1.0038729370423582,nan,1.0034703493041424,nan
r E p,3,-10.338476869728048,nan,-13.097813252781279,nan,-13.1057199915171,nan,1.1161234391756885,nan,1.1159370352297888,nan,1.0025164836774718,nan,1.002336055804415,nan
r I D,3,-9.924377180573403,nan,-14.950475731601571,nan,-14.928034445453008,nan,1.1044355564014214,nan,1.1043118693871827,nan,1.0036291683538994,nan,1.0032628424126235,nan
r I S,3,-11.226776645605483,nan,-12.456867503968654,nan,-12.589344347816846,nan,1.1079523966557159,nan,1.1078107255303666,nan,1.002682326746974,nan,1.0024707183886334,nan
r I T,3,-11.140480832152646,nan,-14.20535179524112,nan,-14.259068063090279,nan,1.1059234503551614,nan,1.1057921546785299,nan,1.000788643533123,nan,1.0008864703406533,nan
r I Z,3,-15.291520738051291,nan,-inf,nan,-18.40155248869479,nan,1.1010539792338303,nan,1.1009475846341212,nan,1.000788643533123,nan,1.0008864703406533,nan
r I z,3,-10.036632929430592,nan,-9.795330020796747,nan,-9.857841960569385,nan,1.1149860771643052,nan,1.1148084378167347,nan,1.0030881160070848,nan,1.0028102001132007,nan
r x l,3,-8.737415931557909,nan,-10.810951925374589,nan,-10.840672632827498,nan,1.223853216099692,nan,1.223125646695574,nan,1.0124059789982367,nan,1.0106075287735639,nan
s i g,3,-10.151301143923156,nan,-inf,nan,-16.087970300277846,nan,1.1298411444881984,nan,1.129590974574148,nan,1.002497371188223,nan,1.002322617048563,nan
s i v,3,-10.497850368494724,nan,-10.46467542381092,nan,-10.541730618240047,nan,1.135251667956344,nan,1.1349738301790464,nan,1.0038500020552594,nan,1.0034542227971204,nan
s X d,3,-10.31256961726284,nan,-11.007730794724946,nan,-11.050164959450338,nan,1.1305521290882612,nan,1.130294807936821,nan,1.0042825488003189,nan,1.0038125187798799,nan
s X g,3,-11.00769373421624,nan,-inf,nan,-16.301397275545845,nan,1.1053931949613844,nan,1.1052645293740433,nan,1.001577287066246,nan,1.0015493072827655,nan
s X k,3,-10.03099569421882,nan,-12.009619598485177,nan,-12.040841109338643,nan,1.1596336927295436,nan,1.1592276568131499,nan,1.004958864233837,nan,1.0043783216541586,nan
s X m,3,-10.472111145724973,nan,-inf,nan,-15.87821018463827,nan,1.1417789652846633,nan,1.141464233316985,nan,1.001577287066246,nan,1.0015493072827655,nan
S x J,3,-13.375722208891293,nan,-inf,nan,-17.495138933529102,nan,1.1513139246361999,nan,1.1509574889810625,nan,1.0006572029442693,nan,1.0007759975169679,nan
S x C,3,-12.910833680312328,nan,-13.143234275822977,nan,-13.311681426591857,nan,1.1584828682314927,nan,1.158089772657553,nan,1.0045798324586748,nan,1.004057654187784,nan
s Y b,3,-10.598548632979758,nan,-13.75987030834953,nan,-13.736002906429164,nan,1.1227418770281306,nan,1.1225263285974014,nan,1.0043131287831173,nan,1.0038340207892427,nan
s Y v,3,-11.144208209421382,nan,-12.0932511445478,nan,-12.109619527761273,nan,1.1235534555483524,nan,1.123333756938136,nan,1.0012020777889334,nan,1.0012313275675613,nan
s x J,3,-10.986841302444411,nan,-inf,nan,-15.396562908334852,nan,1.2038489698346801,nan,1.2032322901803847,nan,1.0068349106203995,nan,1.0059682202301805,nan
s x g,3,-9.634272576032558,nan,-inf,nan,-15.971204908055855,nan,1.212911596643824,nan,1.2122485733185895,nan,1.0068349106203995,nan,1.0059682202301805,nan
s x S,3,-10.813917508109228,nan,-11.492055395882238,nan,-11.621706619538626,nan,1.2088537040427147,nan,1.2082114316149157,nan,1.009269646181065,nan,1.0080051105775836,nan
t e s,3,-8.911179716771246,nan,-inf,nan,-15.580290351760452,nan,1.1599601235620247,nan,1.1595494844659937,nan,1.0035488958990537,nan,1.003206399638046,nan
t E m,3,-9.781481552064907,nan,-12.205266357476493,nan,-12.244371422883644,nan,1.1476738509731959,nan,1.1473292723078434,nan,1.0080316902495228,nan,1.0069541373641366,nan
t X t,3,-9.007045039942575,nan,-10.433823637975342,nan,-10.477397916379807,nan,1.1950920434743297,nan,1.194499254981821,nan,1.0076220784915622,nan,1.0066119678883991,nan
T i n,3,-11.00433220634287,nan,-12.666327343844282,nan,-12.643969855246237,nan,1.1941819121995156,nan,1.193594275020381,nan,1.0058048452347073,nan,1.005081474863826,nan
T X T,3,-14.403627945834122,nan,-14.0383413894397,nan,-14.140830337696283,nan,1.046509290685687,nan,1.0466732934187153,nan,1.0018592807332027,nan,1.0017836916859881,nan
T x J,3,-13.289426395438458,nan,-inf,nan,-17.457956990344424,nan,1.1510519044606464,nan,1.1506967667805672,nan,1.0002628811777077,nan,1.0004445790459118,nan
T x S,3,-13.116502601103274,nan,-13.494567356605225,nan,-13.683100701548197,nan,1.156056638668681,nan,1.1556759082150982,nan,1.0026976167383732,nan,1.0024814693933148,nan
T x C,3,-12.82453786685949,nan,-13.10865238241985,nan,-13.274499483407178,nan,1.1582208480559393,nan,1.1578290504570576,nan,1.0041855106921131,nan,1.0037262357167278,nan
t Y s,3,-9.192716650527872,nan,-inf,nan,-16.233832277728034,nan,1.1553597029521403,nan,1.1549719275735009,nan,1.002497371188223,nan,1.002322617048563,nan
t x l,3,-8.098182515657795,nan,-9.495716671121185,nan,-9.527198640889495,nan,1.2436357393539827,nan,1.2428101728329746,nan,1.013851825475629,nan,1.011822729834103,nan
v e t,3,-10.466964915713024,nan,-inf,nan,-15.86383452213537,nan,1.184930082769917,nan,1.184387352781494,nan,1.0032463140808874,nan,1.0029394871950783,nan
v i n,3,-10.257532312290605,nan,-13.667657103031429,nan,-13.659093873997112,nan,1.1855352464062494,nan,1.1849904424040336,nan,1.0055419640569996,nan,1.0048605292164552,nan
v X n,3,-11.11392490258369,nan,-11.368799880151398,nan,-11.436424179949418,nan,1.1610872968794355,nan,1.160663997203929,nan,1.0039226295144055,nan,1.003505290069357,nan
v e D,3,-11.949152717079556,nan,-inf,nan,-23.42286511829436,nan,1.0537248886673876,nan,1.053853104362708,nan,1,1,1.000223633398541,1.0
v Y k,3,-11.376746143794172,nan,-15.058997117816883,nan,-14.848833617035401,nan,1.110939698681066,nan,1.1107746727561794,nan,1.0082434032932224,nan,1.0071210529623993,nan
v Y r,3,-11.387735265369768,nan,-16.770073853796926,nan,-16.528945043199332,nan,1.1260891643918733,nan,1.125846668449895,nan,1.001615512044744,nan,1.001576184794469,nan
v Y t,3,-10.748501849469655,nan,-14.077715880325838,nan,-13.86233404711438,nan,1.1803296621600325,nan,1.1798097958890013,nan,1.0056734046458533,nan,1.0049710020401406,nan
w e s,3,-10.388710932307825,nan,-inf,nan,-14.834343041150282,nan,1.2041105231427924,nan,1.203481175249464,nan,1.0042060988433228,nan,1.0037587637564729,nan
w x J,3,-12.068666158029263,nan,-inf,nan,-14.411438126758942,nan,1.2140677566812674,nan,1.2134004559997043,nan,1.0152471083070451,nan,1.0130384809460444,nan
w x S,3,-11.89574236369408,nan,-10.478781468787789,nan,-10.636581837962714,nan,1.219072490889302,nan,1.2183795974342353,nan,1.0176818438677107,nan,1.0150753712934475,nan
w x C,3,-11.603777629450297,nan,-10.092866494602413,nan,-10.227980619821695,nan,1.2212367002765603,nan,1.2205327396761947,nan,1.0191697378214506,nan,1.0163201376168605,nan
y c d,3,-11.723125901824915,nan,-12.754956906289998,nan,-12.779951592348826,nan,1.149330775490932,nan,1.1489795636638862,nan,1.0028022998422783,nan,1.0025731279588077,nan
y c g,3,-12.418250018778316,nan,-13.238983940488717,nan,-13.30327566297031,nan,1.1241718413640553,nan,1.1239492851011086,nan,1.0032080891023893,nan,1.002912609683375,nan
y c G,3,-12.619213926381551,nan,-10.98887143383005,nan,-11.082896448296038,nan,1.12768868161835,nan,1.1274481412442927,nan,1.0028022998422783,nan,1.0025731279588077,nan
y X C,3,-13.94533312116446,nan,-inf,nan,-14.443455190158213,nan,1.0687818384866923,nan,1.0688348383466921,nan,1.0038117770767614,nan,1.0034273452854168,nan
y X g,3,-13.05765292333157,nan,-inf,nan,-15.23126278326434,nan,1.0706755217005433,nan,1.0707188378084065,nan,1.0038117770767614,nan,1.0034273452854168,nan
y X T,3,-14.151002041955405,nan,-12.691359428158892,nan,-12.797766336736409,nan,1.0645886827988795,nan,1.064663125252896,nan,1.0044880925102795,nan,1.0039931481596955,nan
y X v,3,-13.404202147903138,nan,-11.859548873572315,nan,-11.8979960355309,nan,1.0760860451686889,nan,1.076101693413305,nan,1.0044880925102795,nan,1.0039931481596955,nan
y x J,3,-13.03680049155974,nan,-inf,nan,-16.34541664799638,nan,1.169131296573839,nan,1.1686865986147479,nan,1.002497371188223,nan,1.002322617048563,nan
y x S,3,-12.863876697224557,nan,-12.38343559790774,nan,-12.570560359200156,nan,1.1741360307818736,nan,1.173665740049279,nan,1.0049321067488886,nan,1.0043595073959661,nan
y x C,3,-12.571911962980774,nan,-11.997520623722364,nan,-12.161959141059135,nan,1.1763002401691318,nan,1.1758188822912383,nan,1.0064200007026285,nan,1.005604273719379,nan
b O n,3,-12.882546458899304,nan,-10.77041566461278,nan,-11.036698659132426,nan,1.1993858608793788,nan,1.1987732729503229,nan,1.0018631032310525,nan,1.0017863794371584,nan
b O r,3,-13.36639157105181,nan,-inf,nan,-13.636025305671577,nan,1.1516379912729944,nan,1.1512695722370945,nan,1.0010515247108307,nan,1.001107415988024,nan
b O s,3,-13.122864515103425,nan,-11.474297128399893,nan,-11.693719075188353,nan,1.1533964114001418,nan,1.1530190003086864,nan,1.0014573139709415,nan,1.0014468977125912,nan
b U n,3,-11.242978805013175,nan,-inf,nan,-13.713069531695673,nan,1.226068300416708,nan,1.2253231029267813,nan,1.0039432176656151,nan,1.0035378181091021,nan
b u r,3,-11.510093580686185,nan,-10.990309754804727,nan,-11.00502897616687,nan,1.1691195895905548,nan,1.1686642884285672,nan,1.0127032626565928,nan,1.0108526641814677,nan
b U s,3,-11.483296861217296,nan,-inf,nan,-14.013415003812868,nan,1.180078850937471,nan,1.1795688302851448,nan,1.0039432176656151,nan,1.0035378181091021,nan
b W r,3,-11.752258814313503,nan,-inf,nan,-14.959929374192185,nan,1.1642562878029628,nan,1.1638251568565035,nan,1.0019716088328077,nan,1.0018807257538216,nan
C e D,3,-12.490283690340876,nan,-inf,nan,-18.300638758789642,nan,1.0588342820906813,nan,1.0589371872723676,nan,1.0013144058885384,nan,1.0013283616353947,nan
C i D,3,-12.125462783170848,nan,-inf,nan,-18.953441100987735,nan,1.0659320738887885,nan,1.065999703620785,nan,1.0010515247108307,nan,1.001107415988024,nan
C O b,3,-15.219780687306523,nan,-inf,nan,-19.176303143505244,nan,1.026975362627973,nan,1.0272348535552436,nan,1.000131440588854,nan,1.0003341062222264,nan
C O g,3,-15.418891039176575,nan,-inf,nan,-17.32783845108138,nan,1.0223764176800492,nan,1.0226594262910798,nan,1.000131440588854,nan,1.0003341062222264,nan
C O v,3,-15.765440263748147,nan,-inf,nan,-15.940481852403254,nan,1.0277869411481948,nan,1.0280422818959782,nan,1.000131440588854,nan,1.0003341062222264,nan
C u D,3,-13.439838515855543,nan,-inf,nan,-17.83764716585505,nan,1.032283283142206,nan,1.0325181446356948,nan,1.0005257623554153,nan,1.0006655246932825,nan
C u S,3,-14.742237980887623,nan,-inf,nan,-15.611435051645577,nan,1.0358001233965004,nan,1.0360170007788787,nan,1.0005257623554153,nan,1.0006655246932825,nan
C u T,3,-14.655942167434786,nan,-inf,nan,-15.995960522670487,nan,1.033771177095946,nan,1.033998429927042,nan,1.0005257623554153,nan,1.0006655246932825,nan
D e C,3,-12.490283690340876,nan,-inf,nan,-14.042045105119364,nan,1.1525541107182158,nan,1.152191845023956,nan,1.0068349106203995,nan,1.0059682202301805,nan
D e D,3,-11.479848959552578,nan,-inf,nan,-16.31748443656196,nan,1.146873061076663,nan,1.1465398466388128,nan,1.0068349106203995,nan,1.0059682202301805,nan
D e J,3,-12.955172218919841,nan,-10.749337220405495,nan,-10.923006188329285,nan,1.145385167122923,nan,1.1450595613474657,nan,1.0076464891406214,nan,1.006647183679315,nan
D e S,3,-12.782248424584658,nan,-inf,nan,-14.091272322352486,nan,1.1503899013309575,nan,1.1500387027819967,nan,1.0068349106203995,nan,1.0059682202301805,nan
D i C,3,-12.125462783170846,nan,-13.620950278515261,nan,-13.366660717004848,nan,1.159651902516323,nan,1.1592543613723736,nan,1.002021301304855,nan,1.0019156665190363,nan
D i D,3,-11.11502805238255,nan,-inf,nan,-19.70254305899386,nan,1.1539708528747703,nan,1.1536023629872303,nan,1.0002628811777077,nan,1.0004445790459118,nan
D i S,3,-12.41742751741463,nan,-inf,nan,-17.47633094478439,nan,1.1574876931290647,nan,1.1571012191304142,nan,1.0002628811777077,nan,1.0004445790459118,nan
D i T,3,-12.331131703961793,nan,-13.85283478038398,nan,-13.61236117375994,nan,1.1554587468285102,nan,1.1550826482785774,nan,1.0021565643915586,nan,1.002028827093892,nan
d u r,3,-11.014079815602837,nan,-10.435730979326637,nan,-10.511698045639164,nan,1.1497300965995945,nan,1.1493708455919096,nan,1.013360465600862,nan,1.0114050282998945,nan
D W C,3,-13.682003749482863,nan,-14.498022667603696,nan,-14.147128765847405,nan,1.1211398099821483,nan,1.1209336708152196,nan,1.0002705261734073,nan,1.0004499545482526,nan
D W D,3,-12.671569018694566,nan,-inf,nan,-18.214327566518055,nan,1.1154587603405957,nan,1.1152816724300763,nan,1,1,1.000223633398541,1.0
D W T,3,-13.887672670273808,nan,-13.822350117567014,nan,-13.60005220109371,nan,1.1169466542943356,nan,1.1167619577214234,nan,1.0013526308670364,nan,1.0013552391470983,nan
f U n,3,-11.552151414966904,nan,-inf,nan,-14.901591993243159,nan,1.1965910306669372,nan,1.195991855371052,nan,1.0018401682439537,nan,1.0017702529301362,nan
f u r,3,-11.819266190639913,nan,-12.348073549346314,nan,-12.193551437714355,nan,1.1396423198407841,nan,1.139333040872838,nan,1.0124403814788852,nan,1.010631718534097,nan
f U s,3,-11.792469471171025,nan,-inf,nan,-15.201937465360354,nan,1.1506015811877002,nan,1.1502375827294156,nan,1.0018401682439537,nan,1.0017702529301362,nan
f W r,3,-12.061431424267232,nan,-inf,nan,-15.762789354927687,nan,1.134779018053192,nan,1.1344939093007742,nan,1.000920084121977,nan,1.0009969431643386,nan
f x r,3,-9.987861890064618,nan,-11.033498610020834,nan,-11.093419133029286,nan,1.2563615627429923,nan,1.2554721986023698,nan,1.0096127998136186,nan,1.0082824989995314,nan
g U n,3,-11.442089156883227,nan,-inf,nan,-14.54984036260785,nan,1.215718503482344,nan,1.215024576007214,nan,1.001577287066246,nan,1.0015493072827655,nan
g U S,3,-14.07128811953423,nan,-11.944945589857886,nan,-12.07445285836622,nan,1.0945227777958837,nan,1.0944486104574898,nan,1.0027946548465787,nan,1.0025677524564671,nan
g U T,3,-13.984992306081393,nan,-inf,nan,-14.943884979179131,nan,1.0924938314953292,nan,1.092430039605653,nan,1.001577287066246,nan,1.0015493072827655,nan
g W C,3,-13.804758282438268,nan,-14.887002436350496,nan,-14.540868655428678,nan,1.0826228441757813,nan,1.0826075073423997,nan,1.0002705261734073,nan,1.0004499545482526,nan
g W D,3,-12.794323551649972,nan,-inf,nan,-18.608067456099327,nan,1.0769417945342286,nan,1.0769555089572564,nan,1,1,1.000223633398541,1.0
g W T,3,-14.010427203229215,nan,-14.211329886313814,nan,-13.993792090674985,nan,1.0784296884879685,nan,1.0784357942486036,nan,1.0013526308670364,nan,1.0013552391470983,nan
g x r,3,-9.877799631980942,nan,-9.693939373033345,nan,-9.760180570963279,nan,1.275489035558399,nan,1.2745049192385318,nan,1.0196022845665103,nan,1.01667843359962,nan
h U n,3,-12.127351933919025,nan,-inf,nan,-15.61600863586671,nan,1.2078578982157384,nan,1.207202909992353,nan,1.0003943217665616,nan,1.0005550518695971,nan
h u r,3,-12.394466709592034,nan,-11.228599472560662,nan,-11.180747132247422,nan,1.1509091873895854,nan,1.1505440954941388,nan,1.0128347032454466,nan,1.010963137005153,nan
h U s,3,-12.367669990123145,nan,-inf,nan,-15.916354107983905,nan,1.1618684487365014,nan,1.1614486373507165,nan,1.0003943217665616,nan,1.0005550518695971,nan
h W r,3,-12.636631943219353,nan,-inf,nan,-14.5676634926668,nan,1.1460458856019933,nan,1.145704963922075,nan,1.0018401682439537,nan,1.0017702529301362,nan
J O b,3,-15.68466921588549,nan,-inf,nan,-17.714230473498276,nan,1.0306436450857221,nan,1.030884964362179,nan,1.000131440588854,nan,1.0003341062222264,nan
J x r,3,-11.230368358392797,nan,-10.748234589402621,nan,-10.929507376633982,nan,1.2296355048365335,nan,1.2288785341518418,nan,1.0119787304129877,nan,1.0102710098258683,nan
k E G,3,-11.146272342483925,nan,-13.248306871587518,nan,-13.15386654672596,nan,1.1429720897762148,nan,1.1426560610613383,nan,1.0009239066198266,nan,1.0009996309155091,nan
k E S,3,-12.124953366957364,nan,-14.47939764050239,nan,-14.45873467736815,nan,1.135397356920811,nan,1.1351200632144804,nan,1.000788643533123,nan,1.0008864703406533,nan
k i b,3,-10.184728726425892,nan,-inf,nan,-18.040814450045364,nan,1.1286756455739448,nan,1.1284305134274135,nan,1.0019716088328077,nan,1.0018807257538216,nan
k i C,3,-11.271519276128835,nan,-11.230939963473435,nan,-11.344099153968953,nan,1.12218301741217,nan,1.1219710867015353,nan,1.003730028959955,nan,1.003351813226946,nan
k i D,3,-10.261084545340537,nan,-inf,nan,-17.679981495957968,nan,1.1165019677706174,nan,1.116319088316392,nan,1.0019716088328077,nan,1.0018807257538216,nan
k i r,3,-9.41813015987412,nan,-10.790997192214586,nan,-10.828336904011174,nan,1.1934666641049876,nan,1.1928902092960718,nan,1.0133337081159133,nan,1.011386214041702,nan
k u f,3,-11.808277069064317,nan,-inf,nan,-16.126775510904803,nan,1.0916452776597714,nan,1.0915846696892617,nan,1.000131440588854,nan,1.0003341062222264,nan
k U m,3,-11.379362558968873,nan,-15.320298628295205,nan,-14.721577596755978,nan,1.136014521422486,nan,1.1357283449060869,nan,1.0013182283863882,nan,1.0013310493865653,nan
k U n,3,-10.46539111688581,nan,-inf,nan,-15.089812346804123,nan,1.216766584184558,nan,1.2160674648091956,nan,1.0011829652996846,nan,1.0012178888117094,nan
k U p,3,-11.2971244607319,nan,-13.967452201242855,nan,-13.77366175304704,nan,1.1242466328792693,nan,1.1240206339654328,nan,1.0015887545597955,nan,1.0015573705362766,nan
k u r,3,-10.73250589255882,nan,-11.473175341403957,nan,-11.501848703572037,nan,1.159817873358405,nan,1.1594086503109815,nan,1.0124403814788852,nan,1.010631718534097,nan
l U n,3,-10.301705456460194,nan,-inf,nan,-14.107188989386431,nan,1.2028795148802216,nan,1.202249188182941,nan,1.0059148264984228,nan,1.005194910464383,nan
l X l,3,-9.936162307740384,nan,-12.611633246015518,nan,-12.629071211371357,nan,1.1503974372392098,nan,1.1500354888154263,nan,1.0036444583452986,nan,1.003273593417305,nan
m W l,3,-11.24111179569108,nan,-11.640286676378928,nan,-11.694540222674675,nan,1.1506133937995158,nan,1.1502506033853745,nan,1.003324239699844,nan,1.003012331502379,nan
m W r,3,-11.41578657769229,nan,-inf,nan,-14.731774757240505,nan,1.155347601834143,nan,1.1549606020396608,nan,1.0019716088328077,nan,1.0018807257538216,nan
m W t,3,-10.776553161792176,nan,-8.987575795662258,nan,-9.078944044469264,nan,1.2095880996023023,nan,1.2089237294787671,nan,1.004135818220066,nan,1.003691294951513,nan
n c n,3,-8.678418742884537,nan,-10.26437112471852,nan,-10.299407264256057,nan,1.2406546240105227,nan,1.2398363034459206,nan,1.0215938770624953,nan,1.0183134738941355,nan
n W C,3,-12.355204251863938,nan,-13.554917909165129,nan,-13.558351506121873,nan,1.054062645040448,nan,1.0541887874884042,nan,1.0025050161839226,nan,1.0023279925509039,nan
n W D,3,-11.344769521075643,nan,-inf,nan,-17.625550306792523,nan,1.0483815953988953,nan,1.0485367891032609,nan,1.0022344900105153,nan,1.0021016714011923,nan
n x r,3,-8.428245601406612,nan,-11.073818946271322,nan,-11.102804131406373,nan,1.2469288364230657,nan,1.2460861993845362,nan,1.0065896662699803,nan,1.0057416240547679,nan
p c k,3,-9.983008077307538,nan,-11.147214905461421,nan,-11.192654411075587,nan,1.1818186014144103,nan,1.181301801146655,nan,1.0092681705191044,nan,1.0079860212936897,nan
p c p,3,-10.34188543057672,nan,-11.446936925298296,nan,-11.492667265196443,nan,1.1521959854263133,nan,1.1518306667098361,nan,1.0048044886578844,nan,1.004251722323451,nan
p c s,3,-9.750470142934748,nan,-12.037620630494878,nan,-12.06581372107766,nan,1.198726487252365,nan,1.1981232249119624,nan,1.0037223839642553,nan,1.0033464377246053,nan
p O l,3,-12.773006454192416,nan,-13.286889405562594,nan,-13.438911320018637,nan,1.1120550998897492,nan,1.1118835209169238,nan,1.00106681470223,nan,1.0011181669927054,nan
p O m,3,-13.377807566124183,nan,-inf,nan,-15.53923583550758,nan,1.0837851147686888,nan,1.0837581003813297,nan,1.0005257623554153,nan,1.0006655246932825,nan
p O n,3,-12.46383612404112,nan,-12.7343189670938,nan,-12.91173831200173,nan,1.164537177530761,nan,1.1640972202844384,nan,1.0013373408756372,nan,1.001344488142417,nan
p O r,3,-12.947681236193626,nan,-inf,nan,-15.511064958540882,nan,1.1167893079243765,nan,1.11659351957121,nan,1.0005257623554153,nan,1.0006655246932825,nan
p O s,3,-12.70415418024524,nan,-13.438200430880912,nan,-13.568758728057658,nan,1.118547728051524,nan,1.118342947642802,nan,1.0009315516155262,nan,1.0010050064178497,nan
p O t,3,-12.308447820293512,nan,-inf,nan,-14.678515811374677,nan,1.1710298056925357,nan,1.1705566470103164,nan,1.0005257623554153,nan,1.0006655246932825,nan
p u k,3,-11.080394124252404,nan,-inf,nan,-16.284725367660677,nan,1.1191214405311296,nan,1.1189162400689672,nan,1.000131440588854,nan,1.0003341062222264,nan
p U m,3,-11.738239912238054,nan,-14.374314588464312,nan,-13.806857003256189,nan,1.1104675543060178,nan,1.110307930357788,nan,1.004604243107734,nan,1.0040928699786995,nan
p U n,3,-10.82426847015499,nan,-inf,nan,-14.175091753304333,nan,1.19121961706809,nan,1.1906470502608968,nan,1.0044689800210305,nan,1.0039797094038436,nan
p U p,3,-11.656001814001083,nan,-13.02146816141196,nan,-12.85894115954725,nan,1.0986996657628012,nan,1.098600219417134,nan,1.0048747692811413,nan,1.0043191911284108,nan
p U s,3,-11.064586526359111,nan,-inf,nan,-14.475437225421528,nan,1.145230167588853,nan,1.1448927776192603,nan,1.0044689800210305,nan,1.0039797094038436,nan
p u v,3,-12.403641388821395,nan,-12.099765939382047,nan,-12.162158778884903,nan,1.070291466231116,nan,1.070335968234759,nan,1.0017545976292976,nan,1.001692033120495,nan
r U n,3,-10.476380238461404,nan,-inf,nan,-17.4603626730549,nan,1.1688168920582642,nan,1.1683553021185424,nan,1.000131440588854,nan,1.0003341062222264,nan
r W r,3,-10.985660247761732,nan,-inf,nan,-16.347479008717414,nan,1.107004879444519,nan,1.1068573560482646,nan,1.0003943217665616,nan,1.0005550518695971,nan
S c g,3,-12.757171736109868,nan,-14.181877514247034,nan,-14.250473684391556,nan,1.1063544694264162,nan,1.1062201754674232,nan,1.0022880049804126,nan,1.0021392999175773,nan
s c p,3,-9.750470142934748,nan,-10.741151695201905,nan,-10.782776885784784,nan,1.1835073964049587,nan,1.1829869696690332,nan,1.0059874539575688,nan,1.0052459777366194,nan
s U g,3,-11.682407213087348,nan,-17.221534637237156,nan,-16.53262816944917,nan,1.1053931949613844,nan,1.1052645293740433,nan,1.0005410523468146,nan,1.000676275697964,nan
S U g,3,-14.07128811953423,nan,-13.812222739663524,nan,-13.882552285177638,nan,1.0528581497629041,nan,1.0529897281747211,nan,1.0023812205907683,nan,1.002222895229559,nan
s U k,3,-10.705709173089929,nan,-13.63590264992298,nan,-13.055733191342744,nan,1.1596336927295436,nan,1.1592276568131499,nan,1.0114973623698094,nan,1.0098422822612774,nan
s U m,3,-11.146824624596082,nan,-18.754987944595005,nan,-17.495735439661484,nan,1.1417789652846633,nan,1.141464233316985,nan,1.0001352630867035,nan,1.000336793973397,nan
s U n,3,-10.232853182513018,nan,-inf,nan,-17.86397018970963,nan,1.2225310280467354,nan,1.2218033532200938,nan,1,1,1.000223633398541,1.0
s U p,3,-11.064586526359111,nan,-17.402141517542653,nan,-16.547819595952546,nan,1.1300110767414466,nan,1.129756522376331,nan,1.0004057892601108,nan,1.0005631151231082,nan
s U s,3,-10.47317123871714,nan,-inf,nan,-18.164315661826826,nan,1.1765415785674984,nan,1.1760490805784574,nan,1,1,1.000223633398541,1.0
S u T,3,-14.94790690167857,nan,-inf,nan,-16.278613246717264,nan,1.0375704696414718,nan,1.037778901834225,nan,1.0003943217665616,nan,1.0005550518695971,nan
s W l,3,-10.567458409812136,nan,-inf,nan,-15.793293532486153,nan,1.155984807398363,nan,1.1555954084955298,nan,1.0013526308670364,nan,1.0013552391470983,nan
s W t,3,-10.102899775913233,nan,-inf,nan,-13.177697354280742,nan,1.2149595132011495,nan,1.2142685345889224,nan,1.0021642093872583,nan,1.0020342025962325,nan
S x r,3,-11.057444564057615,nan,-12.649224283293853,nan,-12.743225642174682,nan,1.2297665149243102,nan,1.2290088952520895,nan,1.0059324633257112,nan,1.005189259936341,nan
T c g,3,-12.670875922657032,nan,-14.29039646448458,nan,-14.346823133831402,nan,1.1060924492508628,nan,1.105959453266928,nan,1.0022880049804126,nan,1.0021392999175773,nan
T i D,3,-12.331131703961793,nan,-inf,nan,-19.991688903358625,nan,1.069469346258761,nan,1.0695194533274728,nan,1.0003943217665616,nan,1.0005550518695971,nan
t O n,3,-11.47671447644742,nan,-12.194353737415222,nan,-12.45971873111385,nan,1.161916975775226,nan,1.1614899982794846,nan,1.0014687814644911,nan,1.0014549609661023,nan
t U n,3,-9.83714682256129,nan,-inf,nan,-16.859844343791096,nan,1.188599415312555,nan,1.188039828255943,nan,1.0014458464773923,nan,1.00143883445908,nan
T W C,3,-14.898107401062106,nan,-16.084938855466774,nan,-15.534886898880277,nan,1.036638303366139,nan,1.036850761155462,nan,1.0004019667622612,nan,1.000560427371938,nan
T W D,3,-13.887672670273808,nan,-inf,nan,-19.602085699550926,nan,1.0309572537245864,nan,1.0311987627703187,nan,1.000131440588854,nan,1.0003341062222264,nan
T W T,3,-15.10377632185305,nan,-15.409266305430092,nan,-14.987810334126584,nan,1.0324451476783263,nan,1.0326790480616659,nan,1.0014840714558904,nan,1.0014657119707837,nan
T W z,3,-13.999928419130995,nan,-15.021615593582732,nan,-14.313204013702475,nan,1.0415077744874701,nan,1.0416953311998707,nan,1.0004019667622612,nan,1.000560427371938,nan
v e r,3,-11.10619833161314,nan,-inf,nan,-16.319089438160105,nan,1.1306895850017578,nan,1.1304242253423877,nan,1.0121736778033275,nan,1.010408085135556,nan
w U S,3,-13.943877000748873,nan,-12.138917475161584,nan,-12.243030258242333,nan,1.1115540892068625,nan,1.111395553489689,nan,1.002663214257725,nan,1.0024572796327818,nan
w U T,3,-13.857581187296036,nan,-inf,nan,-15.112462379055245,nan,1.109525142906308,nan,1.1093769826378523,nan,1.0014458464773923,nan,1.00143883445908,nan
w W D,3,-12.666912432864615,nan,-inf,nan,-17.778116025864314,nan,1.0939731059452074,nan,1.0939024519894558,nan,1.0006572029442693,nan,1.0007759975169679,nan
w x r,3,-9.750388513195585,nan,-9.59885650207329,nan,-9.659524835404518,nan,1.2925203469693778,nan,1.2914518622707312,nan,1.020522368688487,nan,1.0174517433654175,nan
y c f,3,-12.52831227686199,nan,-11.723457405177433,nan,-11.819274870927735,nan,1.1253892091443882,nan,1.125160427612211,nan,1.002531773668871,nan,1.0023468068090964,nan
y c g,3,-12.418250018778316,nan,-13.238983940488717,nan,-13.30327566297031,nan,1.1241718413640553,nan,1.1239492851011086,nan,1.0032080891023893,nan,1.002912609683375,nan
y c S,3,-13.597894950854986,nan,-12.584605316332832,nan,-12.740585953560972,nan,1.1201139487629461,nan,1.1199121433974348,nan,1.002937562928982,nan,1.0026862885336634,nan
y e C,3,-13.4537614380414,nan,-inf,nan,-17.058102919729397,nan,1.086131996215399,nan,1.0860987671983793,nan,1.0003943217665616,nan,1.0005550518695971,nan
y e D,3,-12.443326707253105,nan,-inf,nan,-19.33354225117199,nan,1.0804509465738463,nan,1.080446768813236,nan,1.0003943217665616,nan,1.0005550518695971,nan
y e J,3,-13.918649966620368,nan,-13.971680059343283,nan,-13.939064002939318,nan,1.0789630526201062,nan,1.0789664835218888,nan,1.0012059002867835,nan,1.0012340153187316,nan
y e S,3,-13.745726172285185,nan,-inf,nan,-17.10733013696252,nan,1.0839677868281408,nan,1.0839456249564199,nan,1.0003943217665616,nan,1.0005550518695971,nan
y i D,3,-12.078505800083077,nan,-inf,nan,-19.977760849678692,nan,1.0875487383719535,nan,1.0875092851616535,nan,1.0002628811777077,nan,1.0004445790459118,nan
y i J,3,-13.55382905945034,nan,-inf,nan,-17.91548711162122,nan,1.0860608444182134,nan,1.0860289998703063,nan,1.0002628811777077,nan,1.0004445790459118,nan
y i S,3,-13.380905265115157,nan,-inf,nan,-17.75154873546922,nan,1.091065578626248,nan,1.0910081413048374,nan,1.0002628811777077,nan,1.0004445790459118,nan
y U g,3,-13.732366402202675,nan,-11.75544940510631,nan,-11.83972260322642,nan,1.0706755217005433,nan,1.0707188378084065,nan,1.005798675900968,nan,1.005095188645379,nan
y u g,3,-13.515636065723179,nan,-inf,nan,-13.334094872980637,nan,1.0614746804807746,nan,1.0615637240234208,nan,1.011435331230284,nan,1.0098347690591685,nan
y U T,3,-14.825715520826511,nan,-inf,nan,-13.565109240058163,nan,1.0645886827988795,nan,1.064663125252896,nan,1.0052576235541535,nan,1.004642546345956,nan
y U z,3,-13.721867618104458,nan,-11.272320293501691,nan,-10.811061377954216,nan,1.0736513096080234,nan,1.0736794083911008,nan,1.0052576235541535,nan,1.004642546345956,nan
y x D,3,-11.561477232192477,nan,-14.014760093925648,nan,-14.063884964200168,nan,1.1706191905275791,nan,1.170166883906095,nan,1.0030384235350376,nan,1.002775259347986,nan
z e C,3,-12.602539439198065,nan,-inf,nan,-23.563339565152816,nan,1.0566547264656283,nan,1.0567675196426498,nan,1,1,1.000223633398541,1.0
z e D,3,-11.592104708409767,nan,-inf,nan,-25.83877889659541,nan,1.0509736768240756,nan,1.0511155212575065,nan,1,1,1.000223633398541,1.0
z e S,3,-12.894504173441845,nan,-inf,nan,-23.61256678238594,nan,1.05449051707837,nan,1.0546143774006904,nan,1,1,1.000223633398541,1.0
z i C,3,-12.237718532028035,nan,-16.21538326016196,nan,-15.94741007523317,nan,1.0637525182637355,nan,1.0638300359910673,nan,1.0017584201271472,nan,1.0016947208716656,nan
z i D,3,-11.227283801239738,nan,-inf,nan,-22.283292417222185,nan,1.0580714686221828,nan,1.058178037605924,nan,1,1,1.000223633398541,1.0
z i T,3,-12.443387452818982,nan,-16.44726776203068,nan,-16.19311053198826,nan,1.0595593625759228,nan,1.0596583228972711,nan,1.001893683213851,nan,1.0018078814465212,nan
z u f,3,-12.77447632496352,nan,-inf,nan,-21.298070469774963,nan,1.0332147785113368,nan,1.0334436189787937,nan,1.000131440588854,nan,1.0003341062222264,nan
z u g,3,-12.664414066879843,nan,-inf,nan,-21.834031831628803,nan,1.031997410731004,nan,1.0322324764676913,nan,1.000131440588854,nan,1.0003341062222264,nan
z u T,3,-13.757763185503679,nan,-inf,nan,-21.479976926780708,nan,1.0259105718293402,nan,1.0261767639121808,nan,1.000131440588854,nan,1.0003341062222264,nan
