word,word_len,uni_prob,uni_prob_freq_weighted,bi_prob,bi_prob_freq_weighted,bi_prob_smoothed,bi_prob_freq_weighted_smoothed,pos_uni_score,pos_uni_score_freq_weighted,pos_uni_score_smoothed,pos_uni_score_freq_weighted_smoothed,pos_bi_score,pos_bi_score_freq_weighted,pos_bi_score_smoothed,pos_bi_score_freq_weighted_smoothed
f u T,3,-13.169201235836198,nan,-15.269772724199456,nan,-15.120434547120977,nan,1.1131304363036103,nan,1.112863800853308,nan,1.001156564242019,nan,1.0012078243550075,nan
g i T,3,-12.41953374446667,nan,-13.133254315605493,nan,-13.281703028625014,nan,1.0914699500723426,nan,1.0913819078138192,nan,1.0006703216311865,nan,1.0008476699242732,nan
z i T,3,-12.34512485451139,nan,-14.674279955519497,nan,-14.79314025141144,nan,1.0711631883527486,nan,1.07124048934371,nan,1.0006703216311865,nan,1.0008476699242732,nan
y c g,3,-11.03236031835131,nan,-13.18358912145927,nan,-13.1811613067763,nan,1.1437037949033553,nan,1.1431737520296474,nan,1.0016090684042445,nan,1.0015488092757192,nan
l X z,3,-11.272009661694067,nan,-12.031034710350127,nan,-12.059596042410288,nan,1.0800815188330308,nan,1.0800741032878702,nan,1.000905008324451,nan,1.0010229547621348,nan
J Y p,3,-13.359069600715921,nan,-14.782886945997245,nan,-14.417290846557043,nan,1.0583954112187826,nan,1.0585634531731924,nan,1.0013912509352836,nan,1.001383109192869,nan
C x z,3,-11.824198760340597,nan,-11.89523979034395,nan,-12.066742606964807,nan,1.1271751237375516,nan,1.1267789886856032,nan,1.0051462380275153,nan,1.0041876665986535,nan
C e J,3,-14.556575270893703,nan,-13.56836227064987,nan,-13.879223023726317,nan,1.0701471774137874,nan,1.0702322055108096,nan,1.0015584607313341,nan,1.0015200550106849,nan
z i S,3,-12.015770085659039,nan,-15.453159822274042,nan,-15.411166801503278,nan,1.0760916089113028,nan,1.0761253462871851,nan,1.0006703216311865,nan,1.0008476699242732,nan
z u v,3,-11.91804318315865,nan,-16.44578626666727,nan,-16.23510102692229,nan,1.1150501623006852,nan,1.1147605350762102,nan,1.0011396950177154,nan,1.001198239599996,nan
D Y p,3,-11.336012778446722,nan,-14.229406795632517,nan,-13.926758536491855,nan,1.0981448171379877,nan,1.0979892084763851,nan,1.0013912509352836,nan,1.001383109192869,nan
s X k,3,-10.699640815795812,nan,-12.62896537975327,nan,-12.632152369327605,nan,1.1447391477551923,nan,1.1441800815618777,nan,1.0031506599112752,nan,1.002718294610681,nan
b X s,3,-11.070244899447516,nan,-11.300662732272446,nan,-11.375323127364071,nan,1.1066492287324947,nan,1.1064084798624076,nan,1.0026981557490495,nan,1.0023773096899695,nan
T x z,3,-11.975305297786626,nan,-12.829842136730122,nan,-12.93915718947196,nan,1.125662918077582,nan,1.1252790958208079,nan,1.0051462380275153,nan,1.0041876665986535,nan
S c G,3,-12.93297405445761,nan,-13.349107712568404,nan,-13.41735362139493,nan,1.0676143028694958,nan,1.0677155789443136,nan,1.0018268858732056,nan,1.0017145093585693,nan
J e J,3,-14.920243250323406,nan,-14.814132203654266,nan,-15.031539491366287,nan,1.0701471774137874,nan,1.0702322055108096,nan,1.000905008324451,nan,1.0010229547621348,nan
D x z,3,-10.164809917501103,nan,-8.523398789358016,nan,-8.616997377563388,nan,1.1669245296567567,nan,1.166204743988796,nan,1.019522190978942,nan,1.0151238720667564,nan
S Y p,3,-12.817153389879898,nan,-13.38323140937655,nan,-13.42403907354676,nan,1.0612037931587266,nan,1.061348968493527,nan,1.0016090684042445,nan,1.0015488092757192,nan
n W C,3,-12.847563698543203,nan,-14.568442794739163,nan,-14.537195615451953,nan,1.0532536425523131,nan,1.0534763646627419,nan,1.0015415915070307,nan,1.0015104702556734,nan
l W C,3,-13.205217079319109,nan,-13.896615726064496,nan,-13.882512886899237,nan,1.0599505533321791,nan,1.060118747349693,nan,1.0008881391001476,nan,1.0010133700071233,nan
S c d,3,-11.923432027591259,nan,-14.675449210457263,nan,-14.635690488997733,nan,1.1051641737918145,nan,1.1049335366088866,nan,1.0011228257934122,nan,1.0011886548449849,nan
g i J,3,-12.632095186450343,nan,-13.76226005930004,nan,-13.881324151174136,nan,1.0919393234588715,nan,1.0918471322846264,nan,1.0006703216311865,nan,1.0008476699242732,nan
C u T,3,-14.18522693349503,nan,-13.70167844424058,nan,-13.973866492391869,nan,1.099736614743878,nan,1.0995790354794062,nan,1.001592199179941,nan,1.0015392245207078,nan
D i g,3,-10.609038364181144,nan,-14.54006189332442,nan,-14.47854575810311,nan,1.1310367373980847,nan,1.1306091925960398,nan,1.0013912509352836,nan,1.001383109192869,nan
w u T,3,-12.593009618812602,nan,-15.261105936100018,nan,-14.796295020499237,nan,1.1662736637825475,nan,1.1655743215304026,nan,1.001156564242019,nan,1.0012078243550075,nan
T c T,3,-14.40487881500949,nan,-15.954029807678213,nan,-15.945878076578865,nan,1.0553143676985894,nan,1.0555213547554618,nan,1.000435634937922,nan,1.0006723850864117,nan
g u T,3,-12.717015449907255,nan,-14.866423987675313,nan,-14.809392307312601,nan,1.124796022823377,nan,1.124434402953158,nan,1.001156564242019,nan,1.0012078243550075,nan
f X s,3,-11.672157468988173,nan,-12.942494755702903,nan,-12.944761154809063,nan,1.0861264376329052,nan,1.0860527909830417,nan,1.0013912509352836,nan,1.001383109192869,nan
J Y m,3,-13.093366434982915,nan,-14.280302434402394,nan,-13.928377471866858,nan,1.0729459862011812,nan,1.0729854117682145,nan,1.0013912509352836,nan,1.001383109192869,nan
n X z,3,-10.91435628091816,nan,-13.1838344396411,nan,-13.135492236039306,nan,1.0733846080531648,nan,1.0734317206009192,nan,1.0006871908554902,nan,1.0008572546792847,nan
m X n,3,-10.600297639133847,nan,-12.96326012748566,nan,-12.928189583265471,nan,1.13004818663029,nan,1.1295954887855564,nan,1.002564684401606,nan,1.0022595333821767,nan
C u S,3,-13.855872164642683,nan,-14.229243882714215,nan,-14.409571485689753,nan,1.1046650353024323,nan,1.1044638924228813,nan,1.0013575124866765,nan,1.0013639396828462,nan
S e J,3,-14.378327039487385,nan,-13.576995596531347,nan,-13.85596616156205,nan,1.0729555593537314,nan,1.073017720831144,nan,1.0019940956692561,nan,1.001851455176385,nan
T x S,3,-13.339677439923367,nan,-15.20699318219274,nan,-15.360204874060425,nan,1.109469536242332,nan,1.1092288515779607,nan,1.001156564242019,nan,1.0012078243550075,nan
v e D,3,-11.960061609277211,nan,-18.696302597689254,nan,-18.44481639868304,nan,1.0858790442417388,nan,1.0858230567873584,nan,1.000469373386529,nan,1.0006915545964348,nan
C x S,3,-13.188570902477338,nan,-14.272390835806569,nan,-14.487790291553273,nan,1.1109817419023016,nan,1.110728744442756,nan,1.001156564242019,nan,1.0012078243550075,nan
n c T,3,-11.804555994575374,nan,-14.466697054041026,nan,-14.429002145723372,nan,1.0818859814380581,nan,1.0818766150940091,nan,1.0021781746896101,nan,1.001997985749212,nan
s X p,3,-11.097207317052643,nan,-12.283493990379839,nan,-12.316999794368702,nan,1.109301457072254,nan,1.1090556340159368,nan,1.0031506599112752,nan,1.002718294610681,nan
D i D,3,-10.417861004929428,nan,-15.806645278685313,nan,-15.69471913147785,nan,1.1251695700664726,nan,1.1247938867109502,nan,1.002564684401606,nan,1.0022595333821767,nan
S c g,3,-12.456206025123333,nan,-14.210248637757914,nan,-14.265265918591794,nan,1.0845117447845392,nan,1.0844636598933715,nan,1.0018268858732056,nan,1.0017145093585693,nan
C i S,3,-13.558390459202098,nan,-15.242345624566806,nan,-15.304470092390906,nan,1.0713389625513978,nan,1.0714113972835424,nan,1.0013237740380696,nan,1.0013447701728233,nan
g i D,3,-10.609038364181146,nan,-14.248449661969973,nan,-14.25234876930201,nan,1.1104795722267664,nan,1.1102234988815094,nan,1.002782501870567,nan,1.0024252334650268,nan
T c S,3,-14.075524046157142,nan,-14.36578606030114,nan,-14.529198978832257,nan,1.0602427882571437,nan,1.060406211698937,nan,1.0016090684042445,nan,1.0015488092757192,nan
z u T,3,-12.642606559951975,nan,-15.93744599834358,nan,-15.865354001416202,nan,1.104489261103783,nan,1.104292984483049,nan,1.00137438171098,nan,1.0013735244378577,nan
S Y m,3,-12.551450224146892,nan,-12.880646897781702,nan,-12.935125698856575,nan,1.0757543681411252,nan,1.075770927088549,nan,1.0016090684042445,nan,1.0015488092757192,nan
D x v,3,-11.133973451696866,nan,-8.900323195804102,nan,-9.059699637343385,nan,1.1563636284598546,nan,1.1557371933956349,nan,1.0164712639665037,nan,1.0128451691745566,nan
t W C,3,-12.501210402412525,nan,-14.665422396197997,nan,-14.615276225803154,nan,1.072696286751924,nan,1.0727607014958254,nan,1.0006703216311865,nan,1.0008476699242732,nan
g Y b,3,-11.500227720093312,nan,-16.608925953748997,nan,-16.25062206686543,nan,1.0813426390589012,nan,1.081325310528312,nan,1.000905008324451,nan,1.0010229547621348,nan
r c S,3,-11.719767990075155,nan,-12.659508859013371,nan,-12.80008670843506,nan,1.0822777850167031,nan,1.0822617934430983,nan,1.0026981557490495,nan,1.0023773096899695,nan
d X s,3,-10.687197685527156,nan,-11.408546092098426,nan,-11.475689900301324,nan,1.107081287492486,nan,1.1068370206809206,nan,1.0018268858732056,nan,1.0017145093585693,nan
S c z,3,-12.381797135168053,nan,-14.928580422108611,nan,-14.737942909465968,nan,1.0807567576923074,nan,1.080741864126914,nan,1.000653452406883,nan,1.0008380851692618,nan
y c d,3,-10.499586320819237,nan,-13.64878969415862,nan,-13.551585877182239,nan,1.1643562239106306,nan,1.1636436287451626,nan,1.000905008324451,nan,1.0010229547621348,nan
J u S,3,-14.219540144072386,nan,-14.088719454598724,nan,-14.327474123502551,nan,1.1046650353024323,nan,1.1044638924228813,nan,1.0009218775487545,nan,1.001032539517146,nan
h u S,3,-12.699988550713513,nan,-12.646048553302482,nan,-12.763332485983629,nan,1.1454945881216159,nan,1.1449609997723564,nan,1.0054960443969356,nan,1.004512241256997,nan
g u S,3,-12.387660681054905,nan,-15.393989426148952,nan,-15.245097300610485,nan,1.1297244433819313,nan,1.1293192598966333,nan,1.0009218775487545,nan,1.001032539517146,nan
y X z,3,-11.761478625727905,nan,-11.166872296874876,nan,-11.197359218107781,nan,1.110325632032426,nan,1.1100719605837777,nan,1.0017762782002952,nan,1.001685755093535,nan
C e g,3,-12.724695807876222,nan,-13.406392122322917,nan,-13.582640220228285,nan,1.0945545935132945,nan,1.0944238779927822,nan,1.002027834117863,nan,1.0018706246864078,nan
z i J,3,-12.557686296495062,nan,-15.303285699214044,nan,-15.392761373960562,nan,1.0716325617392775,nan,1.0717057138145172,nan,1.0006703216311865,nan,1.0008476699242732,nan
m u S,3,-11.999193149315312,nan,-13.369423642452851,nan,-13.46088306018067,nan,1.131236649041901,nan,1.1308191527614286,nan,1.0031000522383646,nan,1.0026895403456464,nan
D Y m,3,-11.070309612713718,nan,-13.726822284037667,nan,-13.43784516180167,nan,1.1126953921203864,nan,1.1124111670714072,nan,1.0013912509352836,nan,1.001383109192869,nan
J e g,3,-13.088363787305925,nan,-14.652162055327313,nan,-14.734956687868255,nan,1.0945545935132945,nan,1.0944238779927822,nan,1.00137438171098,nan,1.0013735244378577,nan
f u v,3,-12.444637859042873,nan,-15.778112992523145,nan,-15.490181572627064,nan,1.1236913375005124,nan,1.1233313514464693,nan,1.0009218775487545,nan,1.001032539517146,nan
v X n,3,-11.883519815113923,nan,-12.124723772767029,nan,-12.241913085641647,nan,1.1006681909508775,nan,1.1004547131266749,nan,1.002782501870567,nan,1.0024252334650268,nan
g i C,3,-12.26842720702064,nan,-12.700412964456572,nan,-12.864809224693225,nan,1.0961636839376323,nan,1.0960341525218908,nan,1.001843755097509,nan,1.0017240941135808,nan
C i D,3,-12.077249847768922,nan,-15.57866110417674,nan,-15.657089282976063,nan,1.0854201641472674,nan,1.0853681314077575,nan,1.00343595427745,nan,1.0029223337135769,nan
C Y z,3,-13.043757097337526,nan,-13.314738782962282,nan,-13.355201361226419,nan,1.0576913511389892,nan,1.0578656164669815,nan,1.0002346866932645,nan,1.0005162697585732,nan
d c T,3,-12.252786796443608,nan,-14.02728145055796,nan,-13.996752856971888,nan,1.0911752447778722,nan,1.091090242692038,nan,1.0021781746896101,nan,1.001997985749212,nan
y X v,3,-12.730642159923669,nan,-13.36137385557496,nan,-13.31403791145945,nan,1.0997647308355238,nan,1.0996044099906166,nan,1.0017762782002952,nan,1.001685755093535,nan
z i g,3,-10.72580683347758,nan,-14.522891916523083,nan,-14.547612618713693,nan,1.0960399778387846,nan,1.0958973862964898,nan,1.0016090684042445,nan,1.0015488092757192,nan
S e g,3,-12.546447576469903,nan,-13.415025448204396,nan,-13.559383358064018,nan,1.0973629754532386,nan,1.0972093933131166,nan,1.002463469055785,nan,1.002202024852108,nan
C e D,3,-12.533518448624505,nan,-16.57224834593079,nan,-16.51201074032798,nan,1.0886874261816823,nan,1.0886085721076926,nan,1.0015584607313341,nan,1.0015200550106849,nan
n W T,3,-12.998670235989234,nan,-13.311803525780448,nan,-13.500655755426221,nan,1.0485599086870234,nan,1.0488241199546702,nan,1.0015415915070307,nan,1.0015104702556734,nan
T x J,3,-13.881593650759388,nan,-16.666556971566845,nan,-16.70277599965331,nan,1.1050104890703065,nan,1.1048092191052927,nan,1.0004525041622256,nan,1.000681969841423,nan
T c g,3,-12.785560793975682,nan,-14.633760284167131,nan,-14.707098670870835,nan,1.0801911571846254,nan,1.0801782517082417,nan,1.0016090684042445,nan,1.0015488092757192,nan
n c G,3,-10.662006002875842,nan,-12.285286605340435,nan,-12.342310442818476,nan,1.0898653290090508,nan,1.089785431097731,nan,1.0033516081559326,nan,1.0028744099385196,nan
s X n,3,-10.238966883658922,nan,-11.804765129216173,nan,-11.834871501911653,nan,1.163748769909616,nan,1.1630216726295677,nan,1.004089406684333,nan,1.003419433962127,nan
s X d,3,-10.687197685527156,nan,-11.661946845383941,nan,-11.707631304587474,nan,1.1330048130919677,nan,1.1325494697916985,nan,1.0031506599112752,nan,1.002718294610681,nan
J e D,3,-12.897186428054209,nan,-17.81801827893519,nan,-17.66432720796795,nan,1.0886874261816823,nan,1.0886085721076926,nan,1.000905008324451,nan,1.0010229547621348,nan
b c T,3,-12.635834010363968,nan,-13.472383979710942,nan,-13.460308743326216,nan,1.090743186017881,nan,1.090661701873525,nan,1.0023959921585712,nan,1.002163685832062,nan
y x z,3,-10.222104822162255,nan,-10.15100555710595,nan,-10.227596159719686,nan,1.1891755557963117,nan,1.1882745961422136,nan,1.0073244127171255,nan,1.005844667427154,nan
y c T,3,-12.651678339385118,nan,-14.50385864497035,nan,-14.41994071248433,nan,1.1188270054173193,nan,1.1185168550768676,nan,1.000435634937922,nan,1.0006723850864117,nan
k X n,3,-10.468434303610021,nan,-12.164648096143374,nan,-12.186272835116034,nan,1.1423618612900437,nan,1.1418089021131759,nan,1.003000319339528,nan,1.0025909335478769,nan
D i C,3,-12.077249847768922,nan,-14.25860858117191,nan,-14.307179586869069,nan,1.1108536817773385,nan,1.1106045403513316,nan,1.0016259376285481,nan,1.0015583940307307,nan
D x S,3,-11.52918205963784,nan,-10.900549834820637,nan,-11.038045062151852,nan,1.1507311478215068,nan,1.1501544997459487,nan,1.0155325171934457,nan,1.0121440298231104,nan
C x J,3,-13.730487113313359,nan,-15.731954625180672,nan,-15.83036141714616,nan,1.1065226947302762,nan,1.106309111970088,nan,1.0004525041622256,nan,1.000681969841423,nan
z u S,3,-12.313251791099624,nan,-16.465011436817218,nan,-16.301058994714086,nan,1.1094176816623373,nan,1.109177841426524,nan,1.0011396950177154,nan,1.001198239599996,nan
n c d,3,-9.652463976009491,nan,-13.611628103229295,nan,-13.56064731042128,nan,1.1274151999313695,nan,1.127003388762304,nan,1.0026475480761392,nan,1.0023485554249352,nan
y x J,3,-12.128393175135017,nan,-13.987720391942672,nan,-13.991214969901039,nan,1.1685231267890364,nan,1.1678047194266985,nan,1.0026306788518358,nan,1.0023389706699235,nan
p u S,3,-12.264896315048318,nan,-13.41628214505425,nan,-13.50528577031255,nan,1.1333969428418578,nan,1.1329618568539934,nan,1.0020109648935596,nan,1.0018610399313963,nan
y X p,3,-11.713123149676598,nan,-12.217624494675157,nan,-12.227723431185321,nan,1.1110296921122194,nan,1.1107697972899886,nan,1.0027150249733532,nan,1.002386894444981,nan
D Y v,3,-12.353531788693793,nan,-15.294513029213206,nan,-14.970513402347189,nan,1.0868798558612922,nan,1.0868238211770131,nan,1.0004525041622256,nan,1.000681969841423,nan
s X t,3,-9.892613587528242,nan,-11.380758146684569,nan,-11.413999708838654,nan,1.2045842545376377,nan,1.203496201589791,nan,1.0038547199910686,nan,1.0032441491242656,nan
y c G,3,-11.50912834768559,nan,-12.322448196269757,nan,-12.333249009579436,nan,1.1268063529883119,nan,1.1264256710805896,nan,1.0016090684042445,nan,1.0015488092757192,nan
z i C,3,-12.194018317065359,nan,-14.241438604370575,nan,-14.376246447479652,nan,1.0758569222180383,nan,1.0758927340517817,nan,1.001843755097509,nan,1.0017240941135808,nan
S Y v,3,-13.83467240012697,nan,-14.448337642957242,nan,-14.467793939402094,nan,1.049938831882031,nan,1.050183581194155,nan,1.0006703216311865,nan,1.0008476699242732,nan
D i S,3,-11.899001616362604,nan,-15.47032979907538,nan,-15.342099940892693,nan,1.111088368470603,nan,1.110837152586735,nan,1.0004525041622256,nan,1.000681969841423,nan
S c S,3,-13.74616927730479,nan,-13.942274413891923,nan,-14.087366226553218,nan,1.0645633758570574,nan,1.0646916198840668,nan,1.0018268858732056,nan,1.0017145093585693,nan
f X t,3,-11.094597660671702,nan,-12.194578942934518,nan,-12.204678997632291,nan,1.1577058790785753,nan,1.1569995227811343,nan,1.0023299977083415,nan,1.0020842485443153,nan
g i S,3,-12.090178975614322,nan,-13.912134182360038,nan,-13.899729578716851,nan,1.0963983706308968,nan,1.0962667647572943,nan,1.0006703216311865,nan,1.0008476699242732,nan
C u v,3,-13.460663556701707,nan,-14.210018712564267,nan,-14.343613517897955,nan,1.1102975159407802,nan,1.1100465860725675,nan,1.0013575124866765,nan,1.0013639396828462,nan
t X t,3,-9.315053779211773,nan,-10.578605705322195,nan,-10.648390959371755,nan,1.188814109797953,nan,1.1878544617140678,nan,1.0045081723979516,nan,1.0037412493728157,nan
S X z,3,-13.185324332499928,nan,-11.682706189407531,nan,-11.829478706180218,nan,1.0511335819136098,nan,1.0513618684475017,nan,1.0006871908554902,nan,1.0008572546792847,nan
S x J,3,-13.552238881907039,nan,-15.509076150077425,nan,-15.588415354017064,nan,1.1093310766702202,nan,1.1090946272904225,nan,1.0008881391001476,nan,1.0010133700071233,nan
S u T,3,-14.006978702088713,nan,-13.452482660819959,nan,-13.709447573410714,nan,1.102544996683822,nan,1.1023645507997406,nan,1.002027834117863,nan,1.0018706246864078,nan
s X l,3,-10.596620264434828,nan,-12.159456726278384,nan,-12.185538127290995,nan,1.1308926328525872,nan,1.1304559596730663,nan,1.0024465998314815,nan,1.0021924400970963,nan
g u v,3,-11.992452073113931,nan,-15.374764255999,nan,-15.179139332818687,nan,1.1353569240202792,nan,1.1349019535463194,nan,1.0009218775487545,nan,1.001032539517146,nan
w u v,3,-11.868446242019278,nan,-15.769446204423705,nan,-15.166042046005321,nan,1.1768345649794496,nan,1.176041872123564,nan,1.0009218775487545,nan,1.001032539517146,nan
C Y b,3,-12.96843920368109,nan,-15.731862482766044,nan,-15.73354998306323,nan,1.0562832309794021,nan,1.05646994305456,nan,1.000469373386529,nan,1.0006915545964348,nan
z u b,3,-10.87356175530645,nan,-17.09277075606048,nan,-16.853445899346166,nan,1.1242029433380003,nan,1.1238324122569499,nan,1.0039559353368894,nan,1.0033016576543345,nan
J Y z,3,-13.407425076767229,nan,-14.560508715966678,nan,-14.171045592245173,nan,1.0576913511389892,nan,1.0578656164669815,nan,1.0004525041622256,nan,1.000681969841423,nan
D x d,3,-9.706444809924308,nan,-9.687814482330664,nan,-9.754129799644344,nan,1.1913319457562639,nan,1.1903964164707685,nan,1.0164712639665037,nan,1.0128451691745566,nan
f u S,3,-12.839846466983847,nan,-15.797338162673093,nan,-15.556139540418862,nan,1.1180588568621646,nan,1.1177486577967832,nan,1.0009218775487545,nan,1.001032539517146,nan
S c T,3,-14.075524046157142,nan,-15.530518161268995,nan,-15.504045324299826,nan,1.0596349552985032,nan,1.0598067629405916,nan,1.000653452406883,nan,1.0008380851692618,nan
l W T,3,-13.35632361676514,nan,-12.639976457105783,nan,-12.845973026873505,nan,1.0552568194668894,nan,1.0554665026416212,nan,1.0008881391001476,nan,1.0010133700071233,nan
D Y b,3,-11.309050360841596,nan,-16.424152265405713,nan,-16.0588619040168,nan,1.0960326368986073,nan,1.0958956983577528,nan,1.0006871908554902,nan,1.0008572546792847,nan
S Y b,3,-12.79019097227477,nan,-15.577976879149746,nan,-15.556142441071707,nan,1.0590916129193462,nan,1.0592554583748945,nan,1.000905008324451,nan,1.0010229547621348,nan
z i D,3,-10.534629474225863,nan,-15.789475301883977,nan,-15.763785992088433,nan,1.0901728105071724,nan,1.0900820804114002,nan,1.002782501870567,nan,1.0024252334650268,nan
s X m,3,-10.831504151319638,nan,-12.969999352419215,nan,-12.969258322765421,nan,1.1238520320546526,nan,1.1234775926109588,nan,1.0019772264449527,nan,1.0018418704213734,nan
h x s,3,-9.992925749152189,nan,-10.866805870402839,nan,-10.932538372090987,nan,1.1924120926562423,nan,1.191467768517051,nan,1.0075759686346935,nan,1.0060295370200272,nan
T X z,3,-13.514679101352279,nan,-13.022508567690904,nan,-13.033451510506154,nan,1.0468129943136961,nan,1.0470764602623719,nan,1.000905008324451,nan,1.0010229547621348,nan
y x S,3,-11.586476964298996,nan,-12.528156602568572,nan,-12.648643844308152,nan,1.1729821739610617,nan,1.1722243518993665,nan,1.0033347389316292,nan,1.002864825183508,nan
g c T,3,-12.785560793975684,nan,-13.545115675111516,nan,-13.539264913160771,nan,1.0818859814380581,nan,1.0818766150940091,nan,1.0032672620344152,nan,1.0028264861634621,nan
n W d,3,-10.846578217423351,nan,-13.101091591359229,nan,-13.133076208036618,nan,1.0940891271803348,nan,1.0939508936229652,nan,1.0027150249733532,nan,1.002386894444981,nan
S u v,3,-13.28241532529539,nan,-13.960822929143646,nan,-14.079194598916798,nan,1.1131058978807242,nan,1.112832101392902,nan,1.0017931474245985,nan,1.0016953398485462,nan
k X m,3,-11.060971571270738,nan,-13.329882319346416,nan,-13.320659655969804,nan,1.1024651234350802,nan,1.102264822094567,nan,1.0008881391001476,nan,1.0010133700071233,nan
D x g,3,-10.239218807456382,nan,-10.07948122103467,nan,-10.161751853584839,nan,1.1706795167489885,nan,1.1699265397552534,nan,1.0167059506597682,nan,1.0130204540124181,nan
y c S,3,-12.32232357053277,nan,-12.915614897593276,nan,-13.003261614737724,nan,1.1237554259758735,nan,1.1234017120203428,nan,1.0016090684042445,nan,1.0015488092757192,nan
C X z,3,-13.363572563906246,nan,-12.647522009240156,nan,-12.70003342873169,nan,1.0483251999736658,nan,1.0485763531271672,nan,1.000905008324451,nan,1.0010229547621348,nan
D i T,3,-12.228356385214951,nan,-14.691449932320834,nan,-14.724073390800855,nan,1.1061599479120487,nan,1.10595229564326,nan,1.0004525041622256,nan,1.000681969841423,nan
s X z,3,-11.14556279310395,nan,-11.23274179257956,nan,-11.286635581291161,nan,1.1085973969924605,nan,1.1083577973097258,nan,1.0022119131382172,nan,1.002017155259235,nan
S e D,3,-12.355270217218187,nan,-16.58088167181227,nan,-16.488753878163713,nan,1.0914958081216264,nan,1.091394087428027,nan,1.0019940956692561,nan,1.001851455176385,nan
d Y z,3,-11.042771616217674,nan,-12.45612416485272,nan,-12.457334016544225,nan,1.0920400225583022,nan,1.0919346115387623,nan,1.0019772264449527,nan,1.0018418704213734,nan
b A p,3,-10.882312032414179,nan,-10.245966894041523,nan,-10.341228648553644,nan,1.1228064695326458,nan,1.1224480206258551,nan,1.0057982079874142,nan,1.0047258651149045,nan
b i l,3,-10.027137521196742,nan,-10.50856958124856,nan,-10.575016422617358,nan,1.1437441929060963,nan,1.1432002581429979,nan,1.007491622513176,nan,1.0059816132449695,nan
b i s,3,-9.900690652606627,nan,-10.30343342727835,nan,-10.37182661095666,nan,1.1458563731454767,nan,1.14529376826163,nan,1.005144755580531,nan,1.0042287648663544,nan
b X s,3,-11.070244899447516,nan,-11.300662732272446,nan,-11.375323127364071,nan,1.1066492287324947,nan,1.1064084798624076,nan,1.0026981557490495,nan,1.0023773096899695,nan
b Y s,3,-10.750429432878793,nan,-10.488285076909364,nan,-10.575203827251956,nan,1.116015379897818,nan,1.115697743202222,nan,1.0033516081559326,nan,1.0028744099385196,nan
b x l,3,-9.657317964471982,nan,-9.169592153647407,nan,-9.247664794479794,nan,1.183386972257,nan,1.1825176053022115,nan,1.007390407167355,nan,1.0059241047149008,nan
C A l,3,-11.999663246995855,nan,-14.782246319289856,nan,-14.693222298297178,nan,1.1104810326536574,nan,1.110207892029717,nan,1.0009218775487545,nan,1.001032539517146,nan
C i D,3,-12.077249847768922,nan,-15.57866110417674,nan,-15.657089282976063,nan,1.0854201641472674,nan,1.0853681314077575,nan,1.00343595427745,nan,1.0029223337135769,nan
C i n,3,-11.28742240762033,nan,-12.318107105524348,nan,-12.452851320791973,nan,1.1426837173038034,nan,1.1421255168462314,nan,1.0039053276639789,nan,1.0032729033893,nan
C X J,3,-15.269860916879008,nan,-15.850808898218554,nan,-15.739733399686342,nan,1.0276727709663904,nan,1.028106476411652,nan,1.000435634937922,nan,1.0006723850864117,nan
C X g,3,-13.437981453861527,nan,-16.828273033079967,nan,-16.504022556873572,nan,1.0520801870658976,nan,1.0522981488936247,nan,1.000435634937922,nan,1.0006723850864117,nan
C X T,3,-15.057299474895334,nan,-15.28634167566158,nan,-15.257895312793602,nan,1.0272033975798616,nan,1.0276412519408449,nan,1.0006703216311865,nan,1.0008476699242732,nan
C x J,3,-13.730487113313359,nan,-15.731954625180672,nan,-15.83036141714616,nan,1.1065226947302762,nan,1.106309111970088,nan,1.0004525041622256,nan,1.000681969841423,nan
C x n,3,-10.917602850895568,nan,-10.906319564485074,nan,-11.061630081802242,nan,1.1823264966547071,nan,1.181442864005445,nan,1.0157071392244175,nan,1.0120754843024222,nan
C x S,3,-13.188570902477338,nan,-14.272390835806569,nan,-14.487790291553273,nan,1.1109817419023016,nan,1.110728744442756,nan,1.001156564242019,nan,1.0012078243550075,nan
C x C,3,-13.366819133883656,nan,-13.633188810674433,nan,-13.911944496243194,nan,1.110747055209037,nan,1.1104961322073525,nan,1.0013912509352836,nan,1.001383109192869,nan
d i k,3,-9.747110858637368,nan,-11.572527051889262,nan,-11.619880570355845,nan,1.1580227665686926,nan,1.1573529208503222,nan,1.003871589215372,nan,1.003253733879277,nan
d i s,3,-9.517643438686267,nan,-11.377455324706052,nan,-11.42316967375596,nan,1.146288431905468,nan,1.145722309080143,nan,1.003402215828843,nan,1.0029031642035542,nan
d i t,3,-8.940083630369799,nan,-10.257349192714377,nan,-10.305299092198108,nan,1.217867873351138,nan,1.2166690408782355,nan,1.00481033598843,nan,1.0039548732307233,nan
d E p,3,-10.928226572181636,nan,-14.518432926593395,nan,-14.397516446990304,nan,1.119099996382378,nan,1.1187720032244504,nan,1.0020447033421664,nan,1.0018802094414194,nan
d X s,3,-10.687197685527156,nan,-11.408546092098426,nan,-11.475689900301324,nan,1.107081287492486,nan,1.1068370206809206,nan,1.0018268858732056,nan,1.0017145093585693,nan
D i D,3,-10.417861004929428,nan,-15.806645278685313,nan,-15.69471913147785,nan,1.1251695700664726,nan,1.1247938867109502,nan,1.002564684401606,nan,1.0022595333821767,nan
D i g,3,-10.609038364181144,nan,-14.54006189332442,nan,-14.47854575810311,nan,1.1310367373980847,nan,1.1306091925960398,nan,1.0013912509352836,nan,1.001383109192869,nan
D i C,3,-12.077249847768922,nan,-14.25860858117191,nan,-14.307179586869069,nan,1.1108536817773385,nan,1.1106045403513316,nan,1.0016259376285481,nan,1.0015583940307307,nan
d I J,3,-11.870872585374366,nan,-12.914098440658512,nan,-13.086773796729556,nan,1.110376920495048,nan,1.1101339938424737,nan,1.0063167065998693,nan,1.0051462873233628,nan
d I D,3,-9.847815763105167,nan,-13.433077866151436,nan,-13.437179127654694,nan,1.128917169262943,nan,1.1285103604393567,nan,1.0072554533729272,nan,1.0058474266748088,nan
d Y p,3,-10.994416140166367,nan,-12.678502394883287,nan,-12.703579270856094,nan,1.0927440826380956,nan,1.0926324482449732,nan,1.0029159732180106,nan,1.0025430097728194,nan
d Y t,3,-9.789822410641964,nan,-11.05276640747839,nan,-11.08342579824305,nan,1.1880268801034795,nan,1.1870730158188274,nan,1.005028153457391,nan,1.0041205733135732,nan
d I T,3,-11.658311143390694,nan,-13.225099955455438,nan,-13.298082890396762,nan,1.1099075471085191,nan,1.1096687693716665,nan,1.0063167065998693,nan,1.0051462873233628,nan
d I Z,3,-15.22077667264897,nan,-inf,nan,-16.36613582553038,nan,1.1066219334028162,nan,1.1064121980760164,nan,1.0063167065998693,nan,1.0051462873233628,nan
f i k,3,-10.732070642098385,nan,-11.859169786461425,nan,-11.939729535309056,nan,1.1370679167091118,nan,1.1365686911524433,nan,1.0036537717464111,nan,1.003088033796427,nan
f i s,3,-10.502603222147284,nan,-11.664098059278217,nan,-11.74301863870917,nan,1.1253335820458872,nan,1.124938079382264,nan,1.003184398359882,nan,1.002737464120704,nan
f X s,3,-11.672157468988173,nan,-12.942494755702903,nan,-12.944761154809063,nan,1.0861264376329052,nan,1.0860527909830417,nan,1.0013912509352836,nan,1.001383109192869,nan
f X t,3,-11.094597660671702,nan,-12.194578942934518,nan,-12.204678997632291,nan,1.1577058790785753,nan,1.1569995227811343,nan,1.0023299977083415,nan,1.0020842485443153,nan
f Y k,3,-11.581809422370553,nan,-11.183384313312697,nan,-11.275876833629786,nan,1.1072269234614531,nan,1.1069726660930352,nan,1.0057659519857916,nan,1.0046655973371807,nan
f x l,3,-10.259230534012637,nan,-9.95397394522664,nan,-10.053852275593863,nan,1.1628641811574105,nan,1.1621619164228456,nan,1.0047765975398228,nan,1.0039357037207002,nan
g e s,3,-10.506686037073926,nan,-12.697686807463239,nan,-12.676026545041184,nan,1.1402664306000692,nan,1.1397491221820493,nan,1.001843755097509,nan,1.0017240941135808,nan
g W d,3,-11.827583016823661,nan,-14.828136993061129,nan,-14.264511609029876,nan,1.0940891271803348,nan,1.0939508936229652,nan,1.001408120159587,nan,1.0013926939478808,nan
g W r,3,-11.623918979307556,nan,-16.890699802642917,nan,-15.985222949675432,nan,1.1274146376238927,nan,1.126981831050274,nan,1,1,1.0003409849207117,1.0
g W z,3,-12.285948124400456,nan,-14.660054739636172,nan,-14.066659437047772,nan,1.0696817110808277,nan,1.0697592211409925,nan,1.000938746773058,nan,1.0010421242721577,nan
g i C,3,-12.26842720702064,nan,-12.700412964456572,nan,-12.864809224693225,nan,1.0961636839376323,nan,1.0960341525218908,nan,1.001843755097509,nan,1.0017240941135808,nan
g i J,3,-12.632095186450343,nan,-13.76226005930004,nan,-13.881324151174136,nan,1.0919393234588715,nan,1.0918471322846264,nan,1.0006703216311865,nan,1.0008476699242732,nan
g i D,3,-10.609038364181146,nan,-14.248449661969973,nan,-14.25234876930201,nan,1.1104795722267664,nan,1.1102234988815094,nan,1.002782501870567,nan,1.0024252334650268,nan
g X g,3,-11.96976997027375,nan,-14.956464308440456,nan,-14.679288834528442,nan,1.0771395951453966,nan,1.0771535163673767,nan,1.000653452406883,nan,1.0008380851692618,nan
g u v,3,-11.992452073113931,nan,-15.374764255999,nan,-15.179139332818687,nan,1.1353569240202792,nan,1.1349019535463194,nan,1.0009218775487545,nan,1.001032539517146,nan
h e s,3,-10.819013906732534,nan,-10.770232537553316,nan,-10.851041266803394,nan,1.1560365753397537,nan,1.1553908620577724,nan,1.003368477380236,nan,1.002883994693531,nan
h e n,3,-10.587807394546743,nan,-11.034591257056006,nan,-11.102085088840102,nan,1.186780532157402,nan,1.1858630648956416,nan,1.0036031640735004,nan,1.0030592795313926,nan
h i n,3,-10.13153879369116,nan,-9.256185970533753,nan,-9.35317865712833,nan,1.183513270122987,nan,1.1826226241957065,nan,1.0161031059257954,nan,1.0125521080289024,nan
h Y s,3,-11.212484086149118,nan,-10.64710590342624,nan,-10.73812916138161,nan,1.1229283200576798,nan,1.1225543962984292,nan,1.0042228780317766,nan,1.0035372102699198,nan
h x s,3,-9.992925749152189,nan,-10.866805870402839,nan,-10.932538372090987,nan,1.1924120926562423,nan,1.191467768517051,nan,1.0075759686346935,nan,1.0060295370200272,nan
J X T,3,-15.420967454325037,nan,-inf,nan,-16.58456516757835,nan,1.0272033975798616,nan,1.0276412519408449,nan,1.0002346866932645,nan,1.0005162697585732,nan
J x n,3,-11.281270830325271,nan,-9.598189976214519,nan,-9.875994312610876,nan,1.1823264966547071,nan,1.181442864005445,nan,1.0183209488519496,nan,1.0140638852966228,nan
k e d,3,-10.203379459492952,nan,-11.418168515733345,nan,-11.469303735829875,nan,1.1540923109197923,nan,1.153462428374464,nan,1.003871589215372,nan,1.003253733879277,nan
k X m,3,-11.060971571270738,nan,-13.329882319346416,nan,-13.320659655969804,nan,1.1024651234350802,nan,1.102264822094567,nan,1.0008881391001476,nan,1.0010133700071233,nan
l e l,3,-10.009781487039639,nan,-11.781214607629986,nan,-11.822225980080074,nan,1.1448511611405547,nan,1.1442979947503682,nan,1.0031506599112752,nan,1.002718294610681,nan
m A b,3,-10.616608866681172,nan,-14.563232017276986,nan,-14.547331143818894,nan,1.1133492903734123,nan,1.1130693165925023,nan,1.0033516081559326,nan,1.0028744099385196,nan
m e p,3,-10.745252426542265,nan,-12.657754638404516,nan,-12.690289509755464,nan,1.1180752802403249,nan,1.117755179271083,nan,1.0038209815424615,nan,1.0032249796142427,nan
m A v,3,-11.661090294533372,nan,-11.588344626905442,nan,-11.720711857872214,nan,1.1041965093360973,nan,1.1039974394117626,nan,1.003116921462668,nan,1.002699125100658,nan
m A z,3,-10.691926760337608,nan,-11.795368109054307,nan,-11.837625386027637,nan,1.1147574105329994,nan,1.1144649900049237,nan,1.0038209815424615,nan,1.0032249796142427,nan
m X n,3,-10.600297639133847,nan,-12.96326012748566,nan,-12.928189583265471,nan,1.13004818663029,nan,1.1295954887855564,nan,1.002564684401606,nan,1.0022595333821767,nan
m X s,3,-10.831504151319638,nan,-13.28716895772244,nan,-13.247399947369242,nan,1.0993042298126416,nan,1.0991232859476872,nan,1.0013912509352836,nan,1.001383109192869,nan
m Y d,3,-10.72871297443336,nan,-10.36622953175475,nan,-10.457042423385342,nan,1.108670380977965,nan,1.1084125492875014,nan,1.0071894589226975,nan,1.0057679893870621,nan
m x b,3,-9.892201851356791,nan,-12.202760909529115,nan,-12.250657407455819,nan,1.1523386173174333,nan,1.151738575611729,nan,1.0059162925575387,nan,1.0047929583999848,nan
n e s,3,-9.525681237673616,nan,-12.539257323675184,nan,-12.563160725042495,nan,1.1402664306000692,nan,1.1397491221820493,nan,1.0027150249733532,nan,1.002386894444981,nan
n e n,3,-9.294474725487825,nan,-12.803616043177874,nan,-12.814204547079203,nan,1.1710103874177176,nan,1.1702213250199185,nan,1.0029497116666175,nan,1.0025621792828425,nan
n c d,3,-9.652463976009491,nan,-13.611628103229295,nan,-13.56064731042128,nan,1.1274151999313695,nan,1.127003388762304,nan,1.0026475480761392,nan,1.0023485554249352,nan
n W d,3,-10.846578217423351,nan,-13.101091591359229,nan,-13.133076208036618,nan,1.0940891271803348,nan,1.0939508936229652,nan,1.0027150249733532,nan,1.002386894444981,nan
n c G,3,-10.662006002875842,nan,-12.285286605340435,nan,-12.342310442818476,nan,1.0898653290090508,nan,1.089785431097731,nan,1.0033516081559326,nan,1.0028744099385196,nan
n i n,3,-8.838206124632242,nan,-11.23893930903523,nan,-11.27887221566549,nan,1.1677431253833024,nan,1.1669808843199834,nan,1.004558780070862,nan,1.00377000363785,nan
p e k,3,-10.613389091018439,nan,-11.533069126092371,nan,-11.57944002638598,nan,1.15567326472322,nan,1.1550223309095886,nan,1.0081128189184365,nan,1.006418445715796,nan
p e m,3,-10.745252426542265,nan,-12.304886014850773,nan,-12.344529951467312,nan,1.1347861490226803,nan,1.1343198419586698,nan,1.0036537717464111,nan,1.003088033796427,nan
p e p,3,-11.01095559227527,nan,-12.441145326674729,nan,-12.47903939000784,nan,1.1202355740402816,nan,1.1198978833636477,nan,1.0029497116666175,nan,1.0025621792828425,nan
p i m,3,-10.288983825686682,nan,-12.211108278787083,nan,-12.258223266345103,nan,1.1315188869882653,nan,1.1310794012587346,nan,1.0032841312587186,nan,1.0028360709184738,nan
p X b,3,-11.697278820655448,nan,-13.470620026719562,nan,-13.504781629999453,nan,1.0756489873535042,nan,1.075678644145858,nan,1.0015584607313341,nan,1.0015200550106849,nan
p X d,3,-11.314231606735088,nan,-10.91215652125257,nan,-11.008432230726266,nan,1.1014645236125984,nan,1.101265990040252,nan,1.002497207504392,nan,1.0022211943621309,nan
p X v,3,-12.741760248507646,nan,-12.677453027148271,nan,-12.70411520078162,nan,1.0664962063161891,nan,1.0666067669651182,nan,1.0015584607313341,nan,1.0015200550106849,nan
r e m,3,-10.131578757500673,nan,-11.986378861650357,nan,-12.042284566832453,nan,1.1265770325828448,nan,1.1261775664069236,nan,1.004089406684333,nan,1.003419433962127,nan
r i g,3,-10.063777688384683,nan,-12.714912721338447,nan,-12.757539648526809,nan,1.1118101225784693,nan,1.111539126172213,nan,1.0037872430938546,nan,1.0032058101042196,nan
r i s,3,-9.313979401170164,nan,-11.23674194609383,nan,-11.282798718737226,nan,1.1324625515857447,nan,1.132009002887728,nan,1.004491303173648,nan,1.0037316646178043,nan
r i t,3,-8.736419592853693,nan,-10.116635814102157,nan,-10.164928137179375,nan,1.2040419930314148,nan,1.2029557346858206,nan,1.005899423333235,nan,1.0047833736449734,nan
r i z,3,-9.989368798429403,nan,-9.789927671253771,nan,-9.86984125225908,nan,1.1080551354862376,nan,1.1078173304057555,nan,1.00824629026588,nan,1.0065362220235887,nan
r E p,3,-10.724562534665532,nan,-12.995934777367259,nan,-12.983398871175611,nan,1.1052741160626547,nan,1.1050586970320355,nan,1.0040050605628157,nan,1.0033715101870697,nan
r I D,3,-9.644151725589062,nan,-13.953478896167022,nan,-13.950103216590932,nan,1.1150912889432194,nan,1.1147970542469419,nan,1.003988191338512,nan,1.0033619254320583,nan
r I S,3,-11.125292337022238,nan,-11.8297536714555,nan,-11.995420174024389,nan,1.1010100873473498,nan,1.1008403201227268,nan,1.004457564725041,nan,1.0037124951077814,nan
r I T,3,-11.454647105874589,nan,-13.745500985471024,nan,-13.811006979333,nan,1.0960816667887956,nan,1.0959554631792516,nan,1.003049444565454,nan,1.0026607860806123,nan
r I Z,3,-15.017112635132865,nan,-inf,nan,-16.87905991446662,nan,1.0927960530830927,nan,1.0926988918836016,nan,1.003049444565454,nan,1.0026607860806123,nan
r I z,3,-9.7609201948855,nan,-9.665404823512356,nan,-9.742913832920435,nan,1.1172034691825998,nan,1.116890564365574,nan,1.0046922514183054,nan,1.003887779945643,nan
r x l,3,-9.070606713035517,nan,-10.519021993450057,nan,-10.570147030455852,nan,1.169993150697268,nan,1.1692328399283096,nan,1.006519137291511,nan,1.0052613043835006,nan
s i g,3,-10.050417436218343,nan,-11.821674731711841,nan,-11.868665693115329,nan,1.1515595284976743,nan,1.1509648814754057,nan,1.0059654177834647,nan,1.00486281093272,nan
s i v,3,-10.945172080458827,nan,-11.346423106192958,nan,-11.442486476490998,nan,1.1372436402085404,nan,1.136775535115787,nan,1.0064347911699936,nan,1.0052133806084431,nan
s X d,3,-10.687197685527156,nan,-11.661946845383941,nan,-11.707631304587474,nan,1.1330048130919677,nan,1.1325494697916985,nan,1.0031506599112752,nan,1.002718294610681,nan
s X g,3,-11.219971683059232,nan,-15.413492816419371,nan,-15.090624709433044,nan,1.1123523840846923,nan,1.1120795930761833,nan,1.0017425397516881,nan,1.0016665855835118,nan
s X k,3,-10.699640815795812,nan,-12.62896537975327,nan,-12.632152369327605,nan,1.1447391477551923,nan,1.1441800815618777,nan,1.0031506599112752,nan,1.002718294610681,nan
s X m,3,-10.831504151319638,nan,-12.969999352419215,nan,-12.969258322765421,nan,1.1238520320546526,nan,1.1234775926109588,nan,1.0019772264449527,nan,1.0018418704213734,nan
S x J,3,-13.552238881907039,nan,-15.509076150077425,nan,-15.588415354017064,nan,1.1093310766702202,nan,1.1090946272904225,nan,1.0008881391001476,nan,1.0010133700071233,nan
S x C,3,-13.188570902477336,nan,-13.410310335571186,nan,-13.669998433114099,nan,1.113555437148981,nan,1.113281647527687,nan,1.0018268858732056,nan,1.0017145093585693,nan
s Y b,3,-10.750429432878793,nan,-14.368375560492998,nan,-14.339954762918882,nan,1.1165554279981968,nan,1.1162513872371187,nan,1.0006871908554902,nan,1.0008572546792847,nan
s Y v,3,-11.794910860730992,nan,-13.238736324300493,nan,-13.25160626124927,nan,1.1074026469608818,nan,1.107179510056379,nan,1.0004525041622256,nan,1.000681969841423,nan
s x J,3,-11.512477342511062,nan,-13.853889729523086,nan,-13.848979532099692,nan,1.166794891749071,nan,1.1660905561526467,nan,1.0043732186035237,nan,1.003664571332724,nan
s x g,3,-9.68059787949358,nan,-11.573257326363017,nan,-11.63011519793979,nan,1.191202307848578,nan,1.1902822286346193,nan,1.0062507121496396,nan,1.0050668500356161,nan
s x S,3,-10.97056113167504,nan,-12.394325940148985,nan,-12.506408406506807,nan,1.1712539389210963,nan,1.1705101886253146,nan,1.005077278683317,nan,1.0041904258463084,nan
t e s,3,-9.179327941542937,nan,-11.275260371998417,nan,-11.322250656169913,nan,1.1597090747996799,nan,1.1590334590151328,nan,1.0053288346008853,nan,1.0043752954391814,nan
t E m,3,-9.867939308449715,nan,-12.207673666476902,nan,-12.257259023903904,nan,1.1438039522245735,nan,1.1432646710545271,nan,1.0046922514183054,nan,1.003887779945643,nan
t X t,3,-9.315053779211773,nan,-10.578605705322195,nan,-10.648390959371755,nan,1.188814109797953,nan,1.1878544617140678,nan,1.0045081723979516,nan,1.0037412493728157,nan
T i n,3,-11.43852894506636,nan,-14.110159683761742,nan,-13.94942021237212,nan,1.1411715116438337,nan,1.140625623981436,nan,1.0028162403191738,nan,1.0024444029750499,nan
T X T,3,-15.208406012341367,nan,-15.661328234112327,nan,-15.591313394568067,nan,1.0256911919198919,nan,1.0261413590760495,nan,1.0006703216311865,nan,1.0008476699242732,nan
T x J,3,-13.881593650759388,nan,-16.666556971566845,nan,-16.70277599965331,nan,1.1050104890703065,nan,1.1048092191052927,nan,1.0004525041622256,nan,1.000681969841423,nan
T x S,3,-13.339677439923367,nan,-15.20699318219274,nan,-15.360204874060425,nan,1.109469536242332,nan,1.1092288515779607,nan,1.001156564242019,nan,1.0012078243550075,nan
T x C,3,-13.517925671329685,nan,-14.567791157060604,nan,-14.784359078750345,nan,1.1092348495490674,nan,1.1089962393425572,nan,1.0013912509352836,nan,1.001383109192869,nan
t Y s,3,-9.572798120959519,nan,-12.213005698556607,nan,-12.246581893039943,nan,1.1266008195176063,nan,1.1261969932557896,nan,1.0024803382800886,nan,1.0022116096071194,nan
t x l,3,-8.479686652552708,nan,-9.574789079096274,nan,-9.626274557158714,nan,1.1939724118767883,nan,1.1930168553557792,nan,1.007608224636316,nan,1.0060898047977507,nan
v e t,3,-10.82388087299794,nan,-13.909029997477086,nan,-13.887079492232104,nan,1.1839780820262964,nan,1.1830549711860556,nan,1.001408120159587,nan,1.0013926939478808,nan
v i n,3,-10.713965568273036,nan,-14.180796593148402,nan,-14.113723263663397,nan,1.1398753353638595,nan,1.1393400015258972,nan,1.003034057788135,nan,1.0026101030578998,nan
v X n,3,-11.883519815113923,nan,-12.124723772767029,nan,-12.241913085641647,nan,1.1006681909508775,nan,1.1004547131266749,nan,1.002782501870567,nan,1.0024252334650268,nan
v e D,3,-11.960061609277211,nan,-18.696302597689254,nan,-18.44481639868304,nan,1.0858790442417388,nan,1.0858230567873584,nan,1.000469373386529,nan,1.0006915545964348,nan
v Y k,3,-12.024378280682093,nan,-15.071548795287487,nan,-14.536382688838687,nan,1.091024719961777,nan,1.0909023853987991,nan,1.0044590471720254,nan,1.0036713968400806,nan
v Y r,3,-11.808271112897332,nan,-17.210484304668338,nan,-16.577961872786766,nan,1.1126158957421104,nan,1.1123027110559287,nan,1.000938746773058,nan,1.0010421242721577,nan
v Y t,3,-11.217351052414521,nan,-14.595051065281835,nan,-14.04763019390483,nan,1.1508698267442226,nan,1.1502185054267124,nan,1.003285613705703,nan,1.002794972650773,nan
w e s,3,-10.382680205979273,nan,-9.269176964166412,nan,-9.354822299631675,nan,1.1817440715592393,nan,1.1808890407592938,nan,1.0175266128627019,nan,1.0136545000787838,nan
w x J,3,-12.138269798630928,nan,-12.118466017033347,nan,-12.142663307952331,nan,1.1730597437689456,nan,1.1723043980210845,nan,1.0261549654996247,nan,1.0202345796177281,nan
w x S,3,-11.596353587794905,nan,-10.658902227659244,nan,-10.800092182359444,nan,1.177518790940971,nan,1.1767240304937525,nan,1.026859025579418,nan,1.0207604341313126,nan
w x C,3,-11.774601819201225,nan,-10.019700202527108,nan,-10.224246387049366,nan,1.1772841042477065,nan,1.176491418258349,nan,1.0270937122726826,nan,1.0209357189691741,nan
y c d,3,-10.499586320819237,nan,-13.64878969415862,nan,-13.551585877182239,nan,1.1643562239106306,nan,1.1636436287451626,nan,1.000905008324451,nan,1.0010229547621348,nan
y c g,3,-11.03236031835131,nan,-13.18358912145927,nan,-13.1811613067763,nan,1.1437037949033553,nan,1.1431737520296474,nan,1.0016090684042445,nan,1.0015488092757192,nan
y c G,3,-11.50912834768559,nan,-12.322448196269757,nan,-12.333249009579436,nan,1.1268063529883119,nan,1.1264256710805896,nan,1.0016090684042445,nan,1.0015488092757192,nan
y X C,3,-13.304098999270963,nan,-14.263823536037243,nan,-14.067842122968727,nan,1.0938975635039114,nan,1.093789104105527,nan,1.0015415915070307,nan,1.0015104702556734,nan
y X g,3,-11.835887515683186,nan,-15.347623320714689,nan,-15.001348346249664,nan,1.1140806191246577,nan,1.1137937563502351,nan,1.0013069048137662,nan,1.0013351854178119,nan
y X T,3,-13.455205536716994,nan,-13.805691963296299,nan,-13.755221102169694,nan,1.0892038296386217,nan,1.0891368593974553,nan,1.0015415915070307,nan,1.0015104702556734,nan
y X v,3,-12.730642159923669,nan,-13.36137385557496,nan,-13.31403791145945,nan,1.0997647308355238,nan,1.0996044099906166,nan,1.0017762782002952,nan,1.001685755093535,nan
y x J,3,-12.128393175135017,nan,-13.987720391942672,nan,-13.991214969901039,nan,1.1685231267890364,nan,1.1678047194266985,nan,1.0026306788518358,nan,1.0023389706699235,nan
y x S,3,-11.586476964298996,nan,-12.528156602568572,nan,-12.648643844308152,nan,1.1729821739610617,nan,1.1722243518993665,nan,1.0033347389316292,nan,1.002864825183508,nan
y x C,3,-11.764725195705314,nan,-11.888954577436433,nan,-12.072798048998074,nan,1.1727474872677972,nan,1.171991739663963,nan,1.0035694256248937,nan,1.0030401100213695,nan
b O n,3,-12.85823325988553,nan,-11.927973494981563,nan,-12.032787496837324,nan,1.1238885024745604,nan,1.1234868611405446,nan,1.0004525041622256,nan,1.000681969841423,nan
b O r,3,-13.102800024237661,nan,-inf,nan,-13.28533205318811,nan,1.12647005610047,nan,1.1260455957299842,nan,1.000217817468961,nan,1.0005066850035615,nan
b O s,3,-13.089439772071321,nan,-12.038308224920282,nan,-12.147203448295082,nan,1.093144545656912,nan,1.0930146583026754,nan,1.0006871908554902,nan,1.0008572546792847,nan
b U n,3,-10.996406228040758,nan,-inf,nan,-14.43815552896544,nan,1.1471949716533887,nan,1.1466020048000825,nan,1.000871269875844,nan,1.0010037852521119,nan
b u r,3,-10.211532610213553,nan,-11.375396677853967,nan,-11.430093607317517,nan,1.2125079563400691,nan,1.2113772008282777,nan,1.0120012773581117,nan,1.009340779429373,nan
b U s,3,-11.227612740226549,nan,-inf,nan,-14.552571480423198,nan,1.1164510148357403,nan,1.1161298019622132,nan,1.000871269875844,nan,1.0010037852521119,nan
b W r,3,-11.47419219569584,nan,-13.61929498969166,nan,-13.360335428215105,nan,1.1362718422037155,nan,1.1357669178297898,nan,1.001089087344805,nan,1.0011694853349618,nan
C e D,3,-12.533518448624505,nan,-16.57224834593079,nan,-16.51201074032798,nan,1.0886874261816823,nan,1.0886085721076926,nan,1.0015584607313341,nan,1.0015200550106849,nan
C i D,3,-12.077249847768922,nan,-15.57866110417674,nan,-15.657089282976063,nan,1.0854201641472674,nan,1.0853681314077575,nan,1.00343595427745,nan,1.0029223337135769,nan
C O b,3,-15.307449542873618,nan,-17.48719670579562,nan,-16.79405530763073,nan,1.033412396738496,nan,1.0337868581550136,nan,1.0004525041622256,nan,1.000681969841423,nan
C O g,3,-15.457176326485333,nan,-inf,nan,-16.90750942496963,nan,1.0385755039903148,nan,1.0389043273338925,nan,1.000217817468961,nan,1.0005066850035615,nan
C O v,3,-16.351930970725817,nan,-inf,nan,-15.913346170739361,nan,1.024259615701181,nan,1.024714980974274,nan,1.000217817468961,nan,1.0005066850035615,nan
C u D,3,-12.374731553209507,nan,-15.37648957854048,nan,-15.455337856834856,nan,1.1187462368983019,nan,1.1184206265470964,nan,1.0018268858732056,nan,1.0017145093585693,nan
C u S,3,-13.855872164642683,nan,-14.229243882714215,nan,-14.409571485689753,nan,1.1046650353024323,nan,1.1044638924228813,nan,1.0013575124866765,nan,1.0013639396828462,nan
C u T,3,-14.18522693349503,nan,-13.70167844424058,nan,-13.973866492391869,nan,1.099736614743878,nan,1.0995790354794062,nan,1.001592199179941,nan,1.0015392245207078,nan
D e C,3,-12.533518448624505,nan,-12.405116548664246,nan,-12.441880307498518,nan,1.1141209438117536,nan,1.1138449810512667,nan,1.0087126987584405,nan,1.0069689882347133,nan
D e D,3,-10.874129605785011,nan,-14.822191093201258,nan,-14.65609842529177,nan,1.1284368321008877,nan,1.1280343274108853,nan,1.0091820721449696,nan,1.0073195579104364,nan
D e J,3,-12.897186428054209,nan,-11.818305017920334,nan,-12.023310708690106,nan,1.1098965833329928,nan,1.1096579608140023,nan,1.0091820721449696,nan,1.0073195579104364,nan
D e S,3,-12.355270217218187,nan,-11.878566982290646,nan,-11.97717761509525,nan,1.1143556305050182,nan,1.1140775932866702,nan,1.0091820721449696,nan,1.0073195579104364,nan
D i C,3,-12.077249847768922,nan,-14.25860858117191,nan,-14.307179586869069,nan,1.1108536817773385,nan,1.1106045403513316,nan,1.0016259376285481,nan,1.0015583940307307,nan
D i D,3,-10.417861004929428,nan,-15.806645278685313,nan,-15.69471913147785,nan,1.1251695700664726,nan,1.1247938867109502,nan,1.002564684401606,nan,1.0022595333821767,nan
D i S,3,-11.899001616362604,nan,-15.47032979907538,nan,-15.342099940892693,nan,1.111088368470603,nan,1.110837152586735,nan,1.0004525041622256,nan,1.000681969841423,nan
D i T,3,-12.228356385214951,nan,-14.691449932320834,nan,-14.724073390800855,nan,1.1061599479120487,nan,1.10595229564326,nan,1.0004525041622256,nan,1.000681969841423,nan
d u r,3,-9.828485396293193,nan,-10.434585001595227,nan,-10.497305308241303,nan,1.2129400151000604,nan,1.2118057416467907,nan,1.014832904454605,nan,1.0114948805064234,nan
D W C,3,-13.637391138691797,nan,-inf,nan,-16.170018034156527,nan,1.0679436403920193,nan,1.0680467524921826,nan,1.0002346866932645,nan,1.0005162697585732,nan
D W D,3,-11.978002295852303,nan,-inf,nan,-19.077383332509722,nan,1.0822595286811534,nan,1.0822360988518012,nan,1.0002346866932645,nan,1.0005162697585732,nan
D W T,3,-13.788497676137826,nan,-inf,nan,-15.133478174130795,nan,1.0632499065267296,nan,1.063394507784111,nan,1.0002346866932645,nan,1.0005162697585732,nan
f U n,3,-11.598318797581415,nan,-inf,nan,-15.371604789690437,nan,1.1266721805537991,nan,1.1262463159207166,nan,1.000217817468961,nan,1.0005066850035615,nan
f u r,3,-10.81344517975421,nan,-14.239220011113037,nan,-13.950507924624555,nan,1.1919851652404796,nan,1.1910215119489118,nan,1.0096052851995407,nan,1.0075180785180224,nan
f U s,3,-11.829525309767206,nan,-inf,nan,-15.486020741148195,nan,1.0959282237361507,nan,1.0957741130828473,nan,1.000217817468961,nan,1.0005066850035615,nan
f W r,3,-12.076104765236497,nan,-16.19543625049895,nan,-15.603118008923865,nan,1.115749051104126,nan,1.1154112289504239,nan,1.000217817468961,nan,1.0005066850035615,nan
f x r,3,-10.146143917588862,nan,-11.417313014293516,nan,-11.502508847740046,nan,1.1983018718403489,nan,1.1972863639687865,nan,1.003837850766765,nan,1.0032345643692542,nan
g U n,3,-11.146133011652473,nan,-inf,nan,-14.048961638203583,nan,1.138337767073566,nan,1.1378169180205666,nan,1.0021781746896101,nan,1.001997985749212,nan
g U S,3,-13.417101063234242,nan,-11.701961216944163,nan,-11.876699888956239,nan,1.0669930123211604,nan,1.0671027984578776,nan,1.003116921462668,nan,1.002699125100658,nan
g U T,3,-13.746455832086593,nan,-inf,nan,-14.149045096760565,nan,1.0620645917626061,nan,1.0622179415144024,nan,1.0021781746896101,nan,1.001997985749212,nan
g W C,3,-13.828568497943513,nan,-16.29548819644106,nan,-15.668631016445211,nan,1.0532536425523131,nan,1.0534763646627419,nan,1.0002346866932645,nan,1.0005162697585732,nan
g W D,3,-12.169179655104017,nan,-19.811175029646183,nan,-18.575996314798406,nan,1.0675695308414472,nan,1.0676657110223604,nan,1.0002346866932645,nan,1.0005162697585732,nan
g W T,3,-13.979675035389544,nan,-15.038848927482347,nan,-14.632091156419479,nan,1.0485599086870234,nan,1.0488241199546702,nan,1.0002346866932645,nan,1.0005162697585732,nan
g x r,3,-9.69395813165992,nan,-10.916325808205457,nan,-10.983532475280992,nan,1.2099674583601157,nan,1.2088569660686366,nan,1.003837850766765,nan,1.0032345643692542,nan
h U n,3,-11.458460881311082,nan,-inf,nan,-16.449998746163097,nan,1.1541079118132505,nan,1.1534586578962898,nan,1.000217817468961,nan,1.0005066850035615,nan
h u r,3,-10.673587263483876,nan,-11.087930401742426,nan,-11.157700870189322,nan,1.219420896499931,nan,1.218233853924485,nan,1.0141794520477219,nan,1.0109977802578733,nan
h U s,3,-11.689667393496872,nan,-inf,nan,-16.564414697620855,nan,1.123363954995602,nan,1.1229864550584205,nan,1.000217817468961,nan,1.0005066850035615,nan
h W r,3,-11.936246848966164,nan,-12.68313329559101,nan,-12.462004260220414,nan,1.1431847823635772,nan,1.142623570925997,nan,1.0041385319102591,nan,1.0034892864948624,nan
J O b,3,-15.671117522303321,nan,-16.430381545805968,nan,-16.105822141873215,nan,1.033412396738496,nan,1.0337868581550136,nan,1.0004525041622256,nan,1.000681969841423,nan
J x r,3,-11.525837594677402,nan,-11.462713447464356,nan,-11.731829720399745,nan,1.1849080502806166,nan,1.1840015985948846,nan,1.004709120642609,nan,1.0038973647006544,nan
k E G,3,-11.540202097791155,nan,-14.777844817928372,nan,-14.541293733199208,nan,1.1097900984596822,nan,1.109547559930025,nan,1.0008881391001476,nan,1.0010133700071233,nan
k E S,3,-12.353397320638337,nan,-15.37101151925189,nan,-15.211306338357495,nan,1.1067391714472439,nan,1.1065236008697783,nan,1.0011228257934122,nan,1.0011886548449849,nan
k i b,3,-10.130158072557728,nan,-13.341517414528074,nan,-13.36774412714669,nan,1.1250095126262831,nan,1.124634641780135,nan,1.0011228257934122,nan,1.0011886548449849,nan
k i C,3,-11.748096339757222,nan,-12.620451793345634,nan,-12.770835572518862,nan,1.1099895642573556,nan,1.1097474587143057,nan,1.00206157256647,nan,1.0018897941964309,nan
k i D,3,-10.088707496917726,nan,-14.168488490859037,nan,-14.158375117127648,nan,1.1243054525464897,nan,1.1239368050739242,nan,1.003000319339528,nan,1.0025909335478769,nan
k i r,3,-9.543446821121265,nan,-10.740418660671228,nan,-10.794411863771192,nan,1.1841505593289352,nan,1.1832529251018378,nan,1.0128571604566368,nan,1.009952896738061,nan
k u f,3,-11.02955234753897,nan,-13.653685869033117,nan,-13.659365980888927,nan,1.1501215511130605,nan,1.1495457086803484,nan,1.00206157256647,nan,1.0018897941964309,nan
k U m,3,-11.218339412049772,nan,-16.142928944137083,nan,-15.489976826239415,nan,1.1122669095383257,nan,1.1119861441943726,nan,1.0013237740380696,nan,1.0013447701728233,nan
k U n,3,-10.625802144389056,nan,-inf,nan,-15.779624694488382,nan,1.1521636473932892,nan,1.1515302242129815,nan,1.001089087344805,nan,1.0011694853349618,nan
k U p,3,-11.484042577782779,nan,-15.111583095805976,nan,-14.757675590169157,nan,1.097716334555927,nan,1.0975641855993505,nan,1.0015584607313341,nan,1.0015200550106849,nan
k u r,3,-9.840928526561848,nan,-12.69957329795809,nan,-12.684551395850827,nan,1.2174766320799697,nan,1.2163054202411767,nan,1.0100409201374627,nan,1.0078494786837227,nan
l U n,3,-10.522781593028071,nan,-inf,nan,-14.183814709365668,nan,1.145034677853432,nan,1.1444593007075177,nan,1.0067523415377913,nan,1.005477687489063,nan
l X l,3,-10.723067133024944,nan,-12.95774964404895,nan,-12.958498588410121,nan,1.1023767546931575,nan,1.1021722656512107,nan,1.0011396950177154,nan,1.001198239599996,nan
m W l,3,-11.34853806399174,nan,-13.486980468401308,nan,-13.3944409580785,nan,1.093489152600924,nan,1.0933572763691284,nan,1.000905008324451,nan,1.0010229547621348,nan
m W r,3,-11.235451447567963,nan,-14.237525359524444,nan,-13.95984665242873,nan,1.1289268432838624,nan,1.1284817239150693,nan,1.000435634937922,nan,1.0006723850864117,nan
m W t,3,-10.644531387085152,nan,-10.277863424303563,nan,-10.383445198666665,nan,1.1671807742859746,nan,1.166397518285853,nan,1.0011396950177154,nan,1.001198239599996,nan
n c n,3,-9.204233174141255,nan,-10.570400927045315,nan,-10.621462847479517,nan,1.158159156749018,nan,1.1574755916001733,nan,1.0082800287144869,nan,1.0065553915336116,nan
n W C,3,-12.847563698543203,nan,-14.568442794739163,nan,-14.537195615451953,nan,1.0532536425523131,nan,1.0534763646627419,nan,1.0015415915070307,nan,1.0015104702556734,nan
n W D,3,-11.188174855703707,nan,-18.084129627944282,nan,-17.444560913805148,nan,1.0675695308414472,nan,1.0676657110223604,nan,1.0015415915070307,nan,1.0015104702556734,nan
n x r,3,-8.71295333225961,nan,-11.301821896609738,nan,-11.341200929273844,nan,1.2099674583601157,nan,1.2088569660686366,nan,1.004055668235726,nan,1.0034002644521043,nan
p c k,3,-10.52314753967187,nan,-11.434474439623795,nan,-11.494740955968405,nan,1.1428220340545205,nan,1.1422765974898434,nan,1.0066372218616355,nan,1.005328397668581,nan
p c p,3,-10.9207140409287,nan,-11.580410588159253,nan,-11.649592010255239,nan,1.1073843433715822,nan,1.1071521499439025,nan,1.0033516081559326,nan,1.0028744099385196,nan
p c s,3,-10.293680119720769,nan,-12.936182635029834,nan,-12.929057909672894,nan,1.131087699391296,nan,1.1306459857196642,nan,1.0026475480761392,nan,1.0023485554249352,nan
p O l,3,-13.242849058266565,nan,-13.833122786013524,nan,-13.766743199094208,nan,1.0858476602976352,nan,1.0857786583618876,nan,1.000905008324451,nan,1.0010229547621348,nan
p O m,3,-13.477732945151375,nan,-inf,nan,-15.68032822674085,nan,1.0788070594997006,nan,1.07880029129978,nan,1.000435634937922,nan,1.0006723850864117,nan
p O n,3,-12.885195677490659,nan,-14.433942633978747,nan,-14.178216625761761,nan,1.118703797354664,nan,1.118344371318389,nan,1.0006703216311865,nan,1.0008476699242732,nan
p O r,3,-13.12976244184279,nan,-inf,nan,-15.430761182112548,nan,1.1212853509805736,nan,1.1209031059078285,nan,1.000435634937922,nan,1.0006723850864117,nan
p O s,3,-13.11640218967645,nan,-14.544277363917466,nan,-14.29263257721952,nan,1.0879598405370157,nan,1.0878721684805197,nan,1.000905008324451,nan,1.0010229547621348,nan
p O t,3,-12.53884238135998,nan,-inf,nan,-15.086480779968705,nan,1.1595392819826857,nan,1.1588189002786122,nan,1.000435634937922,nan,1.0006723850864117,nan
p u k,3,-10.45460219560344,nan,-11.74418184050911,nan,-11.792697159851626,nan,1.1857320754398395,nan,1.1848343853489924,nan,1.0104596858510813,nan,1.0081712940944112,nan
p U m,3,-11.615905913306603,nan,-13.99657091800725,nan,-13.458547166162099,nan,1.1021135286785289,nan,1.1019154349593179,nan,1.008511750513783,nan,1.0068128729068748,nan
p U n,3,-11.023368645645887,nan,-inf,nan,-13.748195034411067,nan,1.1420102665334924,nan,1.1414595149779267,nan,1.0082770638205185,nan,1.0066375880690133,nan
p U p,3,-11.88160907903961,nan,-12.965225069676144,nan,-12.72624593009184,nan,1.0875629536961302,nan,1.0874934763642958,nan,1.0087464372070476,nan,1.0069881577447364,nan
p U s,3,-11.254575157831678,nan,-inf,nan,-13.862610985868825,nan,1.111266309715844,nan,1.1109873121400575,nan,1.0082770638205185,nan,1.0066375880690133,nan
p u v,3,-11.869687707107342,nan,-13.397056974904299,nan,-13.439327802520753,nan,1.1390294234802056,nan,1.1385445505036795,nan,1.0020109648935596,nan,1.0018610399313963,nan
r U n,3,-10.409694976604294,nan,-inf,nan,-16.390388628942652,nan,1.1338011500936567,nan,1.1333172394261806,nan,1.000217817468961,nan,1.0005066850035615,nan
r W r,3,-10.887480944259377,nan,-14.28254631825046,nan,-14.01183205543407,nan,1.1228780206439835,nan,1.122482152455888,nan,1.000435634937922,nan,1.0006723850864117,nan
S c g,3,-12.456206025123333,nan,-14.210248637757914,nan,-14.265265918591794,nan,1.0845117447845392,nan,1.0844636598933715,nan,1.0018268858732056,nan,1.0017145093585693,nan
s c p,3,-10.293680119720769,nan,-11.170964001806084,nan,-11.23275208097616,nan,1.1389246328509515,nan,1.138435629695349,nan,1.0033516081559326,nan,1.0028744099385196,nan
s U g,3,-11.377339523838264,nan,-17.335566517320174,nan,-16.575547490252305,nan,1.1221541701879378,nan,1.121800915175989,nan,1.0007040600797934,nan,1.000866839434296,nan
S U g,3,-13.417101063234243,nan,-15.264256620189268,nan,-15.201468002959302,nan,1.0646903551090872,nan,1.0648049863137647,nan,1.0013575124866765,nan,1.0013639396828462,nan
s U k,3,-10.857008656574846,nan,-13.26584083640555,nan,-12.713081211927573,nan,1.1545409338584378,nan,1.1539014036616833,nan,1.0089180943440508,nan,1.0070018087594497,nan
s U m,3,-10.988871992098671,nan,-18.070126883667964,nan,-16.836808904252262,nan,1.1336538181578981,nan,1.1331989147107644,nan,1.0002346866932645,nan,1.0005162697585732,nan
s U n,3,-10.396334724437954,nan,-inf,nan,-17.126456772501236,nan,1.1735505560128616,nan,1.1727429947293733,nan,1,1,1.0003409849207117,1.0
s U p,3,-11.254575157831678,nan,-17.038781035336857,nan,-16.104507668182006,nan,1.1191032431754995,nan,1.1187769561157423,nan,1.000469373386529,nan,1.0006915545964348,nan
s U s,3,-10.627541236623745,nan,-inf,nan,-17.240872723958994,nan,1.1428065991952132,nan,1.142270791891504,nan,1,1,1.0003409849207117,1.0
S u T,3,-14.006978702088713,nan,-13.452482660819959,nan,-13.709447573410714,nan,1.102544996683822,nan,1.1023645507997406,nan,1.002027834117863,nan,1.0018706246864078,nan
s W l,3,-10.987207308516812,nan,-14.071454775190444,nan,-13.902192539488267,nan,1.12718973588025,nan,1.1267834602131397,nan,1.000905008324451,nan,1.0010229547621348,nan
s W t,3,-10.283200631610228,nan,-10.8623377310927,nan,-10.89119678007643,nan,1.2008813575653006,nan,1.1998237021298643,nan,1.0011396950177154,nan,1.001198239599996,nan
S x r,3,-10.983921383841379,nan,-12.547964560631662,nan,-12.675519426462017,nan,1.1877164322205607,nan,1.186787113915219,nan,1.002530945952999,nan,1.002240363872154,nan
T c g,3,-12.785560793975682,nan,-14.633760284167131,nan,-14.707098670870835,nan,1.0801911571846254,nan,1.0801782517082417,nan,1.0016090684042445,nan,1.0015488092757192,nan
T i D,3,-12.228356385214951,nan,-17.370713682414134,nan,-17.15365817455621,nan,1.0839079584872977,nan,1.083868238542962,nan,1.002346866932645,nan,1.0020938332993268,nan
t O n,3,-11.680601947966258,nan,-13.13399443643191,nan,-13.195516218281915,nan,1.1344739420943486,nan,1.1339861111941123,nan,1.0015415915070307,nan,1.0015104702556734,nan
t U n,3,-9.818774916121486,nan,-inf,nan,-16.859839189153323,nan,1.1577804112731769,nan,1.1571012548536501,nan,1.000435634937922,nan,1.0006723850864117,nan
T W C,3,-15.44788651897732,nan,-16.42201994333123,nan,-15.954980643663214,nan,1.0266820288128444,nan,1.0271211043241946,nan,1.0004525041622256,nan,1.000681969841423,nan
T W D,3,-13.788497676137826,nan,-19.937706776536352,nan,-18.86234594201641,nan,1.0409979171019785,nan,1.0413104506838131,nan,1.0004525041622256,nan,1.000681969841423,nan
T W T,3,-15.59899305642335,nan,-15.165380674372516,nan,-14.918440783637482,nan,1.0219882949475547,nan,1.0224688596161229,nan,1.0004525041622256,nan,1.000681969841423,nan
T W z,3,-13.905266145434261,nan,-14.78658648652634,nan,-14.353009064265775,nan,1.043110097341359,nan,1.0434039608024452,nan,1.001156564242019,nan,1.0012078243550075,nan
v e r,3,-11.414800933480748,nan,-12.457106210848071,nan,-12.466268672230054,nan,1.1457241510241842,nan,1.1451391768152719,nan,1.0255808495658296,nan,1.019447032247618,nan
w U S,3,-13.293095232139592,nan,-12.456645899400275,nan,-12.556749782702818,nan,1.1084706532803308,nan,1.1082427170351221,nan,1.002681286524746,nan,1.0023677249349578,nan
w U T,3,-13.62245000099194,nan,-inf,nan,-14.829094990507144,nan,1.1035422327217765,nan,1.103357860091647,nan,1.0017425397516881,nan,1.0016665855835118,nan
w W D,3,-12.045173824009368,nan,-18.414097508842833,nan,-17.464286739316933,nan,1.1090471718006176,nan,1.108805629599605,nan,1.0004525041622256,nan,1.000681969841423,nan
w x r,3,-9.569952300565268,nan,-9.157354427587585,nan,-9.229767380397282,nan,1.251445099319286,nan,1.249996884645881,nan,1.027797772352476,nan,1.0214615734827588,nan
y c f,3,-11.484546104280252,nan,-12.289136461256192,nan,-12.32499498426853,nan,1.1303266533872793,nan,1.129914854611643,nan,1.001843755097509,nan,1.0017240941135808,nan
y c g,3,-11.03236031835131,nan,-13.18358912145927,nan,-13.1811613067763,nan,1.1437037949033553,nan,1.1431737520296474,nan,1.0016090684042445,nan,1.0015488092757192,nan
y c S,3,-12.32232357053277,nan,-12.915614897593276,nan,-13.003261614737724,nan,1.1237554259758735,nan,1.1234017120203428,nan,1.0016090684042445,nan,1.0015488092757192,nan
y e C,3,-12.590813353285657,nan,-16.481186578798823,nan,-15.839640849634245,nan,1.1363719699513084,nan,1.1359148332046844,nan,1.000217817468961,nan,1.0005066850035615,nan
y e D,3,-10.931424510446163,nan,-18.898261123335836,nan,-18.053858967427495,nan,1.1506878582404425,nan,1.150104179564303,nan,1.0006871908554902,nan,1.0008572546792847,nan
y e J,3,-12.95448133271536,nan,-15.89437504805491,nan,-15.42107125082583,nan,1.1321476094725476,nan,1.13172781296742,nan,1.0006871908554902,nan,1.0008572546792847,nan
y e S,3,-12.41256512187934,nan,-15.95463701242522,nan,-15.374938157230975,nan,1.136606656644573,nan,1.136147445440088,nan,1.0006871908554902,nan,1.0008572546792847,nan
y i D,3,-10.47515590959058,nan,-16.613689700266214,nan,-16.233856614031993,nan,1.1474205962060275,nan,1.1468637388643679,nan,1.002782501870567,nan,1.0024252334650268,nan
y i J,3,-12.498212731859779,nan,-16.127500097596283,nan,-15.862831995904118,nan,1.1288803474381326,nan,1.1284873722674849,nan,1.0006703216311865,nan,1.0008476699242732,nan
y i S,3,-11.956296521023756,nan,-16.27737422065628,nan,-15.881237423446834,nan,1.133339394610158,nan,1.1329070047401528,nan,1.0006703216311865,nan,1.0008476699242732,nan
y U g,3,-11.99325535646222,nan,-11.745572986333759,nan,-11.692962998965438,nan,1.1238824052279033,nan,1.1235150784500407,nan,1.0044069570521306,nan,1.0036837408427468,nan
y u g,3,-10.963814974282881,nan,-8.359853798986784,nan,-8.46437997035601,nan,1.1866138362886742,nan,1.1857315398887964,nan,1.0675784703917766,nan,1.0516134700661566,nan
y U T,3,-13.612573377496027,nan,-inf,nan,-12.34395573977135,nan,1.0990056157418673,nan,1.0988581814972609,nan,1.0037028969723372,nan,1.0031578863291624,nan
y U z,3,-11.918846466506938,nan,-11.393463358983043,nan,-10.884706144377548,nan,1.1201274181356715,nan,1.1197932826835832,nan,1.0037028969723372,nan,1.0031578863291624,nan
y x D,3,-10.10533635286582,nan,-14.17819575046356,nan,-14.164413844698991,nan,1.1870633755569313,nan,1.1861810860235815,nan,1.0028653655451003,nan,1.002514255507785,nan
z e C,3,-12.650286917920942,nan,-15.292329066828675,nan,-15.277762678437563,nan,1.0791241842524533,nan,1.0791331747517168,nan,1.000653452406883,nan,1.0008380851692618,nan
z e D,3,-10.990898075081446,nan,-17.709403611365687,nan,-17.491980796230813,nan,1.0934400725415874,nan,1.0933225211113353,nan,1.0011228257934122,nan,1.0011886548449849,nan
z e S,3,-12.472038686514622,nan,-14.765779500455071,nan,-14.813059986034293,nan,1.0793588709457178,nan,1.0793657869871203,nan,1.0011228257934122,nan,1.0011886548449849,nan
z i C,3,-12.194018317065359,nan,-14.241438604370575,nan,-14.376246447479652,nan,1.0758569222180383,nan,1.0758927340517817,nan,1.001843755097509,nan,1.0017240941135808,nan
z i D,3,-10.534629474225863,nan,-15.789475301883977,nan,-15.763785992088433,nan,1.0901728105071724,nan,1.0900820804114002,nan,1.002782501870567,nan,1.0024252334650268,nan
z i T,3,-12.34512485451139,nan,-14.674279955519497,nan,-14.79314025141144,nan,1.0711631883527486,nan,1.07124048934371,nan,1.0006703216311865,nan,1.0008476699242732,nan
z u f,3,-11.47547432484711,nan,-15.861005856332191,nan,-15.67024196395788,nan,1.1159889090737432,nan,1.1156909840178244,nan,1.001843755097509,nan,1.0017240941135808,nan
z u g,3,-11.023288538918166,nan,-15.330942942595183,nan,-15.137400219474163,nan,1.129366050589819,nan,1.1289498814358288,nan,1.0102924760550307,nan,1.0080343482765957,nan
z u T,3,-12.642606559951975,nan,-15.93744599834358,nan,-15.865354001416202,nan,1.104489261103783,nan,1.104292984483049,nan,1.00137438171098,nan,1.0013735244378577,nan
