word,word_len,uni_prob,uni_prob_freq_weighted,bi_prob,bi_prob_freq_weighted,bi_prob_smoothed,bi_prob_freq_weighted_smoothed,pos_uni_score,pos_uni_score_freq_weighted,pos_uni_score_smoothed,pos_uni_score_freq_weighted_smoothed,pos_bi_score,pos_bi_score_freq_weighted,pos_bi_score_smoothed,pos_bi_score_freq_weighted_smoothed
f u T,3,-13.675306939098776,nan,-12.540461805185474,nan,-12.797807055580506,nan,1.0929628513246226,nan,1.0928101641705574,nan,1.0019107718508606,nan,1.0017449968100673,nan
g i T,3,-12.629212684714112,nan,-12.382882701271294,nan,-12.772183747507295,nan,1.0951980931857765,nan,1.0950186249205482,nan,1.0015990511526063,nan,1.0015300355031027,nan
z i T,3,-11.879505928585901,nan,-15.32914040722625,nan,-15.566325596710097,nan,1.0656674745970292,nan,1.065832757025003,nan,1.0019107718508606,nan,1.0017449968100673,nan
y c g,3,-12.717453966101948,nan,-12.246550312016524,nan,-12.603040268630501,nan,1.1220525379601887,nan,1.1215506367704142,nan,1.0041332643999756,nan,1.0032687057245828,nan
l X z,3,-10.095695899302415,nan,-9.61450461967019,nan,-9.751526172998135,nan,1.0957822561876998,nan,1.0955851303609812,nan,1.0009621272023195,nan,1.0010937863005858,nan
J Y p,3,-12.592352388893248,nan,-14.082995467300854,nan,-13.835831251337183,nan,1.0968691966125284,nan,1.09665003306642,nan,1.0029133467145146,nan,1.0024215136738985,nan
C x z,3,-11.070952286339892,nan,-11.028200817205741,nan,-11.183692862214658,nan,1.1398046411640217,nan,1.1390913528368536,nan,1.0042141597226446,nan,1.003306665256107,nan
C e J,3,-13.7911230060319,nan,-12.965640241647709,nan,-13.319461640498384,nan,1.0752698399556604,nan,1.0753234279362274,nan,1.0034828578959105,nan,1.0028261299334784,nan
z i S,3,-10.996602212744484,nan,-16.61750923117583,nan,-16.387010337566522,nan,1.0728219461417448,nan,1.0728998948341903,nan,1.000935162094763,nan,1.001081133123411,nan
z u v,3,-12.44078146793969,nan,-15.963640904994218,nan,-15.816772556018593,nan,1.0597550199612609,nan,1.05998187311817,nan,1.0025746609087038,nan,1.0021938991897592,nan
D Y p,3,-13.403282605109577,nan,-14.134288761688405,nan,-14.178375822377639,nan,1.0887871325777132,nan,1.0886623218529021,nan,1.0029133467145146,nan,1.0024215136738985,nan
s X k,3,-9.52920948483242,nan,-11.187088529513414,nan,-11.248544838734063,nan,1.2223991365312,nan,1.2207001156834214,nan,1.0076296048496645,nan,1.0056649130441317,nan
b X s,3,-9.9919128247955,nan,-9.59207901412413,nan,-9.726605618962376,nan,1.1847527912769484,nan,1.183497423243068,nan,1.00731788415141,nan,1.0054499517371671,nan
T x z,3,-11.733794117404509,nan,-11.16832103270828,nan,-11.46408460093546,nan,1.1329659715961014,nan,1.1323325202715693,nan,1.0042141597226446,nan,1.003306665256107,nan
S c G,3,-11.718471518382682,nan,-11.692184313952735,nan,-11.775806423642933,nan,1.1207086610461319,nan,1.1202236609991205,nan,1.0041737120613101,nan,1.003287685490345,nan
J e J,3,-14.158847786157217,nan,-13.039748213801431,nan,-13.440241638623993,nan,1.0737155968720422,nan,1.0737873296259355,nan,1.0025476958011474,nan,1.0021812460125843,nan
D x z,3,-12.249607282681538,nan,-11.733420578999956,nan,-12.052482539488887,nan,1.1301683340455884,nan,1.129567543313044,nan,1.0042141597226446,nan,1.003306665256107,nan
S Y p,3,-12.00456572399113,nan,-13.139906542271975,nan,-13.221382506097406,nan,1.099045136929594,nan,1.0988005707008286,nan,1.0035367881110233,nan,1.002851436287828,nan
n W C,3,-12.838114287051456,nan,-14.773978992712623,nan,-14.499731825074193,nan,1.0559040351967126,nan,1.0561810247876742,nan,1.0009621272023195,nan,1.0010937863005858,nan
l W C,3,-12.873505411991639,nan,-11.838703553008575,nan,-12.188136073844088,nan,1.067405434015488,nan,1.067548152283834,nan,1.0012738479005738,nan,1.0013087476075506,nan
S c d,3,-11.238774759931285,nan,-13.049550030667632,nan,-13.037072323583462,nan,1.1496517504770263,nan,1.1488134457726509,nan,1.0025476958011474,nan,1.0021812460125843,nan
g i J,3,-12.334095633774812,nan,-14.58754225709503,nan,-14.332545661362493,nan,1.0945476866817117,nan,1.0943761578469857,nan,1.0009486446485412,nan,1.0010874597119985,nan
C u T,3,-14.477653411623713,nan,-12.53862103154098,nan,-12.987314129795926,nan,1.0565935631679548,nan,1.0568654637097281,nan,1.002222492549115,nan,1.0019599581170322,nan
D i g,3,-13.145025849991143,nan,-17.036057196771477,nan,-16.743053101997873,nan,1.0831136131243144,nan,1.083067257013407,nan,1.0009486446485412,nan,1.0010874597119985,nan
w u T,3,-13.77303382990153,nan,-13.890777282571056,nan,-13.689836000440451,nan,1.089854365157386,nan,1.0897379675499739,nan,1.001287330454352,nan,1.0013150741961379,nan
T c T,3,-14.349925949120916,nan,-13.939314169856667,nan,-14.299151513640997,nan,1.1005653674154958,nan,1.100322281175251,nan,1.0006234413965087,nan,1.0008661718164464,nan
g u T,3,-13.898450490412985,nan,-13.059555044627732,nan,-13.278146821950397,nan,1.0740010857044797,nan,1.0740697647849968,nan,1.0015990511526063,nan,1.0015300355031027,nan
f X s,3,-10.461916454041237,nan,-10.953938027462412,nan,-11.048624046265692,nan,1.1440316224861495,nan,1.1432516475134211,nan,1.0045123978671209,nan,1.0035152999744843,nan
J Y m,3,-12.739619905228768,nan,-13.273421875927964,nan,-13.08516502292864,nan,1.1063000909214715,nan,1.105965805633076,nan,1.001937736958417,nan,1.0017576499872423,nan
n X z,3,-10.06030477436223,nan,-10.560194846816264,nan,-10.6478400262351,nan,1.0842808573689244,nan,1.0842180028648214,nan,1.0012738479005738,nan,1.0013087476075506,nan
m X n,3,-10.085048304745836,nan,-11.49944682610212,nan,-11.570305257904078,nan,1.1675467390796532,nan,1.1664785592847307,nan,1.0028998641607363,nan,1.0024151870853113,nan
C u S,3,-13.594749695782294,nan,-12.505234015508243,nan,-12.7783794534712,nan,1.0637480347126704,nan,1.0639326015189154,nan,1.002222492549115,nan,1.0019599581170322,nan
S e J,3,-13.571061121255099,nan,-12.789806469332497,nan,-13.135947821688054,nan,1.0758915371891078,nan,1.0759378672603441,nan,1.0044180199906736,nan,1.0034710138543728,nan
T x S,3,-12.842641909966645,nan,-13.213005987503845,nan,-13.58800894476825,nan,1.1180066220026055,nan,1.1175557775796323,nan,1.002588143462482,nan,1.0022002257783464,nan
v e D,3,-14.55693278696776,nan,-inf,nan,-19.118197700618722,nan,1.0646579230811295,nan,1.064835917802074,nan,1,1,1.000436249202517,1.0
C x S,3,-12.17980007890203,nan,-13.072885772001307,nan,-13.307617206047452,nan,1.1248452915705258,nan,1.1243146101449166,nan,1.002588143462482,nan,1.0022002257783464,nan
n c T,3,-11.828385166153135,nan,-13.756382573070121,nan,-14.027676218759066,nan,1.1207705275025335,nan,1.1202915592090452,nan,1.0018703241895262,nan,1.0017260170443054,nan
s X p,3,-9.812829263275322,nan,-11.45197544180419,nan,-11.516673167728317,nan,1.1947568601084357,nan,1.1933952650570159,nan,1.006653995093567,nan,1.0050010493574755,nan
D i D,3,-14.902883767543518,nan,-17.35764082089894,nan,-17.342963597333505,nan,1.0665282472706559,nan,1.0666843466375637,nan,1.0009486446485412,nan,1.0010874597119985,nan
S c g,3,-12.224977481004155,nan,-13.691204288321996,nan,-13.796291320762295,nan,1.1229850838103597,nan,1.1224722957565894,nan,1.0031981023052126,nan,1.0026238218036887,nan
C i S,3,-12.325511890083423,nan,-13.64930867825311,nan,-13.679330027350723,nan,1.0849450421939673,nan,1.0848814616544669,nan,1.0031172069825436,nan,1.0025858622721644,nan
g i D,3,-13.145025849991143,nan,-15.450588474450372,nan,-15.289100092404166,nan,1.093572076925614,nan,1.0934124572366422,nan,1.0009486446485412,nan,1.0010874597119985,nan
T c S,3,-13.467022233279497,nan,-13.522934901567824,nan,-13.733541893377536,nan,1.1077198389602114,nan,1.1073894189844384,nan,1.0025746609087038,nan,1.0021938991897592,nan
z u T,3,-13.148743734284775,nan,-16.480270730177804,nan,-16.42450926474255,nan,1.0444704671157323,nan,1.0448838968894516,nan,1.0015990511526063,nan,1.0015300355031027,nan
S Y m,3,-12.15183324032665,nan,-12.330332950899084,nan,-12.470716277688863,nan,1.108476031238537,nan,1.1081163432674845,nan,1.0025611783549258,nan,1.0021875726011718,nan
D x v,3,-13.533396524740006,nan,-13.274660017327154,nan,-13.728814686753017,nan,1.1233390657529054,nan,1.1228216390406383,nan,1.0038889564706122,nan,1.0030853773605548,nan
t W C,3,-12.646642079574896,nan,-12.652170818078387,nan,-12.88632435617314,nan,1.0854346537854598,nan,1.0853668926832196,nan,1.002209009995337,nan,1.0019536315284447,nan
g Y b,3,-11.824508249077383,nan,-15.484895172801224,nan,-15.190344219803615,nan,1.0946927508505577,nan,1.0945102525612,nan,1.0015990511526063,nan,1.0015300355031027,nan
r c S,3,-11.039713075274834,nan,-11.64956306435256,nan,-11.855477083802223,nan,1.1356962144653404,nan,1.135039188569692,nan,1.0038215437017213,nan,1.0030537444176182,nan
d X s,3,-9.698857284282576,nan,-10.264633395353403,nan,-10.382092868260793,nan,1.1458967141864915,nan,1.1450949654857714,nan,1.0045123978671209,nan,1.0035152999744843,nan
S c z,3,-11.475270724875944,nan,-12.22919089776178,nan,-12.234273944828223,nan,1.130139555355075,nan,1.1295394335657765,nan,1.002222492549115,nan,1.0019599581170322,nan
y c d,3,-11.731251245029078,nan,-11.60489605436216,nan,-11.843821271451668,nan,1.1487192046268553,nan,1.1478917867864757,nan,1.0034828578959105,nan,1.0028261299334784,nan
J u S,3,-13.962474475907612,nan,-12.425191307834709,nan,-12.765628058972286,nan,1.0621937916290523,nan,1.0623965032086236,nan,1.0025342132473694,nan,1.0021749194239968,nan
h u S,3,-13.332385431314805,nan,-12.368822160018368,nan,-12.466824944812936,nan,1.0945220477683124,nan,1.0943473480626942,nan,1.0019107718508606,nan,1.0017449968100673,nan
g u S,3,-13.015546774571568,nan,-13.026168028594995,nan,-13.069212145625668,nan,1.0811555572491953,nan,1.0811369025941842,nan,1.0015990511526063,nan,1.0015300355031027,nan
y X z,3,-12.191418326586387,nan,-9.321174917915643,nan,-9.657573483708768,nan,1.0706035182330835,nan,1.0707003377342532,nan,1.0012738479005738,nan,1.0013087476075506,nan
C e g,3,-12.844195304695855,nan,-inf,nan,-15.467865045432482,nan,1.0908795960532214,nan,1.090742637701727,nan,1.0021820448877805,nan,1.00194097835127,nan
z i J,3,-11.584388877646603,nan,-17.533799963049987,nan,-17.126687510565294,nan,1.0650170680929643,nan,1.0651902899514405,nan,1.0012603653467955,nan,1.0013024210189632,nan
m u S,3,-12.290583548826962,nan,-11.66542009964617,nan,-11.861574053546569,nan,1.0979413825522726,nan,1.0977267643453363,nan,1.0053396995316586,nan,1.0041095711866797,nan
D Y m,3,-13.550550121445095,nan,-13.324715170315514,nan,-13.427709593969096,nan,1.0982180268866564,nan,1.097978094419558,nan,1.001937736958417,nan,1.0017576499872423,nan
J e g,3,-13.211920084821172,nan,-inf,nan,-15.588645043558092,nan,1.0893253529696032,nan,1.0892065393914352,nan,1.0012468827930174,nan,1.001296094430376,nan
f u v,3,-12.96734467275369,nan,-12.023831980001889,nan,-12.190070346856547,nan,1.108247404170151,nan,1.1079081403992759,nan,1.0028863816069582,nan,1.0024088604967238,nan
v X n,3,-11.3440940164207,nan,-11.550155398424813,nan,-11.7975981927651,nan,1.1237170841216177,nan,1.1231605869345,nan,1.0022764227642276,nan,1.0019852644713818,nan
g i C,3,-11.966370853649495,nan,-12.182678314980565,nan,-12.435260357737356,nan,1.1020273614784595,nan,1.1017645291929543,nan,1.0028998641607363,nan,1.0024151870853113,nan
C i D,3,-13.724228771201869,nan,-15.428645627482608,nan,-15.375561631391164,nan,1.0761645543890892,nan,1.0762081561613734,nan,1.003442410234576,nan,1.0028071501677165,nan
C Y z,3,-12.347151594719843,nan,-12.163785893784826,nan,-11.871724942107832,nan,1.0815128705904555,nan,1.0814819874640873,nan,1.0006369239502868,nan,1.0008724984050337,nan
d c T,3,-12.121678475772702,nan,-12.043889465888258,nan,-12.391796641097248,nan,1.1456384168404259,nan,1.144869132173715,nan,1.005299251870324,nan,1.0040905914209175,nan
y X v,3,-13.475207568644855,nan,-12.742142598416851,nan,-13.031354420729715,nan,1.0637742499404006,nan,1.0639544334618474,nan,1.0015990511526063,nan,1.0015300355031027,nan
z i g,3,-10.637461176310557,nan,-18.075262556277867,nan,-17.483331446271336,nan,1.0806268241905252,nan,1.0806094997169402,nan,1.0012603653467955,nan,1.0013024210189632,nan
S e g,3,-12.624133419919053,nan,-inf,nan,-15.284351226622153,nan,1.0915012932866688,nan,1.0913570770258438,nan,1.0031172069825436,nan,1.0025858622721644,nan
C e D,3,-14.60205322224823,nan,-inf,nan,-16.760922721328058,nan,1.0742942301995628,nan,1.0743597273258838,nan,1.0021820448877805,nan,1.00194097835127,nan
n W T,3,-13.500956118116072,nan,-16.07279566767146,nan,-15.501631518437382,nan,1.0490747669040297,nan,1.049435120515268,nan,1.0006369239502868,nan,1.0008724984050337,nan
T x J,3,-13.430428574868763,nan,-16.075206868433312,nan,-15.937124030201119,nan,1.110201743953825,nan,1.1098461726968825,nan,1.0006369239502868,nan,1.0008724984050337,nan
T c g,3,-13.107881196845572,nan,-14.120486961446748,nan,-14.270247214146925,nan,1.115524717008992,nan,1.1150990238671883,nan,1.0025746609087038,nan,1.0021938991897592,nan
n c G,3,-10.079834451256318,nan,-11.93853539029094,nan,-11.978287022145633,nan,1.1334534543318018,nan,1.1328196671435136,nan,1.0047971534578188,nan,1.0037176081042745,nan
s X n,3,-9.405563974663009,nan,-10.540155118990063,nan,-10.621327332220245,nan,1.2402853153929887,nan,1.2383679602063895,nan,1.0063287918415342,nan,1.0047797614619234,nan
s X d,3,-9.698857284282576,nan,-9.542194784977688,nan,-9.664734134326137,nan,1.197358486124696,nan,1.1959651333512658,nan,1.0063287918415342,nan,1.0047797614619234,nan
J e D,3,-14.969778002373545,nan,-inf,nan,-16.881702719453667,nan,1.0727399871159446,nan,1.072823629015592,nan,1.0012468827930174,nan,1.001296094430376,nan
b c T,3,-12.414734016285626,nan,-10.513884852807765,nan,-10.90819506818826,nan,1.1844944939308828,nan,1.1832715899310116,nan,1.009351620947631,nan,1.0068850884114593,nan
y x z,3,-11.343366886660885,nan,-9.207373006288424,nan,-9.573734104104824,nan,1.139493792547298,nan,1.1387841331747954,nan,1.0070196460069338,nan,1.0052413170187897,nan
y c T,3,-13.959498718377292,nan,-12.065377520426443,nan,-12.63194456812457,nan,1.1070931883666926,nan,1.106773894078477,nan,1.0021820448877805,nan,1.00194097835127,nan
k X n,3,-9.654161009967414,nan,-11.198184782517327,nan,-11.26694661781577,nan,1.1936580228844405,nan,1.1922850108976337,nan,1.003523305557245,nan,1.0028451096992408,nan
D i C,3,-13.72422877120187,nan,-14.089730661429131,nan,-14.489123862666691,nan,1.0749835318235013,nan,1.0750364185938759,nan,1.0028998641607363,nan,1.0024151870853113,nan
D x S,3,-13.358455075243675,nan,-13.778105533795522,nan,-14.176406883321677,nan,1.1152089844520925,nan,1.1147908006211071,nan,1.002588143462482,nan,1.0022002257783464,nan
C x J,3,-12.767586743804149,nan,-15.935086652930774,nan,-15.656732291480319,nan,1.1170404135217453,nan,1.1166050052621668,nan,1.0006369239502868,nan,1.0008724984050337,nan
z u S,3,-12.265840018443356,nan,-16.446883714145066,nan,-16.215574588417823,nan,1.051624938660448,nan,1.051951034698639,nan,1.0015990511526063,nan,1.0015300355031027,nan
n c d,3,-9.600137692804921,nan,-13.295901107005838,nan,-13.239552922086162,nan,1.1623965437626962,nan,1.161409451917044,nan,1.0031711371976562,nan,1.0026111686265138,nan
y x J,3,-13.040001344125141,nan,-14.114258842013456,nan,-14.046773533370484,nan,1.1167295649050217,nan,1.1162977856001086,nan,1.003442410234576,nan,1.0028071501677165,nan
p u S,3,-12.143316032491445,nan,-11.60529242163562,nan,-11.788648983974563,nan,1.1134838133884555,nan,1.1130877474482548,nan,1.0040928167386411,nan,1.0032497259588207,nan
y X p,3,-12.068894340634474,nan,-12.470025042506181,nan,-12.717776003974354,nan,1.0875140873387745,nan,1.0874044816468778,nan,1.003225067412769,nan,1.0026364749808634,nan
D Y v,3,-14.80959583311996,nan,-13.607898621381302,nan,-13.808857394426555,nan,1.0650472951793393,nan,1.0652122736678717,nan,1.0009621272023195,nan,1.0010937863005858,nan
s X t,3,-9.214091767186451,nan,-9.660849836791954,nan,-9.760328507915865,nan,1.2272771853116877,nan,1.22551861873514,nan,1.0089304178577945,nan,1.0065500646263403,nan
y c G,3,-12.210948003480475,nan,-10.247530337647262,nan,-10.58255537151114,nan,1.1197761151959609,nan,1.1193020020129454,nan,1.0051088741560732,nan,1.003932569411239,nan
z i C,3,-11.216664097521285,nan,-15.128936020935521,nan,-15.229402206940158,nan,1.072496742889712,nan,1.072578661297409,nan,1.0032115848589906,nan,1.002630148392276,nan
S Y v,3,-13.41087895200151,nan,-12.613516401964873,nan,-12.851864078146322,nan,1.07530529953122,nan,1.0753505225157982,nan,1.0015855685988282,nan,1.0015237089145153,nan
D i S,3,-13.504166886425068,nan,-15.57830387166944,nan,-15.646731993293061,nan,1.075308735075534,nan,1.0753576521306571,nan,1.0006234413965087,nan,1.0008661718164464,nan
S c S,3,-12.584118517438082,nan,-13.093652228443073,nan,-13.259585999992906,nan,1.1151802057615792,nan,1.1147626908738395,nan,1.0031981023052126,nan,1.0026238218036887,nan
f X t,3,-10.395395771699674,nan,-10.393955603409223,nan,-10.500511400138572,nan,1.1567145493154178,nan,1.1557797554478895,nan,1.0058132108752509,nan,1.0044004515566929,nan
g i S,3,-11.746308968872693,nan,-13.671251525220875,nan,-13.592868488363724,nan,1.1023525647304921,nan,1.1020857627297356,nan,1.0006234413965087,nan,1.0008661718164464,nan
C u v,3,-13.769691145278628,nan,-12.021991206357395,nan,-12.37957742107197,nan,1.0718781160134834,nan,1.0719634399384466,nan,1.0031981023052126,nan,1.0026238218036887,nan
t X t,3,-9.147571084844888,nan,-9.475639296485559,nan,-9.5963530730578,nan,1.1632423702666146,nan,1.1622313683511154,nan,1.0064366522717596,nan,1.0048303741706224,nan
S X z,3,-11.698941841488594,nan,-10.090700219163848,nan,-10.263037870938446,nan,1.0715360640832545,nan,1.0716219967204283,nan,1.0012738479005738,nan,1.0013087476075506,nan
S x J,3,-12.547524859027344,nan,-15.327470464190025,nan,-15.098525023228579,nan,1.1176621107551927,nan,1.1172194445862835,nan,1.0012603653467955,nan,1.0013024210189632,nan
S u T,3,-14.25759152684691,nan,-12.43178013071272,nan,-12.870939613823229,nan,1.0572152604014022,nan,1.0574799030338449,nan,1.0028459339456237,nan,1.0023898807309617,nan
s X l,3,-9.440955099603194,nan,-11.01737373960937,nan,-11.068780968324887,nan,1.221748730027135,nan,1.2200576486098589,nan,1.006653995093567,nan,1.0050010493574755,nan
g u v,3,-13.190488224067899,nan,-12.542925219444147,nan,-12.670410113226438,nan,1.0892856385500083,nan,1.0891677410137153,nan,1.0025746609087038,nan,1.0021938991897592,nan
w u v,3,-13.065071563556444,nan,-13.37414745738747,nan,-13.082099291716492,nan,1.1051389180029145,nan,1.1048359437786923,nan,1.0022629402104495,nan,1.0019789378827944,nan
C Y b,3,-12.403711170288108,nan,-16.350255520834363,nan,-15.864592423692732,nan,1.0772852283140328,nan,1.0773059514859313,nan,1.001287330454352,nan,1.0013150741961379,nan
z u b,3,-11.213551801449485,nan,-17.349794530064337,nan,-17.054898308988776,nan,1.062356645977521,nan,1.06255174141242,nan,1.0038754739168338,nan,1.0030790507719676,nan
J Y z,3,-12.714876374845161,nan,-11.901421629317337,nan,-11.70482286778166,nan,1.0799586275068374,nan,1.0799458891537954,nan,1.0006369239502868,nan,1.0008724984050337,nan
D x d,3,-12.013111317736879,nan,-12.925343268338292,nan,-13.211955862182858,nan,1.1496805291675396,nan,1.1488415555199185,nan,1.0029133467145146,nan,1.0024215136738985,nan
f u S,3,-12.79240322325736,nan,-12.507074789152737,nan,-12.588872379255777,nan,1.1001173228693382,nan,1.0998773019797448,nan,1.0019107718508606,nan,1.0017449968100673,nan
S c T,3,-13.467022233279499,nan,-13.510031496731916,nan,-13.825195620256366,nan,1.1080257342168636,nan,1.1076955530646522,nan,1.0012468827930174,nan,1.001296094430376,nan
l W T,3,-13.536347243056255,nan,-13.13752022796741,nan,-13.190035767207277,nan,1.060576165722805,nan,1.0608022480114279,nan,1.0009486446485412,nan,1.0010874597119985,nan
D Y b,3,-13.582366166629756,nan,-16.139184550754422,nan,-16.04023492040702,nan,1.0676489211955995,nan,1.0677821419621216,nan,1.001287330454352,nan,1.0013150741961379,nan
S Y b,3,-12.183649285511308,nan,-15.144802331337996,nan,-15.083241604126785,nan,1.0779069255474802,nan,1.077920390810048,nan,1.0019107718508606,nan,1.0017449968100673,nan
z i D,3,-12.39531909386293,nan,-18.39684618040533,nan,-18.083241941606968,nan,1.0640414583368667,nan,1.064226589341097,nan,1.0012603653467955,nan,1.0013024210189632,nan
s X m,3,-9.96009677961084,nan,-11.383751132809124,nan,-11.449103784026219,nan,1.204187754417379,nan,1.2027110376236718,nan,1.0047027755813718,nan,1.0036733219841627,nan
h x s,3,-10.15384722217318,nan,-9.849093075191902,nan,-10.059076044118127,nan,1.2073266216993384,nan,1.2058054890369125,nan,1.0108681548162115,nan,1.0078714654110656,nan
T X z,3,-12.581845557330011,nan,-9.644514154934699,nan,-10.072017460729827,nan,1.0640756972818868,nan,1.0642487248310273,nan,1.0025207306935913,nan,1.0021685928354096,nan
y x S,3,-12.452214679223022,nan,-11.25205796108399,nan,-11.697658447937615,nan,1.1245344429538022,nan,1.1240073904828585,nan,1.0053936297467712,nan,1.0041348775410293,nan
g c T,3,-13.107881196845572,nan,-12.14537624595672,nan,-12.546003874813309,nan,1.124811559519941,nan,1.1242854148158041,nan,1.0028054862842892,nan,1.0023709009651995,nan
n W d,3,-11.272708644767858,nan,-13.569240304098216,nan,-13.2376017019549,nan,1.0907007831641924,nan,1.0905530132232668,nan,1.0016125337063844,nan,1.00153636209169,nan
S u v,3,-13.549629260501824,nan,-11.915150305529135,nan,-12.26320290509927,nan,1.0724998132469308,nan,1.0725778792625633,nan,1.0038215437017213,nan,1.0030537444176182,nan
k X m,3,-10.208693814915247,nan,-12.041780796336388,nan,-12.094723069621745,nan,1.1575604619088307,nan,1.156628088314916,nan,1.0018972892970825,nan,1.00173867022148,nan
D x g,3,-12.999314038809748,nan,-13.962893183084669,nan,-14.317216546999054,nan,1.123013862500873,nan,1.122500405503857,nan,1.0042141597226446,nan,1.003306665256107,nan
y c S,3,-13.076595002535875,nan,-11.6489982521376,nan,-12.06633494786111,nan,1.1142476599114082,nan,1.1138410318876644,nan,1.0041332643999756,nan,1.0032687057245828,nan
C X z,3,-11.919003726265395,nan,-10.133002598854537,nan,-10.310419515424194,nan,1.0709143668498071,nan,1.0710075573963116,nan,1.0009621272023195,nan,1.0010937863005858,nan
D i T,3,-14.387070602266487,nan,-14.28993504771986,nan,-14.82604725243663,nan,1.0681542635308183,nan,1.0682905143214698,nan,1.0015990511526063,nan,1.0015300355031027,nan
s X z,3,-9.935353249227235,nan,-8.30312531721365,nan,-8.456470647462732,nan,1.1778462910027447,nan,1.1766911211443913,nan,1.0047027755813718,nan,1.0036733219841627,nan
S e D,3,-14.381991337471426,nan,-inf,nan,-16.57740890251773,nan,1.0749159274330102,nan,1.0749741666500006,nan,1.0031172069825436,nan,1.0025858622721644,nan
d Y z,3,-10.781745952436248,nan,-10.003016297210792,nan,-10.13654822364465,nan,1.1197472504474653,nan,1.1192700058972669,nan,1.0040658516310847,nan,1.003237072781646,nan
b A p,3,-10.498086500006789,nan,-9.661857546167957,nan,-9.836117926824977,nan,1.2051273629777777,nan,1.2036433974624436,nan,1.0133079901871338,nan,1.0095658495124342,nan
b i l,3,-9.44991584612657,nan,-10.097708348622184,nan,-10.204294006680794,nan,1.22089728775932,nan,1.2192152080023475,nan,1.009892545060114,nan,1.0072076017244094,nan
b i s,3,-9.289573196051391,nan,-10.535580699685127,nan,-10.596633702337277,nan,1.2137428162146044,nan,1.2121480701931602,nan,1.005664902783691,nan,1.0043308590822317,nan
b X s,3,-9.9919128247955,nan,-9.59207901412413,nan,-9.726605618962376,nan,1.1847527912769484,nan,1.183497423243068,nan,1.00731788415141,nan,1.0054499517371671,nan
b Y s,3,-10.420060693249951,nan,-10.444864991131745,nan,-10.552905332509807,nan,1.1953512950175968,nan,1.1939718533108437,nan,1.0050684264947387,nan,1.0039135896454772,nan
b x l,3,-9.304204034945176,nan,-7.1848869850105554,nan,-7.342283686954644,nan,1.2607975371358786,nan,1.2586483564927975,nan,1.0204236360318715,nan,1.0144846532182736,nan
C A l,3,-11.398562438105333,nan,-12.755511124129892,nan,-12.794821701216188,nan,1.1550287759490103,nan,1.1541153048248105,nan,1.0038619913630558,nan,1.0030727241833801,nan
C i D,3,-13.724228771201869,nan,-15.428645627482608,nan,-15.375561631391164,nan,1.0761645543890892,nan,1.0762081561613734,nan,1.003442410234576,nan,1.0028071501677165,nan
C i n,3,-10.686874822957058,nan,-10.421480242112796,nan,-10.689223280889307,nan,1.162343416177707,nan,1.161335043408402,nan,1.008970865519129,nan,1.0065690443921025,nan
C X J,3,-13.61563818372965,nan,-14.617031583759537,nan,-14.64035810104918,nan,1.0481501392075308,nan,1.0485212098216248,nan,1.0003117206982544,nan,1.0006512105094816,nan
C X g,3,-12.668710482393605,nan,-inf,nan,-16.095614325423334,nan,1.0637598953050917,nan,1.0639404195871245,nan,1.0003117206982544,nan,1.0006512105094816,nan
C X T,3,-13.91075523466895,nan,-13.79866638905569,nan,-14.045077083237569,nan,1.0488005457115956,nan,1.0491636768951873,nan,1.0006369239502868,nan,1.0008724984050337,nan
C x J,3,-12.767586743804149,nan,-15.935086652930774,nan,-15.656732291480319,nan,1.1170404135217453,nan,1.1166050052621668,nan,1.0006369239502868,nan,1.0008724984050337,nan
C x n,3,-10.541163011775666,nan,-10.726256747923877,nan,-10.875167383036125,nan,1.2022436655542657,nan,1.2007681918988518,nan,1.0172222898039454,nan,1.0121581810781914,nan
C x S,3,-12.17980007890203,nan,-13.072885772001307,nan,-13.307617206047452,nan,1.1248452915705258,nan,1.1243146101449166,nan,1.002588143462482,nan,1.0022002257783464,nan
C x C,3,-12.39986196367883,nan,-13.817904783268093,nan,-14.010761416136088,nan,1.1245200883184931,nan,1.1239933766081354,nan,1.0022629402104495,nan,1.0019789378827944,nan
d i k,3,-9.245114690842872,nan,-10.766297760120198,nan,-10.86310330151682,nan,1.182691617172928,nan,1.1814552173186135,nan,1.0051088741560732,nan,1.003932569411239,nan
d i s,3,-8.996517655538467,nan,-10.985665157109667,nan,-11.033119512345332,nan,1.1748867391241475,nan,1.1737456124358636,nan,1.0034828578959105,nan,1.0028261299334784,nan
d i t,3,-8.929996973196904,nan,-9.282618681817535,nan,-9.394202759997913,nan,1.1875696659534158,nan,1.186273720370332,nan,1.009986922936561,nan,1.0072518878445207,nan
d E p,3,-10.27145643547557,nan,-13.064832151300866,nan,-13.04721900993927,nan,1.1547376200519095,nan,1.1538422952196263,nan,1.0038215437017213,nan,1.0030537444176182,nan
d X s,3,-9.698857284282576,nan,-10.264633395353403,nan,-10.382092868260793,nan,1.1458967141864915,nan,1.1450949654857714,nan,1.0045123978671209,nan,1.0035152999744843,nan
D i D,3,-14.902883767543518,nan,-17.35764082089894,nan,-17.342963597333505,nan,1.0665282472706559,nan,1.0666843466375637,nan,1.0009486446485412,nan,1.0010874597119985,nan
D i g,3,-13.145025849991143,nan,-17.036057196771477,nan,-16.743053101997873,nan,1.0831136131243144,nan,1.083067257013407,nan,1.0009486446485412,nan,1.0010874597119985,nan
D i C,3,-13.72422877120187,nan,-14.089730661429131,nan,-14.489123862666691,nan,1.0749835318235013,nan,1.0750364185938759,nan,1.0028998641607363,nan,1.0024151870853113,nan
d I J,3,-11.015162495226726,nan,-12.089533485748973,nan,-12.322492619065587,nan,1.1555865140770094,nan,1.1547010951679282,nan,1.0099750623441397,nan,1.0073150110253888,nan
d I D,3,-11.826092711443057,nan,-15.149804280440534,nan,-14.81949209105441,nan,1.1546109043209118,nan,1.1537373945575846,nan,1.0106254688482048,nan,1.007757586816493,nan
d Y p,3,-10.659221966484335,nan,-12.18459013519431,nan,-12.267556607200174,nan,1.1366578195531563,nan,1.1359741498098914,nan,1.0063422743953125,nan,1.0047860880505108,nan
d Y t,3,-10.060484470395464,nan,-9.969650283405711,nan,-10.108417067835436,nan,1.1691781447564082,nan,1.1680975034880154,nan,1.0095943069156377,nan,1.006998967006032,nan
d I T,3,-11.310279546166026,nan,-12.369780579713234,nan,-12.574509461641178,nan,1.1562369205810743,nan,1.1553435622414907,nan,1.0099750623441397,nan,1.0073150110253888,nan
d I Z,3,-13.905534253122891,nan,-inf,nan,-16.025993341733702,nan,1.1526596848087167,nan,1.151809993336897,nan,1.0099750623441397,nan,1.0073150110253888,nan
f i k,3,-10.008173860601532,nan,-11.300778084892473,nan,-11.416893856566269,nan,1.180826525472586,nan,1.1796118993462632,nan,1.005732315552582,nan,1.0043624920251686,nan
f i s,3,-9.759576825297128,nan,-11.520145481881942,nan,-11.586910067394781,nan,1.1730216474238055,nan,1.1719022944635133,nan,1.0041062992924192,nan,1.003256052547408,nan
f X s,3,-10.461916454041237,nan,-10.953938027462412,nan,-11.048624046265692,nan,1.1440316224861495,nan,1.1432516475134211,nan,1.0045123978671209,nan,1.0035152999744843,nan
f X t,3,-10.395395771699674,nan,-10.393955603409223,nan,-10.500511400138572,nan,1.1567145493154178,nan,1.1557797554478895,nan,1.0058132108752509,nan,1.0044004515566929,nan
f Y k,3,-11.13866135780009,nan,-11.056728356418386,nan,-11.203773001143702,nan,1.1624350042755784,nan,1.1614356824639467,nan,1.0053936297467712,nan,1.0041348775410293,nan
f x l,3,-9.774207664190913,nan,-8.414574225240354,nan,-8.592843150275813,nan,1.2200763683450797,nan,1.2184025807631507,nan,1.0073313667051882,nan,1.0054562783257543,nan
g e s,3,-10.860544827657694,nan,-10.898273306742178,nan,-11.032242795051134,nan,1.1521895576141363,nan,1.1513134662424631,nan,1.0064366522717596,nan,1.0048303741706224,nan
g W d,3,-12.552204675460295,nan,-12.158904672446965,nan,-11.938250914803096,nan,1.0947418151816,nan,1.0945468688300257,nan,1.0016125337063844,nan,1.00153636209169,nan
g W r,3,-12.353142990803846,nan,-inf,nan,-15.6390286891736,nan,1.1246605143685917,nan,1.1241003542138999,nan,1.0003117206982544,nan,1.0006512105094816,nan
g W z,3,-12.788700640404954,nan,-12.437157828209225,nan,-12.051743267922012,nan,1.0752296200596487,nan,1.0752728566231513,nan,1.001287330454352,nan,1.0013150741961379,nan
g i C,3,-11.966370853649495,nan,-12.182678314980565,nan,-12.435260357737356,nan,1.1020273614784595,nan,1.1017645291929543,nan,1.0028998641607363,nan,1.0024151870853113,nan
g i J,3,-12.334095633774812,nan,-14.58754225709503,nan,-14.332545661362493,nan,1.0945476866817117,nan,1.0943761578469857,nan,1.0009486446485412,nan,1.0010874597119985,nan
g i D,3,-13.145025849991143,nan,-15.450588474450372,nan,-15.289100092404166,nan,1.093572076925614,nan,1.0934124572366422,nan,1.0009486446485412,nan,1.0010874597119985,nan
g X g,3,-12.089507561182877,nan,-inf,nan,-14.491830162910041,nan,1.0811674178416166,nan,1.0811447206623932,nan,1.0012468827930174,nan,1.001296094430376,nan
g u v,3,-13.190488224067899,nan,-12.542925219444147,nan,-12.670410113226438,nan,1.0892856385500083,nan,1.0891677410137153,nan,1.0025746609087038,nan,1.0021938991897592,nan
h e s,3,-11.17738348440093,nan,-10.107396045541027,nan,-10.312072558582019,nan,1.1655560481332534,nan,1.1645239117109731,nan,1.0073718143665227,nan,1.0054752580915167,nan
h e n,3,-11.302335009535927,nan,-10.012595732834667,nan,-10.229964928518411,nan,1.1912471050438227,nan,1.189901361116691,nan,1.0073718143665227,nan,1.0054752580915167,nan
h i n,3,-10.424510558489567,nan,-10.122549457125146,nan,-10.310529469393416,nan,1.193117429233349,nan,1.1917497899521807,nan,1.008970865519129,nan,1.0065690443921025,nan
h Y s,3,-11.430046530553131,nan,-10.569859086667547,nan,-10.765126629513981,nan,1.1490348511257722,nan,1.1481961236641463,nan,1.0038215437017213,nan,1.0030537444176182,nan
h x s,3,-10.15384722217318,nan,-9.849093075191902,nan,-10.059076044118127,nan,1.2073266216993384,nan,1.2058054890369125,nan,1.0108681548162115,nan,1.0078714654110656,nan
J X T,3,-14.278480014794267,nan,-inf,nan,-15.487612921345502,nan,1.0472463026279775,nan,1.0476275785848954,nan,1.0003252032520324,nan,1.000657537098069,nan
J x n,3,-10.908887791900982,nan,-9.434273066275228,nan,-9.791974576835798,nan,1.2006894224706475,nan,1.19923209358856,nan,1.0194043346917259,nan,1.0136629102269448,nan
k e d,3,-10.122939141889232,nan,-10.50924794165132,nan,-10.607343926291492,nan,1.1778508943642774,nan,1.1766844021571126,nan,1.0047567057964844,nan,1.0036986283385123,nan
k X m,3,-10.208693814915247,nan,-12.041780796336388,nan,-12.094723069621745,nan,1.1575604619088307,nan,1.156628088314916,nan,1.0018972892970825,nan,1.00173867022148,nan
l e l,3,-9.776782571980622,nan,-11.222088875395755,nan,-11.327951877205395,nan,1.1668043959602197,nan,1.1657538759410513,nan,1.006680960201123,nan,1.0050137025346502,nan
m A b,3,-10.645354016342308,nan,-12.325403066492644,nan,-12.431559113760631,nan,1.1410920424877995,nan,1.140366904207608,nan,1.0088225574275693,nan,1.0064994519176413,nan
m e p,3,-10.667798415660398,nan,-11.598724612705098,nan,-11.71843669158193,nan,1.14913798454323,nan,1.1483080822499596,nan,1.0060440362508363,nan,1.0045774533321334,nan
m A v,3,-11.872583682832511,nan,-12.027709358626616,nan,-12.109724092664607,nan,1.1384904164715393,nan,1.137797035913358,nan,1.0075217444194393,nan,1.0056143003354328,nan
m A z,3,-10.588794440774041,nan,-9.877204223720176,nan,-9.979136673122879,nan,1.1453196847642222,nan,1.1445429401857639,nan,1.0081721509235044,nan,1.0060568761265372,nan
m X n,3,-10.085048304745836,nan,-11.49944682610212,nan,-11.570305257904078,nan,1.1675467390796532,nan,1.1664785592847307,nan,1.0028998641607363,nan,1.0024151870853113,nan
m X s,3,-9.96009677961084,nan,-11.1801239679572,nan,-11.257419079726818,nan,1.141855682169084,nan,1.1411011098790127,nan,1.0042006771688665,nan,1.0033003386675197,nan
m Y d,3,-10.806489482819853,nan,-9.133331365143825,nan,-9.345223848718918,nan,1.135218413552009,nan,1.1345501624973826,nan,1.008605214605762,nan,1.006328776730788,nan
m x b,3,-9.823345714952824,nan,-11.65600282686129,nan,-11.766063464531195,nan,1.1697703467272011,nan,1.1687094796851187,nan,1.0105025039028444,nan,1.0076311977497514,nan
n e s,3,-9.58104879696526,nan,-11.615461757833481,nan,-11.702984922780564,nan,1.1481485255967288,nan,1.1473196106357042,nan,1.0073718143665227,nan,1.0054752580915167,nan
n e n,3,-9.706000322100254,nan,-11.520661445127121,nan,-11.620877292716957,nan,1.173839582507298,nan,1.1726970600414222,nan,1.0073718143665227,nan,1.0054752580915167,nan
n c d,3,-9.600137692804921,nan,-13.295901107005838,nan,-13.239552922086162,nan,1.1623965437626962,nan,1.161409451917044,nan,1.0031711371976562,nan,1.0026111686265138,nan
n W d,3,-11.272708644767858,nan,-13.569240304098216,nan,-13.2376017019549,nan,1.0907007831641924,nan,1.0905530132232668,nan,1.0016125337063844,nan,1.00153636209169,nan
n c G,3,-10.079834451256318,nan,-11.93853539029094,nan,-11.978287022145633,nan,1.1334534543318018,nan,1.1328196671435136,nan,1.0047971534578188,nan,1.0037176081042745,nan
n i n,3,-8.828175871053896,nan,-10.303161308320641,nan,-10.405470110765355,nan,1.1757099066968244,nan,1.1745454888769118,nan,1.009906027613892,nan,1.0072139283129966,nan
p e k,3,-10.236911120881977,nan,-10.468233656869904,nan,-10.606944438154077,nan,1.192322691802177,nan,1.1909739159792836,nan,1.0105699166717352,nan,1.0076628306926882,nan
p e m,3,-10.667798415660398,nan,-11.73273689016697,nan,-11.819104295124713,nan,1.174111309688356,nan,1.172984837919534,nan,1.0063422743953125,nan,1.0047860880505108,nan
p e p,3,-10.520530899324879,nan,-11.330957569916302,nan,-11.451355607568965,nan,1.1646804153794128,nan,1.163669065352878,nan,1.006667477647345,nan,1.005007375946063,nan
p i m,3,-9.789973964614038,nan,-11.166697128271963,nan,-11.260421778372288,nan,1.1759816338778823,nan,1.1748332667550236,nan,1.0075487095269955,nan,1.0056269535126077,nan
p X b,3,-10.524129638542808,nan,-13.298244965823862,nan,-13.24781680502925,nan,1.1164225032491695,nan,1.115986667347495,nan,1.0034558927883543,nan,1.0028134767563037,nan
p X d,3,-10.231074098029884,nan,-9.278208004273514,nan,-9.438708493793367,nan,1.1401623406475434,nan,1.1394367155325253,nan,1.0050819090485168,nan,1.0039199162340644,nan
p X v,3,-11.751359305033013,nan,-11.460106217010686,nan,-11.604225943950906,nan,1.1138208772329092,nan,1.113416799053245,nan,1.0037810960403868,nan,1.0030347646518558,nan
r e m,3,-10.354764752011203,nan,-11.378999942588752,nan,-11.489365022264074,nan,1.1455132369497796,nan,1.144720629010164,nan,1.0072774364900756,nan,1.005430971971405,nan
r i g,3,-10.201903526709449,nan,-14.439361808049638,nan,-13.952094308294633,nan,1.1138876261799564,nan,1.113482003557186,nan,1.0028189688380673,nan,1.002377227553787,nan
r i s,3,-8.797455970882016,nan,-11.130906478086098,nan,-11.17154951481413,nan,1.1577900652043465,nan,1.1568485310226533,nan,1.0037945785941649,nan,1.0030410912404433,nan
r i t,3,-8.730935288540454,nan,-9.427860002793967,nan,-9.532632762466712,nan,1.1704729920336148,nan,1.1693766389571216,nan,1.0102986436348154,nan,1.0074668491514855,nan
r i z,3,-9.452196770581239,nan,-8.095629332041884,nan,-8.24694220596903,nan,1.1210420977246718,nan,1.120549141366373,nan,1.0067214078624576,nan,1.0050326823004123,nan
r E p,3,-10.07239475081912,nan,-11.60961887872839,nan,-11.711268120985649,nan,1.1376409461321084,nan,1.136945213806416,nan,1.0050684264947387,nan,1.0039135896454772,nan
r I D,3,-11.627031026786604,nan,-15.331149226521353,nan,-14.992465918111385,nan,1.1375142304011108,nan,1.1368403131443743,nan,1.0075082618656612,nan,1.0056079737468455,nan
r I S,3,-10.228314145668158,nan,-10.438296968081481,nan,-10.673177325802124,nan,1.1462947182059888,nan,1.1455136186374677,nan,1.010435091133954,nan,1.0075995648068146,nan
r I T,3,-11.111217861509575,nan,-12.551125525794054,nan,-12.747483288698152,nan,1.1391402466612732,nan,1.1384464808282804,nan,1.006857855361596,nan,1.0051653979557413,nan
r I Z,3,-13.70647256846644,nan,-inf,nan,-16.198967168790677,nan,1.1355630108889156,nan,1.1349129119236867,nan,1.006857855361596,nan,1.0051653979557413,nan
r I z,3,-9.11946635310602,nan,-8.716385405548968,nan,-8.84774597052533,nan,1.1612540677994847,nan,1.1602903613294047,nan,1.0097846846298888,nan,1.0071569890157104,nan
r x l,3,-8.812086809775803,nan,-8.905693944092604,nan,-9.023615183139867,nan,1.2048447861256206,nan,1.2033488173222904,nan,1.0101368529894774,nan,1.0073909300884372,nan
s i g,3,-9.982720376611336,nan,-13.870613874015461,nan,-13.373356758671612,nan,1.1996818443956854,nan,1.1982746302852965,nan,1.0056244551223565,nan,1.0043118793164696,nan
s i v,3,-10.516802862541596,nan,-10.561341884145364,nan,-10.779621328899461,nan,1.2000070476477178,nan,1.1985958638220777,nan,1.0072504713825192,nan,1.0054183187942303,nan
s X d,3,-9.698857284282576,nan,-9.542194784977688,nan,-9.664734134326137,nan,1.197358486124696,nan,1.1959651333512658,nan,1.0063287918415342,nan,1.0047797614619234,nan
s X g,3,-10.685060005355446,nan,-inf,nan,-14.241665457461874,nan,1.1706918194580294,nan,1.1696239833352042,nan,1.0040523690773067,nan,1.0032307461930585,nan
s X k,3,-9.52920948483242,nan,-11.187088529513414,nan,-11.248544838734063,nan,1.2223991365312,nan,1.2207001156834214,nan,1.0076296048496645,nan,1.0056649130441317,nan
s X m,3,-9.96009677961084,nan,-11.383751132809124,nan,-11.449103784026219,nan,1.204187754417379,nan,1.2027110376236718,nan,1.0047027755813718,nan,1.0036733219841627,nan
S x J,3,-12.547524859027344,nan,-15.327470464190025,nan,-15.098525023228579,nan,1.1176621107551927,nan,1.1172194445862835,nan,1.0012603653467955,nan,1.0013024210189632,nan
S x C,3,-12.179800078902028,nan,-13.210288594527343,nan,-13.452554147884348,nan,1.1251417855519406,nan,1.1246078159322521,nan,1.0028863816069582,nan,1.0024088604967238,nan
s Y b,3,-10.42006069324995,nan,-13.630520764387477,nan,-13.564356453102851,nan,1.1842171524669705,nan,1.182989515234011,nan,1.0019107718508606,nan,1.0017449968100673,nan
s Y v,3,-11.647290359740154,nan,-11.099234835014357,nan,-11.332978927122388,nan,1.1816155264507102,nan,1.1804196469397612,nan,1.0015855685988282,nan,1.0015237089145153,nan
s x J,3,-10.783936266765988,nan,-13.635205742044153,nan,-13.313011208950698,nan,1.223972337674683,nan,1.2222885690102465,nan,1.0096768241996634,nan,1.0071063763070114,nan
s x g,3,-9.837008565429942,nan,-10.957792510403833,nan,-11.104705787195206,nan,1.239582093772244,nan,1.2377077787757462,nan,1.0132540599720212,nan,1.0095405431580846,nan
s x S,3,-10.196149601863869,nan,-10.773004861114686,nan,-10.963896123517829,nan,1.2317772157234634,nan,1.2299981738929964,nan,1.0116280437118585,nan,1.0084341036803242,nan
t e s,3,-9.389576589488701,nan,-10.276412922448879,nan,-10.39973238218335,nan,1.177679144185476,nan,1.1765054785312496,nan,1.0095538592543032,nan,1.0069799872402698,nan
t E m,3,-9.933958434714963,nan,-11.989455774097806,nan,-12.05951369480641,nan,1.1688312436117074,nan,1.167766362717158,nan,1.0059766234819454,nan,1.0045458203891964,nan
t X t,3,-9.147571084844888,nan,-9.475639296485559,nan,-9.5963530730578,nan,1.1632423702666146,nan,1.1622313683511154,nan,1.0064366522717596,nan,1.0048303741706224,nan
T i n,3,-11.349716654021675,nan,-12.073057961689228,nan,-12.291370859592426,nan,1.1555047466097867,nan,1.1545762108431177,nan,1.0058536585365854,nan,1.004419431322455,nan
T X T,3,-14.573597065733566,nan,-13.31017794513585,nan,-13.806675028543204,nan,1.0419618761436753,nan,1.042404844329903,nan,1.0021955274415586,nan,1.0019473049398575,nan
T x J,3,-13.430428574868763,nan,-16.075206868433312,nan,-15.937124030201119,nan,1.110201743953825,nan,1.1098461726968825,nan,1.0006369239502868,nan,1.0008724984050337,nan
T x S,3,-12.842641909966645,nan,-13.213005987503845,nan,-13.58800894476825,nan,1.1180066220026055,nan,1.1175557775796323,nan,1.002588143462482,nan,1.0022002257783464,nan
T x C,3,-13.062703794743447,nan,-13.958024998770629,nan,-14.291153154856888,nan,1.1176814187505728,nan,1.117234544042851,nan,1.0022629402104495,nan,1.0019789378827944,nan
t Y s,3,-9.6422396356409,nan,-11.326662628477518,nan,-11.410132092516196,nan,1.1611579471779947,nan,1.1601776904844228,nan,1.005380147192993,nan,1.0041285509524418,nan
t x l,3,-8.526382977336127,nan,-8.62766002980779,nan,-8.73784883644917,nan,1.2266041892962765,nan,1.2248541936663764,nan,1.009825132291223,nan,1.0071759687814723,nan
v e t,3,-11.32810663124639,nan,-13.491097567478448,nan,-13.128691695560194,nan,1.1378286547884464,nan,1.137113463577853,nan,1.0032520325203251,nan,1.002649128158038,nan
v i n,3,-10.64175438767659,nan,-12.475638578483133,nan,-12.604665507900934,nan,1.1527071090592738,nan,1.1518112338845923,nan,1.0067888206313484,nan,1.0050643152433492,nan
v X n,3,-11.3440940164207,nan,-11.550155398424813,nan,-11.7975981927651,nan,1.1237170841216177,nan,1.1231605869345,nan,1.0022764227642276,nan,1.0019852644713818,nan
v e D,3,-14.55693278696776,nan,-inf,nan,-19.118197700618722,nan,1.0646579230811295,nan,1.064835917802074,nan,1,1,1.000436249202517,1.0
v Y k,3,-11.895887395044559,nan,-14.613123315920504,nan,-14.49249239937917,nan,1.1164294090004774,nan,1.1159671724793077,nan,1.002588143462482,nan,1.0022002257783464,nan
v Y r,3,-11.866473509838265,nan,-15.208529206201497,nan,-15.080064264581182,nan,1.1213074577809652,nan,1.1207856755310261,nan,1.0022629402104495,nan,1.0019789378827944,nan
v Y t,3,-11.58076967739859,nan,-12.449977160961977,nan,-12.40910929636123,nan,1.1213074577809652,nan,1.1207856755310261,nan,1.0061653792348397,nan,1.0046343926294197,nan
w e s,3,-10.73512816714624,nan,-9.111057502272978,nan,-9.3337187731946,nan,1.1680428370670426,nan,1.1669816690074402,nan,1.010177300650812,nan,1.0074099098541993,nan
w x J,3,-12.062967162081964,nan,-14.060398909443473,nan,-13.807208209499212,nan,1.1503012155111765,nan,1.1494775091024125,nan,1.005936175820611,nan,1.0045268406234344,nan
w x S,3,-11.475180497179846,nan,-11.198198028514007,nan,-11.458093124066343,nan,1.158106093559957,nan,1.1571871139851624,nan,1.007887395332806,nan,1.0058545679967472,nan
w x C,3,-11.695242381956648,nan,-11.94321703978079,nan,-12.16123733415498,nan,1.1577808903079243,nan,1.1568658804483811,nan,1.0075621920807736,nan,1.0056332801011951,nan
y c d,3,-11.731251245029078,nan,-11.60489605436216,nan,-11.843821271451668,nan,1.1487192046268553,nan,1.1478917867864757,nan,1.0034828578959105,nan,1.0028261299334784,nan
y c g,3,-12.717453966101948,nan,-12.246550312016524,nan,-12.603040268630501,nan,1.1220525379601887,nan,1.1215506367704142,nan,1.0041332643999756,nan,1.0032687057245828,nan
y c G,3,-12.210948003480475,nan,-10.247530337647262,nan,-10.58255537151114,nan,1.1197761151959609,nan,1.1193020020129454,nan,1.0051088741560732,nan,1.003932569411239,nan
y X C,3,-13.520328003925325,nan,-13.479781502386013,nan,-13.594304162484892,nan,1.055318965387555,nan,1.055602361505535,nan,1.0009486446485412,nan,1.0010874597119985,nan
y X g,3,-12.941125082714597,nan,-inf,nan,-15.44276829370791,nan,1.0634490466883681,nan,1.063633199925066,nan,1.0006234413965087,nan,1.0008661718164464,nan
y X T,3,-14.183169834989942,nan,-12.986838708116794,nan,-13.392231051522145,nan,1.048489697094872,nan,1.048856457233129,nan,1.0009486446485412,nan,1.0010874597119985,nan
y X v,3,-13.475207568644855,nan,-12.742142598416851,nan,-13.031354420729715,nan,1.0637742499404006,nan,1.0639544334618474,nan,1.0015990511526063,nan,1.0015300355031027,nan
y x J,3,-13.040001344125141,nan,-14.114258842013456,nan,-14.046773533370484,nan,1.1167295649050217,nan,1.1162977856001086,nan,1.003442410234576,nan,1.0028071501677165,nan
y x S,3,-12.452214679223022,nan,-11.25205796108399,nan,-11.697658447937615,nan,1.1245344429538022,nan,1.1240073904828585,nan,1.0053936297467712,nan,1.0041348775410293,nan
y x C,3,-12.672276563999823,nan,-11.997076972350774,nan,-12.400802658026253,nan,1.1242092397017696,nan,1.1236861569460772,nan,1.0050684264947387,nan,1.0039135896454772,nan
b O n,3,-12.835524730144721,nan,-10.237263929778246,nan,-10.901580618538654,nan,1.1879999579132035,nan,1.1866937266229078,nan,1.002235975102893,nan,1.0019662847056194,nan
b O r,3,-12.929756355107838,nan,-inf,nan,-13.620447387030758,nan,1.1749918278319025,nan,1.1738443851516582,nan,1.000935162094763,nan,1.001081133123411,nan
b O s,3,-12.710573205009727,nan,-10.611088252193271,nan,-11.166009805396216,nan,1.1623089010026342,nan,1.1613162772171899,nan,1.0015855685988282,nan,1.0015237089145153,nan
b U n,3,-11.588492436358338,nan,-inf,nan,-12.415227466331077,nan,1.204521154920685,nan,1.2030215146697347,nan,1.0031172069825436,nan,1.0025858622721644,nan
b u r,3,-10.777994151848375,nan,-12.915745397430047,nan,-12.481202098078631,nan,1.205228735562576,nan,1.203727317992077,nan,1.0062478965188653,nan,1.004741801930399,nan
b U s,3,-11.463540911223344,nan,-inf,nan,-12.274191545080475,nan,1.1788300980101156,nan,1.1776440652640168,nan,1.0031172069825436,nan,1.0025858622721644,nan
b W r,3,-11.659995810243899,nan,-inf,nan,-13.97712233096949,nan,1.1843434487795335,nan,1.1830865293291073,nan,1.0015586034912718,nan,1.0015110557373406,nan
C e D,3,-14.60205322224823,nan,-inf,nan,-16.760922721328058,nan,1.0742942301995628,nan,1.0743597273258838,nan,1.0021820448877805,nan,1.00194097835127,nan
C i D,3,-13.724228771201869,nan,-15.428645627482608,nan,-15.375561631391164,nan,1.0761645543890892,nan,1.0762081561613734,nan,1.003442410234576,nan,1.0028071501677165,nan
C O b,3,-14.694223682047886,nan,-15.446037370194478,nan,-15.283774428106708,nan,1.0442428342990702,nan,1.0446503753922776,nan,1.0006369239502868,nan,1.0008724984050337,nan
C O g,3,-15.387370862607831,nan,-inf,nan,-15.135306708132404,nan,1.0413160050307775,nan,1.0417592735612464,nan,1.0003117206982544,nan,1.0006512105094816,nan
C O v,3,-15.92145334853809,nan,-inf,nan,-14.333330747588308,nan,1.04164120828281,nan,1.0420805070980277,nan,1.0003117206982544,nan,1.0006512105094816,nan
C u D,3,-14.993466576900744,nan,-16.299473985280006,nan,-15.860905418631532,nan,1.0549675469077924,nan,1.055259296025822,nan,1.0012468827930174,nan,1.001296094430376,nan
C u S,3,-13.594749695782294,nan,-12.505234015508243,nan,-12.7783794534712,nan,1.0637480347126704,nan,1.0639326015189154,nan,1.002222492549115,nan,1.0019599581170322,nan
C u T,3,-14.477653411623713,nan,-12.53862103154098,nan,-12.987314129795926,nan,1.0565935631679548,nan,1.0568654637097281,nan,1.002222492549115,nan,1.0019599581170322,nan
D e C,3,-14.602053222248228,nan,-13.68190983962851,nan,-14.08272548337553,nan,1.0731132076339749,nan,1.0731879897583863,nan,1.0018838067433042,nan,1.0017323436328927,nan
D e D,3,-15.780708218589876,nan,-inf,nan,-17.22424729049412,nan,1.0646579230811295,nan,1.064835917802074,nan,1.0015586034912718,nan,1.0015110557373406,nan
D e J,3,-14.969778002373545,nan,-13.091041508188983,nan,-13.782786209664446,nan,1.065633532837227,nan,1.0657996184124177,nan,1.0028594164994018,nan,1.002396207319549,nan
D e S,3,-14.381991337471426,nan,-12.280111291972654,nan,-12.937748521007851,nan,1.0734384108860076,nan,1.0735092232951675,nan,1.0015586034912718,nan,1.0015110557373406,nan
D i C,3,-13.72422877120187,nan,-14.089730661429131,nan,-14.489123862666691,nan,1.0749835318235013,nan,1.0750364185938759,nan,1.0028998641607363,nan,1.0024151870853113,nan
D i D,3,-14.902883767543518,nan,-17.35764082089894,nan,-17.342963597333505,nan,1.0665282472706559,nan,1.0666843466375637,nan,1.0009486446485412,nan,1.0010874597119985,nan
D i S,3,-13.504166886425068,nan,-15.57830387166944,nan,-15.646731993293061,nan,1.075308735075534,nan,1.0753576521306571,nan,1.0006234413965087,nan,1.0008661718164464,nan
D i T,3,-14.387070602266487,nan,-14.28993504771986,nan,-14.82604725243663,nan,1.0681542635308183,nan,1.0682905143214698,nan,1.0015990511526063,nan,1.0015300355031027,nan
d u r,3,-10.484938611335451,nan,-15.20789006255744,nan,-14.650299704812046,nan,1.166372658472119,nan,1.1653248602347805,nan,1.0021955274415586,nan,1.0019473049398575,nan
D W C,3,-15.875468235296266,nan,-13.324785558454627,nan,-13.644806630417627,nan,1.032901237559162,nan,1.0334467697953547,nan,1.0006504065040651,nan,1.0008788249936211,nan
D W D,3,-17.054123231637913,nan,-16.9981608260326,nan,-16.604006880742265,nan,1.0244459530063166,nan,1.0250946978390425,nan,1.0003252032520324,nan,1.000657537098069,nan
D W T,3,-16.538310066360882,nan,-14.623602233413463,nan,-14.646706323780815,nan,1.026071969266479,nan,1.0267008655229486,nan,1.0003252032520324,nan,1.000657537098069,nan
f U n,3,-12.058496065604075,nan,-inf,nan,-13.34036452921762,nan,1.163799986129886,nan,1.162775738940088,nan,1.0015586034912718,nan,1.0015110557373406,nan
f u r,3,-11.247997781094114,nan,-15.039744462815229,nan,-14.457698564782737,nan,1.164507566771777,nan,1.1634815422624303,nan,1.0012603653467955,nan,1.0013024210189632,nan
f U s,3,-11.933544540469079,nan,-inf,nan,-13.199328607967018,nan,1.1381089292193167,nan,1.13739828953437,nan,1.0015586034912718,nan,1.0015110557373406,nan
f W r,3,-12.129999439489634,nan,-inf,nan,-14.976367366009754,nan,1.1436222799887346,nan,1.1428407535994605,nan,1.0006234413965087,nan,1.0008661718164464,nan
f x r,3,-9.833048164213846,nan,-10.72621899244892,nan,-10.880004639631416,nan,1.2256048236296324,nan,1.2238635508884317,nan,1.005380147192993,nan,1.0041285509524418,nan
g U n,3,-12.281639616918284,nan,-inf,nan,-13.443410064446043,nan,1.1448382205097432,nan,1.1440353395545273,nan,1.000935162094763,nan,1.001081133123411,nan
g U S,3,-13.920276684044648,nan,-11.09181870194076,nan,-11.520861925171406,nan,1.0674398465260033,nan,1.0675817578005922,nan,1.0025611783549258,nan,1.0021875726011718,nan
g U T,3,-14.803180399886065,nan,-inf,nan,-13.626916586382016,nan,1.0602853749812877,nan,1.0605146199914048,nan,1.000935162094763,nan,1.001081133123411,nan
g W C,3,-14.117610317743893,nan,-13.363643361061374,nan,-13.200381037922389,nan,1.0599450672141202,nan,1.060174880394433,nan,1.0009621272023195,nan,1.0010937863005858,nan
g W D,3,-15.296265314085538,nan,-17.037018628639345,nan,-16.159581288247026,nan,1.0514897826612748,nan,1.051822808438121,nan,1.0006369239502868,nan,1.0008724984050337,nan
g W T,3,-14.780452148808509,nan,-14.66246003602021,nan,-14.202280731285576,nan,1.0531157989214373,nan,1.053428976122027,nan,1.0006369239502868,nan,1.0008724984050337,nan
g x r,3,-10.056191715528055,nan,-11.100731003080071,nan,-11.275351193167914,nan,1.2066430580094896,nan,1.2051231515028709,nan,1.0041332643999756,nan,1.0032687057245828,nan
h U n,3,-12.59847827366152,nan,-inf,nan,-13.177495100254523,nan,1.1582047110288602,nan,1.1572457850230373,nan,1.000935162094763,nan,1.001081133123411,nan
h u r,3,-11.787979989151559,nan,-14.901491833680858,nan,-14.335651130339896,nan,1.1589122916707513,nan,1.1579515883453797,nan,1.0012603653467955,nan,1.0013024210189632,nan
h U s,3,-12.473526748526524,nan,-inf,nan,-13.036459179003922,nan,1.132513654118291,nan,1.1318683356173194,nan,1.000935162094763,nan,1.001081133123411,nan
h W r,3,-12.669981647547083,nan,-inf,nan,-13.7838785198655,nan,1.1380270048877088,nan,1.13731079968241,nan,1.000935162094763,nan,1.001081133123411,nan
J O b,3,-15.061948462173202,nan,-14.085060817058878,nan,-14.423725173220593,nan,1.042688591215452,nan,1.0431142770819857,nan,1.0006369239502868,nan,1.0008724984050337,nan
J x r,3,-11.003119416864099,nan,-11.629619114491998,nan,-11.965018879524816,nan,1.1876812923893465,nan,1.1863827521173105,nan,1.00444498509823,nan,1.0034836670315477,nan
k E G,3,-10.467533415484063,nan,-12.170387798373058,nan,-12.019324759143634,nan,1.150466408424655,nan,1.1496349747464902,nan,1.0015720860450499,nan,1.001517382325928,nan
k E S,3,-11.333180414539463,nan,-13.117119555748449,nan,-13.125810104352139,nan,1.1449379531401023,nan,1.1441740046212092,nan,1.0012468827930174,nan,1.001296094430376,nan
k i b,3,-9.538170231355796,nan,-13.33336583368283,nan,-13.297673048002178,nan,1.1559813811554298,nan,1.1550827828075718,nan,1.0028189688380673,nan,1.002377227553787,nan
k i C,3,-10.810520333126469,nan,-11.252036735827089,nan,-11.454891876632118,nan,1.144924470586324,nan,1.1441608425570096,nan,1.0047701883502624,nan,1.0037049549270998,nan
k i D,3,-11.989175329468114,nan,-14.519946895296895,nan,-14.308731611298928,nan,1.1364691860334786,nan,1.1358087706006974,nan,1.0028189688380673,nan,1.002377227553787,nan
k i r,3,-9.046053006186423,nan,-11.061152021851406,nan,-11.149121682610241,nan,1.2096399177407955,nan,1.2080863163764763,nan,1.0080222208705878,nan,1.005917833882621,nan
k u f,3,-11.277411666300406,nan,-inf,nan,-14.85095595259245,nan,1.12795510538145,nan,1.1273880183996143,nan,1.0006234413965087,nan,1.0008661718164464,nan
k U m,3,-11.680321901343088,nan,-13.529517339291662,nan,-13.19810863704251,nan,1.1516377686419978,nan,1.1507747303358649,nan,1.002507248139813,nan,1.0021622662468221,nan
k U n,3,-11.125789096395257,nan,-inf,nan,-13.533482995042219,nan,1.1877353296176076,nan,1.1864316529185825,nan,1.0021820448877805,nan,1.00194097835127,nan
k U p,3,-11.53305438500757,nan,-12.604489875276446,nan,-12.66784101998899,nan,1.1422068743330547,nan,1.141458957769209,nan,1.003157654643878,nan,1.0026048420379263,nan
k u r,3,-10.315290811885294,nan,-14.900129838587652,nan,-14.350712438156997,nan,1.1884429102594987,nan,1.187137456240925,nan,1.0009486446485412,nan,1.0010874597119985,nan
l U n,3,-11.037534711166032,nan,-inf,nan,-14.243543856798532,nan,1.152298587311111,nan,1.1514086114439281,nan,1.0021820448877805,nan,1.00194097835127,nan
l X l,3,-9.601297749678373,nan,-12.32875304206591,nan,-12.36383649386029,nan,1.13968469521209,nan,1.1389516578264487,nan,1.0029133467145146,nan,1.0024215136738985,nan
m W l,3,-11.569339265036305,nan,-11.896041466988354,nan,-12.028230193876016,nan,1.1359178843871163,nan,1.135229245839771,nan,1.0028459339456237,nan,1.0023898807309617,nan
m W r,3,-11.62817976505924,nan,-inf,nan,-14.492015218910936,nan,1.141446339671669,nan,1.140690215965052,nan,1.0018703241895262,nan,1.0017260170443054,nan
m W t,3,-11.342475932619564,nan,-10.498695569650684,nan,-10.752300925172555,nan,1.141446339671669,nan,1.140690215965052,nan,1.0021955274415586,nan,1.0019473049398575,nan
n c n,3,-9.306844383185354,nan,-12.327748584645379,nan,-12.35609264139326,nan,1.205323373030989,nan,1.2038122787721677,nan,1.008049185978144,nan,1.0059304870597956,nan
n W C,3,-12.838114287051456,nan,-14.773978992712623,nan,-14.499731825074193,nan,1.0559040351967126,nan,1.0561810247876742,nan,1.0009621272023195,nan,1.0010937863005858,nan
n W D,3,-14.016769283393103,nan,-18.447354260290595,nan,-17.45893207539883,nan,1.0474487506438672,nan,1.047828952831362,nan,1.0006369239502868,nan,1.0008724984050337,nan
n x r,3,-8.77669568483562,nan,-12.158245260108579,nan,-12.232952686597661,nan,1.202602025992082,nan,1.2011292958961122,nan,1.0050684264947387,nan,1.0039135896454772,nan
p c k,3,-9.837755181967077,nan,-9.926406251320277,nan,-10.066923962482953,nan,1.2238064823258679,nan,1.2220891347100291,nan,1.0153266224682198,nan,1.0109252098286836,nan
p c p,3,-10.12137496040998,nan,-10.408357668848883,nan,-10.551723328285801,nan,1.1961642059031037,nan,1.1947842840836236,nan,1.0114241834438296,nan,1.0082697550820583,nan
p c s,3,-9.589158146662673,nan,-10.332985190397892,nan,-10.433650467557518,nan,1.2160016042770874,nan,1.2143795298272793,nan,1.0097981671836669,nan,1.0071633156042976,nan
p O l,3,-12.691832293564726,nan,-11.531234140157451,nan,-12.000041018145401,nan,1.1421086942756682,nan,1.1413480847652404,nan,1.0018972892970825,nan,1.00173867022148,nan
p O m,3,-13.210973973572376,nan,-inf,nan,-13.383665942710516,nan,1.124547718665912,nan,1.1240014737790534,nan,1.0012468827930174,nan,1.001296094430376,nan
p O n,3,-12.656441168624543,nan,-10.543189895772151,nan,-11.234133650922223,nan,1.1606452796415219,nan,1.159658396361771,nan,1.0025476958011474,nan,1.0021812460125843,nan
p O r,3,-12.750672793587661,nan,-inf,nan,-13.953000419414327,nan,1.147637149560221,nan,1.1468090548905214,nan,1.0012468827930174,nan,1.001296094430376,nan
p O s,3,-12.531489643489547,nan,-10.917014218187179,nan,-11.498562837779787,nan,1.1349542227309526,nan,1.134280946956053,nan,1.0018972892970825,nan,1.00173867022148,nan
p O t,3,-12.464968961147985,nan,-inf,nan,-12.611181398474317,nan,1.147637149560221,nan,1.1468090548905214,nan,1.0012468827930174,nan,1.001296094430376,nan
p u k,3,-10.628324475534491,nan,-12.443943916349006,nan,-12.376756123739565,nan,1.1729960085104065,nan,1.1718734846792218,nan,1.0037676134866087,nan,1.0030284380632686,nan
p U m,3,-11.963941679785993,nan,-13.039283311485761,nan,-12.761781782172063,nan,1.1410689156733935,nan,1.1403292618258802,nan,1.0031306895363217,nan,1.0025921888607516,nan
p U n,3,-11.40940887483816,nan,-inf,nan,-13.097156140171771,nan,1.1771664766490033,nan,1.175986184408598,nan,1.0028054862842892,nan,1.0023709009651995,nan
p U p,3,-11.816674163450474,nan,-12.114255847470545,nan,-12.231514165118542,nan,1.1316380213644504,nan,1.1310134892592243,nan,1.0037810960403868,nan,1.0030347646518558,nan
p U s,3,-11.284457349703164,nan,-inf,nan,-12.95612021892117,nan,1.151475419738434,nan,1.15060873500288,nan,1.0028054862842892,nan,1.0023709009651995,nan
p u v,3,-12.318257481987775,nan,-11.122049612484771,nan,-11.389846951575333,nan,1.1216138946892684,nan,1.121118585867786,nan,1.0050684264947387,nan,1.0039135896454772,nan
r U n,3,-11.096375211188963,nan,-inf,nan,-14.75357741898774,nan,1.148568403910427,nan,1.1477219754992278,nan,1.0006234413965087,nan,1.0008661718164464,nan
r W r,3,-11.167878585074526,nan,-inf,nan,-15.10864641031781,nan,1.1283906977692755,nan,1.1277869901586004,nan,1.0006234413965087,nan,1.0008661718164464,nan
S c g,3,-12.224977481004155,nan,-13.691204288321996,nan,-13.796291320762295,nan,1.1229850838103597,nan,1.1224722957565894,nan,1.0031981023052126,nan,1.0026238218036887,nan
s c p,3,-9.58915814666267,nan,-10.71679621212389,nan,-10.818907041312077,nan,1.2533603513802563,nan,1.251312701902364,nan,1.0095538592543032,nan,1.0069799872402698,nan
s U g,3,-12.156688091783288,nan,-14.587017916739674,nan,-14.141078220556706,nan,1.1647691261911965,nan,1.163770625356153,nan,1.0009756097560976,nan,1.0011001128891732,nan
S U g,3,-13.920276684044646,nan,-13.056777045966767,nan,-13.308588114417159,nan,1.0584588992717063,nan,1.05870150093219,nan,1.0028459339456237,nan,1.0023898807309617,nan
s U k,3,-11.000837571260263,nan,-12.204327494089668,nan,-11.928116159378469,nan,1.216476443264367,nan,1.2148467577043702,nan,1.0058536585365854,nan,1.004419431322455,nan
s U m,3,-11.431724866038683,nan,-15.24484183964665,nan,-14.344248820675043,nan,1.198265061150546,nan,1.1968576796446206,nan,1.0003252032520324,nan,1.000657537098069,nan
s U n,3,-10.877192061090852,nan,-inf,nan,-14.679623178674747,nan,1.2343626221261559,nan,1.2325146022273383,nan,1,1,1.000436249202517,1.0
s U p,3,-11.284457349703164,nan,-14.319814375631434,nan,-13.81398120362152,nan,1.188834166841603,nan,1.1875419070779647,nan,1.0009756097560976,nan,1.0011001128891732,nan
s U s,3,-10.752240535955856,nan,-inf,nan,-14.538587257424146,nan,1.2086715652155866,nan,1.2071371528216204,nan,1,1,1.000436249202517,1.0
S u T,3,-14.25759152684691,nan,-12.43178013071272,nan,-12.870939613823229,nan,1.0572152604014022,nan,1.0574799030338449,nan,1.0028459339456237,nan,1.0023898807309617,nan
s W l,3,-10.88985493495348,nan,-12.52164656339428,nan,-12.465546629312072,nan,1.2086564607004517,nan,1.2071186467614299,nan,1.0019107718508606,nan,1.0017449968100673,nan
s W t,3,-10.662991602536737,nan,-11.124300666056607,nan,-11.189617360608612,nan,1.2141849159850044,nan,1.212579616886711,nan,1.0012603653467955,nan,1.0013024210189632,nan
S x r,3,-10.41533275196198,nan,-12.313986607399897,nan,-12.490004417473402,nan,1.189857232706412,nan,1.188533289751719,nan,1.0028863816069582,nan,1.0024088604967238,nan
T c g,3,-13.107881196845572,nan,-14.120486961446748,nan,-14.270247214146925,nan,1.115524717008992,nan,1.1150990238671883,nan,1.0025746609087038,nan,1.0021938991897592,nan
T i D,3,-14.387070602266487,nan,-17.080223347059043,nan,-16.977709210094286,nan,1.0693258848211689,nan,1.0694493235960891,nan,1.0003252032520324,nan,1.000657537098069,nan
t O n,3,-12.057703672535672,nan,-11.475736511062752,nan,-12.095279615166254,nan,1.1538066100736013,nan,1.152899563796487,nan,1.0025476958011474,nan,1.0021812460125843,nan
t U n,3,-10.810671378749289,nan,-inf,nan,-14.382116351192161,nan,1.1703278070810827,nan,1.1692273518433138,nan,1.0012468827930174,nan,1.001296094430376,nan
T W C,3,-15.359655070019237,nan,-13.452833192722892,nan,-13.567234315630188,nan,1.035698875109675,nan,1.03621174675388,nan,1.0009621272023195,nan,1.0010937863005858,nan
T W D,3,-16.538310066360882,nan,-17.126208460300862,nan,-16.526434565954826,nan,1.0272435905568296,nan,1.027859674797568,nan,1.0006369239502868,nan,1.0008724984050337,nan
T W T,3,-16.022496901083855,nan,-14.751649867681728,nan,-14.569134008993377,nan,1.028869606816992,nan,1.029465842481474,nan,1.0006369239502868,nan,1.0008724984050337,nan
T W z,3,-14.030745392680299,nan,-12.526347659870742,nan,-12.41859654562981,nan,1.0509834279552035,nan,1.0513097229825983,nan,1.001287330454352,nan,1.0013150741961379,nan
v e r,3,-11.613810463686065,nan,-14.44959134067522,nan,-14.097835431215032,nan,1.1378286547884464,nan,1.137113463577853,nan,1.0084552845528456,nan,1.006189734486872,nan
w U S,3,-13.794860023533193,nan,-10.131281470656027,nan,-10.620364714695292,nan,1.0832931259789096,nan,1.0832499605655692,nan,1.0047432232427063,nan,1.003692301749925,nan
w U T,3,-14.67776373937461,nan,-inf,nan,-12.726419375905902,nan,1.076138654434194,nan,1.0761828227563819,nan,1.0031172069825436,nan,1.0025858622721644,nan
w W D,3,-15.170848653574083,nan,-16.76962857791456,nan,-15.878123286177136,nan,1.067343062114181,nan,1.067491011203098,nan,1.0006369239502868,nan,1.0008724984050337,nan
w x r,3,-9.9307750550166,nan,-11.046915052653347,nan,-11.198687603744036,nan,1.2224963374623958,nan,1.220791354267848,nan,1.0075621920807736,nan,1.0056332801011951,nan
y c f,3,-12.494310414787739,nan,-12.1512401322122,nan,-12.489494498768211,nan,1.1181500989357984,nan,1.1176958343290393,nan,1.0041332643999756,nan,1.0032687057245828,nan
y c g,3,-12.717453966101948,nan,-12.246550312016524,nan,-12.603040268630501,nan,1.1220525379601887,nan,1.1215506367704142,nan,1.0041332643999756,nan,1.0032687057245828,nan
y c S,3,-13.076595002535875,nan,-11.6489982521376,nan,-12.06633494786111,nan,1.1142476599114082,nan,1.1138410318876644,nan,1.0041332643999756,nan,1.0032687057245828,nan
y e C,3,-13.695812826227575,nan,-15.250206829139076,nan,-14.822852872859666,nan,1.0824386661356846,nan,1.0824045796201376,nan,1.0006369239502868,nan,1.0008724984050337,nan
y e D,3,-14.874467822569223,nan,-inf,nan,-17.96437467997826,nan,1.0739833815828392,nan,1.0740525076638254,nan,1.0003117206982544,nan,1.0006512105094816,nan
y e J,3,-14.063537606352892,nan,-14.659338497699547,nan,-14.522913599148586,nan,1.0749589913389368,nan,1.075016208274169,nan,1.0016125337063844,nan,1.00153636209169,nan
y e S,3,-13.475750941450773,nan,-13.84840828148322,nan,-13.67787591049199,nan,1.0827638693877173,nan,1.0827258131569188,nan,1.0003117206982544,nan,1.0006512105094816,nan
y i D,3,-13.996643371522861,nan,-17.316499897975408,nan,-16.98447869814953,nan,1.0758537057723656,nan,1.075900936499315,nan,1.0009486446485412,nan,1.0010874597119985,nan
y i J,3,-13.185713155306534,nan,-16.453453680620065,nan,-16.027924267107856,nan,1.0768293155284632,nan,1.0768646371096586,nan,1.0009486446485412,nan,1.0010874597119985,nan
y i S,3,-12.597926490404415,nan,-15.537162948745909,nan,-15.288247094109087,nan,1.0846341935772437,nan,1.0845742419924085,nan,1.0006234413965087,nan,1.0008661718164464,nan
y U g,3,-14.41275316914244,nan,-13.029189089447938,nan,-13.327278036260477,nan,1.0575263534215353,nan,1.057779841946015,nan,1.002222492549115,nan,1.0019599581170322,nan
y u g,3,-13.508023259669361,nan,-12.088092308422684,nan,-12.261888735083769,nan,1.0712420641447273,nan,1.071334986739607,nan,1.004377572329339,nan,1.0034520340886106,nan
y U T,3,-15.654797921417785,nan,-inf,nan,-14.049329516314494,nan,1.0425670038280392,nan,1.0430030992540777,nan,1.0012468827930174,nan,1.001296094430376,nan
y U z,3,-13.66304641301423,nan,-12.046748779149608,nan,-11.898792052950926,nan,1.0646808249662507,nan,1.064846979755202,nan,1.0012468827930174,nan,1.001296094430376,nan
y x D,3,-13.850931560341468,nan,-14.284157878808854,nan,-14.443712176476737,nan,1.1157539551489242,nan,1.115334084989765,nan,1.0037676134866087,nan,1.0030284380632686,nan
z e C,3,-12.094488548567645,nan,-18.345456132111263,nan,-17.595592549888774,nan,1.0706264187001857,nan,1.0707302324619195,nan,1.0006369239502868,nan,1.0008724984050337,nan
z e D,3,-13.273143544909292,nan,-inf,nan,-20.737114357007368,nan,1.0621711341473403,nan,1.0623781605056073,nan,1.0003117206982544,nan,1.0006512105094816,nan
z e S,3,-11.874426663790842,nan,-16.94365758445541,nan,-16.450615587521096,nan,1.0709516219522184,nan,1.0710514659987007,nan,1.0003117206982544,nan,1.0006512105094816,nan
z i C,3,-11.216664097521285,nan,-15.128936020935521,nan,-15.229402206940158,nan,1.072496742889712,nan,1.072578661297409,nan,1.0032115848589906,nan,1.002630148392276,nan
z i D,3,-12.39531909386293,nan,-18.39684618040533,nan,-18.083241941606968,nan,1.0640414583368667,nan,1.064226589341097,nan,1.0012603653467955,nan,1.0013024210189632,nan
z i T,3,-11.879505928585901,nan,-15.32914040722625,nan,-15.566325596710097,nan,1.0656674745970292,nan,1.065832757025003,nan,1.0019107718508606,nan,1.0017449968100673,nan
z u f,3,-11.683555430695222,nan,-inf,nan,-18.58464428838024,nan,1.0555273776848382,nan,1.0558058371400139,nan,1.0006234413965087,nan,1.0008661718164464,nan
z u g,3,-11.90669898200943,nan,-18.12778059056131,nan,-17.599577769574417,nan,1.0594298167092284,nan,1.0596606395813888,nan,1.0009486446485412,nan,1.0010874597119985,nan
z u T,3,-13.148743734284775,nan,-16.480270730177804,nan,-16.42450926474255,nan,1.0444704671157323,nan,1.0448838968894516,nan,1.0015990511526063,nan,1.0015300355031027,nan
