word,word_len,uni_prob,uni_prob_freq_weighted,bi_prob,bi_prob_freq_weighted,bi_prob_smoothed,bi_prob_freq_weighted_smoothed,pos_uni_score,pos_uni_score_freq_weighted,pos_uni_score_smoothed,pos_uni_score_freq_weighted_smoothed,pos_bi_score,pos_bi_score_freq_weighted,pos_bi_score_smoothed,pos_bi_score_freq_weighted_smoothed
f u T,3,-13.160026211503249,nan,-13.56385145712849,nan,-13.562590995713096,nan,1.09404448021413,nan,1.0938885702911094,nan,1.0012260365150496,nan,1.0012790781867287,nan
g i T,3,-12.495875510320726,nan,-11.883674146662937,nan,-12.263984969395144,nan,1.088372463694819,nan,1.08828016981364,nan,1.0009615384615385,nan,1.0010866407123262,nan
z i T,3,-11.928243647397068,nan,-13.928864057434648,nan,-14.222928620515093,nan,1.0645916087881364,nan,1.0647682650517354,nan,1.0009615384615385,nan,1.0010866407123262,nan
y c g,3,-12.035358747219764,nan,-12.480275376373992,nan,-12.692500220105478,nan,1.1225072550067101,nan,1.1220132092657489,nan,1.0034322830806381,nan,1.0027950414694007,nan
l X z,3,-10.033509547407991,nan,-10.276748005556657,nan,-10.380638659138402,nan,1.1106959412425987,nan,1.1103219084356393,nan,1.004412493131177,nan,1.0034612491356896,nan
J Y p,3,-12.449435523496247,nan,-14.267831707718493,nan,-13.977404867908634,nan,1.0746545074866378,nan,1.0746978728179895,nan,1.0012820512820513,nan,1.0013057467596531,nan
C x z,3,-11.02707644839582,nan,-10.694581386819795,nan,-10.850208251974422,nan,1.153918933221545,nan,1.15305408859508,nan,1.006033728822742,nan,1.0045656688966322,nan
C e J,3,-13.168882583331554,nan,-11.496935718306743,nan,-11.941062416382598,nan,1.0798992400160685,nan,1.0799033139829814,nan,1.0070357062697841,nan,1.0053087502213167,nan
z i S,3,-11.248341693587143,nan,-14.791087568038526,nan,-14.773810728481763,nan,1.0710018651983928,nan,1.0711013872809945,nan,1.0006410256410256,nan,1.0008675346649993,nan
z u v,3,-11.780714675684248,nan,-13.766238100843626,nan,-13.870629715541224,nan,1.0736873814629915,nan,1.0737424561139632,nan,1.0028472722066142,nan,1.0023834979476716,nan
D Y p,3,-12.061669992487483,nan,-12.989878490394567,nan,-13.017857634192072,nan,1.0833841884017492,nan,1.0833288251989417,nan,1.0018857337450757,nan,1.0017261798056907,nan
s X k,3,-9.554556109838657,nan,-11.943943695782844,nan,-11.906514102248936,nan,1.2081603973163264,nan,1.2066813055827186,nan,1.0027725858506118,nan,1.0023479398504385,nan
b X s,3,-10.254944451655161,nan,-9.937141970700852,nan,-10.07381855815893,nan,1.1387582762585762,nan,1.1380696541457032,nan,1.006506710162762,nan,1.0049238752725123,nan
T x z,3,-11.79009330891625,nan,-10.725687624199312,nan,-11.038860363519344,nan,1.1457912992660966,nan,1.1450183743093658,nan,1.005128205128205,nan,1.003935019327576,nan
S c G,3,-12.041369250759809,nan,-12.591893575593968,nan,-12.642200237921031,nan,1.1067370980113878,nan,1.1064227964064952,nan,1.0032051282051282,nan,1.0026203830436147,nan
J e J,3,-13.708755892537775,nan,-12.901091090056129,nan,-13.296418501757099,nan,1.0735777469396086,nan,1.0736533139829816,nan,1.0025080877971009,nan,1.0021555023760362,nan
D x z,3,-11.179184226593277,nan,-8.74134199956542,nan,-9.053565805048798,nan,1.1563271210601964,nan,1.1554350409760323,nan,1.012976077147523,nan,1.0094006489260625,nan
S Y p,3,-11.992677121000533,nan,-14.267831707718491,nan,-14.1454214165537,nan,1.0722463196479866,nan,1.072316920437037,nan,1.0012820512820513,nan,1.0013057467596531,nan
n W C,3,-12.099052260562594,nan,-13.374473047410463,nan,-13.453566433130595,nan,1.0667576873212707,nan,1.0669055036309012,nan,1.0021502317985869,nan,1.001918617280093,nan
l W C,3,-12.113535726381173,nan,-12.065141194529488,nan,-12.224767745073956,nan,1.0724771334380678,nan,1.072560265535663,nan,1.0006410256410256,nan,1.0008675346649993,nan
S c d,3,-11.428952583114079,nan,-14.203831629263576,nan,-14.057889723031954,nan,1.1189165851908751,nan,1.1184557286420873,nan,1.0006410256410256,nan,1.0008675346649993,nan
g i J,3,-12.272731959006515,nan,-inf,nan,-14.349730708470766,nan,1.0874109252332806,nan,1.0873302014792512,nan,1,1,1.0004293225703456,1.0
C u T,3,-13.809279198505969,nan,-13.61337946840397,nan,-13.766641476645878,nan,1.0582226861141901,nan,1.0584719036244428,nan,1.001829718978074,nan,1.001699511232766,nan
D i g,3,-11.884966427997751,nan,-13.855320705159478,nan,-13.889889815477789,nan,1.0989709987138838,nan,1.0987437694396842,nan,1.002187574976588,nan,1.0019363963287093,nan
w u T,3,-13.323299573326508,nan,-15.070816206766292,nan,-14.617234232929933,nan,1.0807994471015472,nan,1.0807933321958714,nan,1.0006223540520252,nan,1.0008586451406911,nan
T c T,3,-14.104270669792772,nan,-13.707045986908952,nan,-14.084427483515874,nan,1.0884288885607942,nan,1.088335323925419,nan,1.001207364926049,nan,1.0012701886624205,nan
g u T,3,-13.254055161151525,nan,-14.32416761338282,nan,-14.265013639340582,nan,1.0708656722671102,nan,1.0709719036244427,nan,1.0003205128205128,nan,1.0006484286176724,nan
f X s,3,-10.352582921219076,nan,-11.464991691248665,nan,-11.47962034286084,nan,1.1206968674686906,nan,1.1202125112885601,nan,1.0040919803106643,nan,1.0032421430883627,nan
J Y m,3,-12.479649302092742,nan,-13.001615722141835,nan,-12.797787012872341,nan,1.0785006613327917,nan,1.078497746155545,nan,1.0025641025641026,nan,1.002182170948961,nan
n X z,3,-10.019026081589411,nan,-10.957471199015258,nan,-11.000550510252836,nan,1.1049764951258016,nan,1.1046671465308775,nan,1.0038088106681526,nan,1.0030408160896522,nan
m X n,3,-10.043269693199404,nan,-11.312346255119058,nan,-11.375847253697703,nan,1.177486104721504,nan,1.1763177542090342,nan,1.0022435897435897,nan,1.001963064901634,nan
C u S,3,-13.129377244696045,nan,-13.628305118620645,nan,-13.624376404052601,nan,1.0646329425244465,nan,1.0648050258537018,nan,1.0021502317985869,nan,1.001918617280093,nan
S e J,3,-13.25199749004206,nan,-12.495625981947965,nan,-12.914388713482893,nan,1.0711695591009573,nan,1.0712723616020292,nan,1.0034136114916374,nan,1.0027861519450922,nan
T x S,3,-12.996064115904858,nan,-12.850993253073353,nan,-13.24070388671186,nan,1.1105348890096862,nan,1.1101862020484412,nan,1.001923076923077,nan,1.0017439588543071,nan
v e D,3,-12.638425290299601,nan,-inf,nan,-18.382772174877395,nan,1.0747146894672797,nan,1.0747746158919655,nan,1,1,1.0004293225703456,1.0
C x S,3,-12.233047255384427,nan,-12.819887015693837,nan,-13.052051775166936,nan,1.1186625229651346,nan,1.1182219163341554,nan,1.0028286006176137,nan,1.0023746084233633,nan
n c T,3,-11.795128176252565,nan,-13.530761132914428,nan,-13.690791448735466,nan,1.1128117904271397,nan,1.1124424667825619,nan,1.0036220947781467,nan,1.00295192084657,nan
s X p,3,-9.873009840957192,nan,-11.45138200640774,nan,-11.503702648968964,nan,1.1905321921881213,nan,1.1892652194522562,nan,1.0027725858506118,nan,1.0023479398504385,nan
D i D,3,-12.592298243549653,nan,-15.514135464091366,nan,-15.443603360913293,nan,1.081022280765166,nan,1.081011027197759,nan,1.0012260365150496,nan,1.0012790781867287,nan
S c g,3,-12.106127818107971,nan,-14.437654552778069,nan,-14.462038817859778,nan,1.1086601749344647,nan,1.1083227330752727,nan,1.001923076923077,nan,1.0017439588543071,nan
C i S,3,-12.371197593865244,nan,-13.207829773109799,nan,-13.328095826345589,nan,1.0821397339521555,nan,1.082113292042899,nan,1.002452073030099,nan,1.0021288338031116,nan
g i D,3,-11.884966427997751,nan,-13.86512923313766,nan,-13.923656677948607,nan,1.0912570790794345,nan,1.0911300748168067,nan,1.0003205128205128,nan,1.0006484286176724,nan
T c S,3,-13.424368715982848,nan,-12.623359348457518,nan,-13.025871679048443,nan,1.0948391449710506,nan,1.094668446154678,nan,1.0031304418491258,nan,1.002584824946382,nan
z u T,3,-12.686423298227865,nan,-15.905051916023432,nan,-15.8629439449232,nan,1.0470848173604275,nan,1.0474599988625382,nan,1.0009241952835373,nan,1.00106886166371,nan
S Y m,3,-12.02289089959703,nan,-13.001615722141834,nan,-12.965803561517408,nan,1.0760924734941404,nan,1.0761167937745926,nan,1.0025641025641026,nan,1.002182170948961,nan
D x v,3,-12.159348364848192,nan,-9.473194646440554,nan,-9.888786821030488,nan,1.141263018496094,nan,1.1405522037372737,nan,1.016181205352651,nan,1.0115917093993316,nan
t W C,3,-11.933205540972143,nan,-12.74225464658147,nan,-12.818741799411065,nan,1.1082989275380077,nan,1.1079769322023296,nan,1.0027539142616113,nan,1.0023390503261302,nan
g Y b,3,-11.73627278763355,nan,-inf,nan,-15.075342476572612,nan,1.0737471918442227,nan,1.0738151939072864,nan,1,1,1.0004293225703456,1.0
r c S,3,-11.113919886528585,nan,-11.309467244935414,nan,-11.529196955279058,nan,1.130359915591159,nan,1.1297874937737256,nan,1.0055451717012236,nan,1.0042665571305316,nan
d X s,3,-9.76943663587346,nan,-11.128706115819265,nan,-11.195512174098294,nan,1.123105055307342,nan,1.1225934636695125,nan,1.0040919803106643,nan,1.0032421430883627,nan
S c z,3,-11.538495955184313,nan,-12.874404962817131,nan,-12.843269577996791,nan,1.1294935082677982,nan,1.1289053803203646,nan,1.0012820512820513,nan,1.0013057467596531,nan
y c d,3,-11.358183512225871,nan,-12.246452452859499,nan,-12.288351125277654,nan,1.1327636652631206,nan,1.1321462048325635,nan,1.0021502317985869,nan,1.001918617280093,nan
J u S,3,-13.669250553902266,nan,-13.933848201701922,nan,-13.981203659315973,nan,1.0583114494479866,nan,1.058555025853702,nan,1.0015465493355624,nan,1.0014981842340556,nan
h u S,3,-13.099163466099547,nan,-13.337500404497769,nan,-13.26745994338766,nan,1.0835974217538265,nan,1.083555025853702,nan,1.0015465493355624,nan,1.0014981842340556,nan
g u S,3,-12.5741532073416,nan,-14.339093263599494,nan,-14.122748566747305,nan,1.0772759286773665,nan,1.0773050258537018,nan,1.0006410256410256,nan,1.0008675346649993,nan
y X z,3,-11.577497550431485,nan,-10.201119316707357,nan,-10.33813387078393,nan,1.0938386263720388,nan,1.0936552417689727,nan,1.004110651899665,nan,1.003251032612671,nan
C e g,3,-12.073785236770888,nan,-12.09720778244786,nan,-12.350871310408607,nan,1.1016941118109402,nan,1.101435929562462,nan,1.0076767319108098,nan,1.0057469623159707,nan
z i J,3,-11.705100096082857,nan,-inf,nan,-16.308674359590718,nan,1.063630070326598,nan,1.0638182967173466,nan,1,1,1.0004293225703456,1.0
m u S,3,-12.030764956027934,nan,-12.658839624259235,nan,-12.621762362540704,nan,1.099551666184892,nan,1.0993288353775115,nan,1.0033575967246358,nan,1.0027594833721678,nan
D Y m,3,-12.091883771083978,nan,-11.72366250481791,nan,-11.83823977915578,nan,1.087230342247903,nan,1.0871286985364972,nan,1.003167785027127,nan,1.0026026039949985,nan
J e g,3,-12.61365854597711,nan,-13.501363154197247,nan,-13.706227395783108,nan,1.0953726187344803,nan,1.0951859295624622,nan,1.0031491134381265,nan,1.0025937144706902,nan
f u v,3,-12.25431758895963,nan,-11.425037641948684,nan,-11.57027676633112,nan,1.1206470443166943,nan,1.1201710275425345,nan,1.0031491134381265,nan,1.0025937144706902,nan
v X n,3,-10.999190219844326,nan,-11.055303583743067,nan,-11.255019045666153,nan,1.1335366766661157,nan,1.1328653732566532,nan,1.0022435897435897,nan,1.001963064901634,nan
g i C,3,-11.732858649800294,nan,-12.040555203613051,nan,-12.245398992983379,nan,1.095744258566614,nan,1.095563260377288,nan,1.0009615384615385,nan,1.0010866407123262,nan
C i D,3,-12.440190465352195,nan,-14.327061348980644,nan,-14.436885426932381,nan,1.0786140929265144,nan,1.0786300748168067,nan,1.0021315602095862,nan,1.0019097277557847,nan
C Y z,3,-11.91553238127653,nan,-11.192419815058976,nan,-11.264078754991383,nan,1.094758051845149,nan,1.0945640856108962,nan,1.001602564102564,nan,1.00152485280698,nan
d c T,3,-12.108854536924003,nan,-12.71867591724213,nan,-12.89987276504704,nan,1.134786504454834,nan,1.1341686572587522,nan,1.0048294597041956,nan,1.003792786938645,nan
y X v,3,-12.5576616886864,nan,-13.225506720723036,nan,-13.267208207106759,nan,1.0787745238079363,nan,1.078772404530214,nan,1.0018670621560752,nan,1.0017172902813825,nan
z i g,3,-10.610002749522192,nan,-14.251504384977482,nan,-14.32888678363305,nan,1.0854249421214697,nan,1.0853509122968272,nan,1.0012820512820513,nan,1.0013057467596531,nan
S e g,3,-12.156900143481394,nan,-13.095898046089081,nan,-13.324197607508902,nan,1.092964430895829,nan,1.0928049771815098,nan,1.004054637132663,nan,1.0032243640397462,nan
C e D,3,-12.78111705232279,nan,-inf,nan,-16.014798056190703,nan,1.0837453938622224,nan,1.083703187320537,nan,1.00543314216722,nan,1.0042132199846823,nan
n W T,3,-12.862069121083024,nan,-12.929909918008565,nan,-13.249008858228152,nan,1.059385892449476,nan,1.0596224130672531,nan,1.0021502317985869,nan,1.001918617280093,nan
T x J,3,-13.452822518400573,nan,-inf,nan,-15.874179806488923,nan,1.1031630941378914,nan,1.1029031114847934,nan,1,1,1.0004293225703456,1.0
T c g,3,-12.786029771917896,nan,-13.182388454064583,nan,-13.497238466073886,nan,1.1092622218941275,nan,1.1089179711705108,nan,1.0031304418491258,nan,1.002584824946382,nan
n c G,3,-10.412128711029528,nan,-11.160342622885958,nan,-11.283763851354731,nan,1.131722046837396,nan,1.1311251773588762,nan,1.0068272229832749,nan,1.0051429813198391,nan
s X n,3,-9.455710275202023,nan,-11.058133253984447,nan,-11.084739232626593,nan,1.2581603973163265,nan,1.2560796589709389,nan,1.004054637132663,nan,1.0032243640397462,nan
s X d,3,-9.769436635873461,nan,-10.424773221054627,nan,-10.498436995512177,nan,1.1937373203932495,nan,1.1924317805668858,nan,1.0046956627736887,nan,1.0036625761344,nan
J e D,3,-13.320990361529011,nan,-inf,nan,-17.3701541415652,nan,1.0774239007857624,nan,1.077453187320537,nan,1.0009055236945368,nan,1.0010599721394018,nan
b c T,3,-12.594362352705703,nan,-11.986644101502154,nan,-12.208962065200131,nan,1.150439725406068,nan,1.1496448477349428,nan,1.0048294597041956,nan,1.003792786938645,nan
y x z,3,-11.039422284218118,nan,-9.387585779788724,nan,-9.646335452648819,nan,1.1590363323786792,nan,1.1581136124046039,nan,1.0087502999063518,nan,1.0064576176038005,nan
y c T,3,-13.35359964509464,nan,-13.004932909218361,nan,-13.279689237547467,nan,1.1016739216733769,nan,1.101430562020657,nan,1.0015092061575612,nan,1.0014804051854391,nan
k X n,3,-9.694602183484372,nan,-11.091919232944123,nan,-11.146418326568533,nan,1.2045782179063325,nan,1.2031034684947484,nan,1.0028472722066142,nan,1.0023834979476716,nan
D i C,3,-12.440190465352195,nan,-13.689561434566757,nan,-13.765345675948065,nan,1.0855094602523454,nan,1.0854442127582404,nan,1.0018670621560752,nan,1.0017172902813825,nan
D x S,3,-12.385155033581885,nan,-10.86664762843946,nan,-11.255409328241313,nan,1.121070710803786,nan,1.1206028687151077,nan,1.0097709489423947,nan,1.0072095884527936,nan
C x J,3,-12.689805657880143,nan,-inf,nan,-15.685527694944,nan,1.1112907280933397,nan,1.1109388257705075,nan,1.0009055236945368,nan,1.0010599721394018,nan
z u S,3,-12.00652134441794,nan,-15.919977566240107,nan,-15.720678872329923,nan,1.0534950737706839,nan,1.0537931210917972,nan,1.00124470810405,nan,1.001287967711037,nan
n c d,3,-9.799712043383797,nan,-12.772280676555566,nan,-12.699453336465654,nan,1.1439015340168834,nan,1.1431581095944683,nan,1.0042631204191723,nan,1.0033901329412238,nan
y x J,3,-12.702151493702441,nan,-inf,nan,-14.481654895618398,nan,1.116408127250474,nan,1.1159983495800314,nan,1.0036220947781467,nan,1.00295192084657,nan
p u S,3,-12.000551177431438,nan,-13.025525639476944,nan,-12.952272557005298,nan,1.1070772531806778,nan,1.1067693115679875,nan,1.0021502317985869,nan,1.001918617280093,nan
y X p,3,-11.57152738344498,nan,-12.527301805357236,nan,-12.606221771093754,nan,1.0800565750899875,nan,1.0800390289760657,nan,1.0018670621560752,nan,1.0017172902813825,nan
D Y v,3,-13.047804297728902,nan,-12.338156688811349,nan,-12.500189073863432,nan,1.0821021371196977,nan,1.08206220075309,nan,1.0022062465655885,nan,1.0019452858530176,nan
s X t,3,-9.289863555611575,nan,-9.91839699283818,nan,-9.9907808346993,nan,1.228352705008634,nan,1.2266306406048846,nan,1.004375149953176,nan,1.0034434700870731,nan
y c G,3,-11.970600179871601,nan,-10.634514399189891,nan,-10.872661640166731,nan,1.1205841780836332,nan,1.1201132725969714,nan,1.0047143343626894,nan,1.0036714656587082,nan
z i C,3,-11.165226786876636,nan,-14.085745114384762,nan,-14.204342644103328,nan,1.0719634036599313,nan,1.0720513556153835,nan,1.0009615384615385,nan,1.0010866407123262,nan
S Y v,3,-12.978811426241952,nan,-13.616109906135275,nan,-13.62775285622506,nan,1.0709642683659353,nan,1.0710502959911854,nan,1.001602564102564,nan,1.00152485280698,nan
D i S,3,-12.523305372062701,nan,-14.394903888220522,nan,-14.334813760326501,nan,1.084547921790807,nan,1.0844942444238515,nan,1.0015465493355624,nan,1.0014981842340556,nan
S c S,3,-12.744466762172923,nan,-13.878625447171004,nan,-13.990672030834332,nan,1.0942370980113878,nan,1.09407320805944,nan,1.001923076923077,nan,1.0017439588543071,nan
f X t,3,-10.326782275274343,nan,-10.581721853292729,nan,-10.629866872960894,nan,1.1485814828533059,nan,1.147761592985837,nan,1.0037714674901514,nan,1.0030230370410358,nan
g i S,3,-11.815973556510802,nan,-12.745897657266816,nan,-12.81486707736181,nan,1.0947827201050755,nan,1.094613292042899,nan,1.0006410256410256,nan,1.0008675346649993,nan
C u v,3,-12.90357057596235,nan,-11.474565653224165,nan,-11.7743272472639,nan,1.0848252502167544,nan,1.0847543608758679,nan,1.003752795901151,nan,1.0030141475167276,nan
t X t,3,-9.26406290966684,nan,-9.272623582768249,nan,-9.403240465499133,nan,1.170556196881,nan,1.1694877834620274,nan,1.0055825148792248,nan,1.004284336179148,nan
S X z,3,-11.648266621319692,nan,-9.401658127839795,nan,-9.709777195739857,nan,1.0799915462997933,nan,1.0799647655784965,nan,1.0032051282051282,nan,1.0026203830436147,nan
S x J,3,-12.772920564590649,nan,-inf,nan,-15.827379246596333,nan,1.1025610471782286,nan,1.1023078733895553,nan,1.0009055236945368,nan,1.0010599721394018,nan
S u T,3,-13.892394105216475,nan,-13.918922551485245,nan,-14.109163723760362,nan,1.049493005199079,nan,1.0498409512434905,nan,1.0012260365150496,nan,1.0012790781867287,nan
s X l,3,-9.470193741020603,nan,-10.02478316276097,nan,-10.11154349833761,nan,1.2331603973163263,nan,1.2313804822768288,nan,1.0030930986711246,nan,1.0025670458977654,nan
g u v,3,-12.348346538607906,nan,-12.185353798203014,nan,-12.272699409958603,nan,1.0974682363696742,nan,1.0972543608758678,nan,1.0022435897435897,nan,1.001963064901634,nan
w u v,3,-12.417590950782891,nan,-12.932002391586487,nan,-12.624920003547956,nan,1.1074020112041114,nan,1.1070757894472965,nan,1.002545430975102,nan,1.0021732814246527,nan
C Y b,3,-12.291496824987995,nan,-inf,nan,-16.052876833687485,nan,1.0611042056913027,nan,1.0613151939072865,nan,1,1,1.0004293225703456,1.0
z u b,3,-11.176514981140798,nan,-inf,nan,-17.58273754895899,nan,1.055097637873248,nan,1.055376401649112,nan,1.0006036824630244,nan,1.0008497556163831,nan
J Y z,3,-12.45540569048275,nan,-12.191110078700198,nan,-11.977580954193488,nan,1.088436558768689,nan,1.0883140856108964,nan,1.001602564102564,nan,1.00152485280698,nan
D x d,3,-11.069640854523042,nan,-10.832908718058762,nan,-11.034944947987151,nan,1.1457501979832734,nan,1.144985389297755,nan,1.0088094104808563,nan,1.0065522703108127,nan
f u S,3,-12.480124257693324,nan,-13.578777107345164,nan,-13.420325923119819,nan,1.1004547366243864,nan,1.1002216925203685,nan,1.0015465493355624,nan,1.0014981842340556,nan
S c T,3,-13.424368715982848,nan,-14.962312085622436,nan,-15.049227835301766,nan,1.0878268416011314,nan,1.087740085830181,nan,1,1,1.0004293225703456,1.0
l W T,3,-12.876552586901603,nan,-11.620578065127592,nan,-12.020210170171513,nan,1.065105338566273,nan,1.065277174972015,nan,1.0006410256410256,nan,1.0008675346649993,nan
D Y b,3,-12.443604603185452,nan,-inf,nan,-15.806831799173029,nan,1.0635123935299542,nan,1.0636961462882388,nan,1.0006036824630244,nan,1.0008497556163831,nan
S Y b,3,-12.374611731698502,nan,-inf,nan,-16.93439558153466,nan,1.0523745247761915,nan,1.0526842415263342,nan,1,1,1.0004293225703456,1.0
z i D,3,-11.317334565074093,nan,-15.910319143909371,nan,-15.882600329068556,nan,1.0674762241727518,nan,1.0676181700549021,nan,1.0003205128205128,nan,1.0006484286176724,nan
s X m,3,-9.903223619553687,nan,-11.471376923393992,nan,-11.502739790274315,nan,1.1943783460342752,nan,1.1930650927898117,nan,1.002452073030099,nan,1.0021288338031116,nan
h x s,3,-10.433546863411934,nan,-9.741189212957734,nan,-9.968956099857536,nan,1.169037258604771,nan,1.1680042152575247,nan,1.006864566161276,nan,1.0051607603684556,nan
T X z,3,-12.328168575129617,nan,-9.622298548935886,nan,-10.044259828084229,nan,1.0805935932594561,nan,1.0805600036737346,nan,1.0050161755942015,nan,1.003881682181727,nan
y x S,3,-12.245393091206726,nan,-11.512891408662766,nan,-11.848178975841332,nan,1.1237799221222688,nan,1.1232814401436793,nan,1.0055451717012236,nan,1.0042665571305316,nan
g c T,3,-12.786029771917896,nan,-13.182755090182347,nan,-13.382546622987174,nan,1.1091995086691626,nan,1.108871038211133,nan,1.0027165710836101,nan,1.002321271277514,nan
n W d,3,-10.866652988214256,nan,-10.800883457497955,nan,-10.999209756348332,nan,1.0904756360392196,nan,1.0903380558791596,nan,1.001829718978074,nan,1.001699511232766,nan
S u v,3,-12.986685482672858,nan,-11.78010873630544,nan,-12.116849494378386,nan,1.0760955693016432,nan,1.0761234084949156,nan,1.0031491134381265,nan,1.0025937144706902,nan
k X m,3,-10.142115527836037,nan,-11.50516290235367,nan,-11.564418884216256,nan,1.1407961666242812,nan,1.1400889023136211,nan,1.00124470810405,nan,1.001287967711037,nan
D x g,3,-11.746816089516935,nan,-11.251653980067267,nan,-11.560790977792495,nan,1.135493787726863,nan,1.1348523937309405,nan,1.0107324874039332,nan,1.0078669065947743,nan
y c S,3,-12.673697691284715,nan,-11.921246270766925,nan,-12.221133433080034,nan,1.1080841780836332,nan,1.1077636842499161,nan,1.0034322830806381,nan,1.0027950414694007,nan
C X z,3,-11.565151714609184,nan,-9.45506013723179,nan,-9.72207632391478,nan,1.0887212272149045,nan,1.0885957179594488,nan,1.0032051282051282,nan,1.0026203830436147,nan
D i T,3,-13.203207325872626,nan,-13.532680377616643,nan,-13.783931652359831,nan,1.0781376653805506,nan,1.0781611221945924,nan,1.0018670621560752,nan,1.0017172902813825,nan
s X z,3,-9.878980007943694,nan,-9.125199517757864,nan,-9.235614748659138,nan,1.2043142434701726,nan,1.202881432245163,nan,1.0050161755942015,nan,1.003881682181727,nan
S e D,3,-12.864231959033296,nan,-inf,nan,-16.988124353290996,nan,1.0750157129471112,nan,1.0750722349395847,nan,1.0018110473890733,nan,1.0016906217084578,nan
d Y z,3,-10.683133108928192,nan,-10.295780604588103,nan,-10.401707540691994,nan,1.1329880337837404,nan,1.1323617046585153,nan,1.0037154527231498,nan,1.002996368468111,nan
b A p,3,-10.675655782651116,nan,-9.759246329723215,nan,-9.947913607926678,nan,1.1765132934016103,nan,1.1754034191367855,nan,1.0092979676023746,nan,1.0068513820769134,nan
b i l,3,-10.009549063386908,nan,-9.605281781687772,nan,-9.759315580589421,nan,1.200125500944545,nan,1.198718323859299,nan,1.010881860115938,nan,1.0079380227892396,nan
b i s,3,-9.855019523922612,nan,-11.202064335920005,nan,-11.168208340660986,nan,1.1674331932522375,nan,1.166419400490078,nan,1.0063946806287585,nan,1.004870538126663,nan
b X s,3,-10.254944451655161,nan,-9.937141970700852,nan,-10.07381855815893,nan,1.1387582762585762,nan,1.1380696541457032,nan,1.006506710162762,nan,1.0049238752725123,nan
b Y s,3,-10.605325118322504,nan,-10.67044794248494,nan,-10.766739007054827,nan,1.1447951008888206,nan,1.1440380217971506,nan,1.0027725858506118,nan,1.0023479398504385,nan
b x l,3,-9.87139872490609,nan,-8.409841822539267,nan,-8.58208276612249,nan,1.2366482899575242,nan,1.2348269481505554,nan,1.0153316964251162,nan,1.0109877284032,nan
C A l,3,-11.019731139281166,nan,-11.53027797650642,nan,-11.702970097339756,nan,1.1652582956399897,nan,1.1642448724375485,nan,1.0066187396967656,nan,1.0049772124183614,nan
C i D,3,-12.440190465352195,nan,-14.327061348980644,nan,-14.436885426932381,nan,1.0786140929265144,nan,1.0786300748168067,nan,1.0021315602095862,nan,1.0019097277557847,nan
C i n,3,-10.741957054134964,nan,-10.522252427859646,nan,-10.74293730349324,nan,1.1712422980547197,nan,1.1701436910295995,nan,1.007580278158304,nan,1.005634530560342,nan
C X J,3,-13.227880924093508,nan,-13.02902615131069,nan,-13.263474725895485,nan,1.0460930220866993,nan,1.0464804551348763,nan,1,1,1.0004293225703456,1.0
C X g,3,-12.132783577532843,nan,-14.140123839217798,nan,-14.056275872177599,nan,1.067887893881571,nan,1.068013070714357,nan,1,1,1.0004293225703456,1.0
C X T,3,-13.451024475407717,nan,-12.96003327982374,nan,-13.257170528499698,nan,1.0470545605482378,nan,1.047430423469265,nan,1.0003205128205128,nan,1.0006484286176724,nan
C x J,3,-12.689805657880143,nan,-inf,nan,-15.685527694944,nan,1.1112907280933397,nan,1.1109388257705075,nan,1.0009055236945368,nan,1.0010599721394018,nan
C x n,3,-10.603806715654148,nan,-10.334980365905835,nan,-10.486695879610767,nan,1.2077650870676988,nan,1.2062523153208558,nan,1.0169311647201777,nan,1.0120152745057471,nan
C x S,3,-12.233047255384427,nan,-12.819887015693837,nan,-13.052051775166936,nan,1.1186625229651346,nan,1.1182219163341554,nan,1.0028286006176137,nan,1.0023746084233633,nan
C x C,3,-12.149932348673921,nan,-13.56797822599759,nan,-13.714727372081134,nan,1.119624061426673,nan,1.1191718846685443,nan,1.0025080877971009,nan,1.0021555023760362,nan
d i k,3,-9.60840361642326,nan,-11.553946481204237,nan,-11.606303039803738,nan,1.159472279993311,nan,1.1585429566889982,nan,1.0049414892381991,nan,1.0038461240844943,nan
d i s,3,-9.36951170814091,nan,-12.175258208476867,nan,-12.090920654565217,nan,1.1517799723010034,nan,1.1509432100138874,nan,1.0039799507766607,nan,1.0031888059425134,nan
d i t,3,-9.343711062196178,nan,-10.152554087332568,nan,-10.251754187962153,nan,1.1796645876856187,nan,1.1784922917111642,nan,1.0071850789817889,nan,1.0053798664157825,nan
d E p,3,-10.313064639045544,nan,-11.879150304651322,nan,-11.95111495843671,nan,1.1563324539776927,nan,1.1554509529220094,nan,1.0049414892381991,nan,1.0038461240844943,nan
d X s,3,-9.76943663587346,nan,-11.128706115819265,nan,-11.195512174098294,nan,1.123105055307342,nan,1.1225934636695125,nan,1.0040919803106643,nan,1.0032421430883627,nan
D i D,3,-12.592298243549653,nan,-15.514135464091366,nan,-15.443603360913293,nan,1.081022280765166,nan,1.081011027197759,nan,1.0012260365150496,nan,1.0012790781867287,nan
D i g,3,-11.884966427997751,nan,-13.855320705159478,nan,-13.889889815477789,nan,1.0989709987138838,nan,1.0987437694396842,nan,1.002187574976588,nan,1.0019363963287093,nan
D i C,3,-12.440190465352195,nan,-13.689561434566757,nan,-13.765345675948065,nan,1.0855094602523454,nan,1.0854442127582404,nan,1.0018670621560752,nan,1.0017172902813825,nan
d I J,3,-11.043375914564718,nan,-11.701043269032615,nan,-11.982295416348549,nan,1.1791011507201292,nan,1.1779814463102185,nan,1.0078665436083185,nan,1.0059038416931403,nan
d I D,3,-10.655610383555954,nan,-13.747036876644911,nan,-13.753445963162608,nan,1.182947304566283,nan,1.181781319647774,nan,1.0091485948903698,nan,1.0067802658824478,nan
d Y p,3,-10.677162941941688,nan,-12.372502233606399,nan,-12.40153145440714,nan,1.1192059825016891,nan,1.1187454918656083,nan,1.003394939902637,nan,1.002777262420784,nan
d Y t,3,-10.094016656596072,nan,-10.497231013550204,nan,-10.592343823994305,nan,1.1570264953222018,nan,1.1561109130182368,nan,1.0062795552872523,nan,1.0047492168467262,nan
d I T,3,-11.266519465878929,nan,-12.219837062447784,nan,-12.486816842718751,nan,1.1800626891816677,nan,1.1789314146446073,nan,1.0078665436083185,nan,1.0059038416931403,nan
d I Z,3,-13.651342657109947,nan,-inf,nan,-16.306724559239093,nan,1.1768575609765395,nan,1.1757648535299778,nan,1.0075460307878057,nan,1.0056847356458134,nan
f i k,3,-10.191549901768877,nan,-11.803220679644006,nan,-11.854820263463582,nan,1.1570640921546596,nan,1.1561620043080458,nan,1.004639648006687,nan,1.0036359075614756,nan
f i s,3,-9.952657993486527,nan,-12.424532406916635,nan,-12.339437878225063,nan,1.1493717844623519,nan,1.148562257632935,nan,1.0036781095451486,nan,1.0029785894194947,nan
f X s,3,-10.352582921219076,nan,-11.464991691248665,nan,-11.47962034286084,nan,1.1206968674686906,nan,1.1202125112885601,nan,1.0040919803106643,nan,1.0032421430883627,nan
f X t,3,-10.326782275274343,nan,-10.581721853292729,nan,-10.629866872960894,nan,1.1485814828533059,nan,1.147761592985837,nan,1.0037714674901514,nan,1.0030230370410358,nan
f Y k,3,-10.94185549616877,nan,-10.315751019267394,nan,-10.49224917548402,nan,1.1344259997912427,nan,1.1337806256151184,nan,1.0039986223656614,nan,1.0031976954668216,nan
f x l,3,-9.969037194470008,nan,-8.825834027668952,nan,-8.997485846796524,nan,1.2185868811676386,nan,1.2169698052934124,nan,1.0138224902675552,nan,1.0099366457881065,nan
g e s,3,-10.387613530105398,nan,-10.367383576082888,nan,-10.53070564598961,nan,1.13132427745104,nan,1.1307187034699986,nan,1.0025641025641026,nan,1.002182170948961,nan
g W d,3,-11.857554583879587,nan,-12.001690705383544,nan,-11.70256584227852,nan,1.0868633542812425,nan,1.0867666273077308,nan,1.0003205128205128,nan,1.0006484286176724,nan
g W r,3,-11.542521887294095,nan,-inf,nan,-15.76080410258505,nan,1.1134659183838065,nan,1.1130490845591556,nan,1,1,1.0004293225703456,1.0
g W z,3,-11.967097955949821,nan,-13.023639296100574,nan,-12.557336903069695,nan,1.0974402773581655,nan,1.097216278986008,nan,1.0006410256410256,nan,1.0008675346649993,nan
g i C,3,-11.732858649800294,nan,-12.040555203613051,nan,-12.245398992983379,nan,1.095744258566614,nan,1.095563260377288,nan,1.0009615384615385,nan,1.0010866407123262,nan
g i J,3,-12.272731959006515,nan,-inf,nan,-14.349730708470766,nan,1.0874109252332806,nan,1.0873302014792512,nan,1,1,1.0004293225703456,1.0
g i D,3,-11.884966427997751,nan,-13.86512923313766,nan,-13.923656677948607,nan,1.0912570790794345,nan,1.0911300748168067,nan,1.0003205128205128,nan,1.0006484286176724,nan
g X g,3,-11.577559540178399,nan,-12.771470442516812,nan,-12.673276406954562,nan,1.080530880034491,nan,1.0805130707143569,nan,1,1,1.0004293225703456,1.0
g u v,3,-12.348346538607906,nan,-12.185353798203014,nan,-12.272699409958603,nan,1.0974682363696742,nan,1.0972543608758678,nan,1.0022435897435897,nan,1.001963064901634,nan
h e s,3,-10.912623788863344,nan,-11.088557314722268,nan,-11.197843558074439,nan,1.1376457705274998,nan,1.1369687034699987,nan,1.0040733087216638,nan,1.0032332535640545,nan
h e n,3,-11.052669862509061,nan,-10.641238159147601,nan,-10.777072182508531,nan,1.1953380782198075,nan,1.1939668035333297,nan,1.0069579241062792,nan,1.0052052079899965,nan
h i n,3,-10.711743275538469,nan,-9.751874633474884,nan,-9.980555734720136,nan,1.1902067772840996,nan,1.1888936910295995,nan,1.0084858018528409,nan,1.0062651801293983,nan
h Y s,3,-11.322002796292645,nan,-11.132845517219009,nan,-11.2676871314417,nan,1.109876377228375,nan,1.109514212273341,nan,1.0027725858506118,nan,1.0023479398504385,nan
h x s,3,-10.433546863411934,nan,-9.741189212957734,nan,-9.968956099857536,nan,1.169037258604771,nan,1.1680042152575247,nan,1.006864566161276,nan,1.0051607603684556,nan
J X T,3,-13.990897784613939,nan,-inf,nan,-15.762432196929858,nan,1.0407330674717779,nan,1.0411804234692652,nan,1.0003205128205128,nan,1.0006484286176724,nan
J x n,3,-11.14368002486037,nan,-9.541911160319003,nan,-9.888011689846705,nan,1.201443593991239,nan,1.2000023153208559,nan,1.0184403708777388,nan,1.0130663571208407,nan
k e d,3,-9.949330203393853,nan,-10.509189291105743,nan,-10.606146733896205,nan,1.1739613589126248,nan,1.1728784489388004,nan,1.0052806736477127,nan,1.0040741196561294,nan
k X m,3,-10.142115527836037,nan,-11.50516290235367,nan,-11.564418884216256,nan,1.1407961666242812,nan,1.1400889023136211,nan,1.00124470810405,nan,1.001287967711037,nan
l e l,3,-9.565724939722944,nan,-11.039585414195626,nan,-11.142924075893415,nan,1.1733483130181217,nan,1.1722438173154102,nan,1.0059963856447407,nan,1.0045478898480158,nan
m A b,3,-10.705869561247614,nan,-11.301735495137288,nan,-11.459428532143106,nan,1.1376770193004353,nan,1.1370207402260826,nan,1.008600927194347,nan,1.0063865014093352,nan
m e p,3,-10.401570918192615,nan,-10.950581465550574,nan,-11.080966269066117,nan,1.143664117522668,nan,1.1429261735384566,nan,1.0082804143738342,nan,1.0061673953620083,nan
m A v,3,-11.310069255791063,nan,-11.591353676615935,nan,-11.679146331449669,nan,1.156266762890179,nan,1.1553867946909337,nan,1.0073188759122957,nan,1.0055100772200274,nan
m A z,3,-10.329905117536148,nan,-9.665578561268365,nan,-9.791525869955,nan,1.1713308654542816,nan,1.1702696319296924,nan,1.0092419528353727,nan,1.006824713503989,nan
m X n,3,-10.043269693199404,nan,-11.312346255119058,nan,-11.375847253697703,nan,1.177486104721504,nan,1.1763177542090342,nan,1.0022435897435897,nan,1.001963064901634,nan
m X s,3,-9.903223619553687,nan,-11.055879831928726,nan,-11.13164232567036,nan,1.1197937970291962,nan,1.1193196541457031,nan,1.0028846153846154,nan,1.0024012769962878,nan
m Y d,3,-10.707376720538186,nan,-9.143935503450487,nan,-9.355233259963002,nan,1.1190998524286715,nan,1.1186382434564286,nan,1.0055078285232224,nan,1.0042487780819151,nan
m x b,3,-10.304428603439174,nan,-11.3876595815005,nan,-11.527060290859735,nan,1.1551838107281442,nan,1.1543290064152798,nan,1.0088840968368586,nan,1.0065878284080456,nan
n e s,3,-9.396711934440068,nan,-11.725590950139024,nan,-11.783412080578753,nan,1.134936559209017,nan,1.1342901320414274,nan,1.0046769911846882,nan,1.0036536866100918,nan
n e n,3,-9.536758008085783,nan,-11.278271794564358,nan,-11.362640705012849,nan,1.1926288669013247,nan,1.1912882321047584,nan,1.0075616065693036,nan,1.0056256410360338,nan
n c d,3,-9.799712043383797,nan,-12.772280676555566,nan,-12.699453336465654,nan,1.1439015340168834,nan,1.1431581095944683,nan,1.0042631204191723,nan,1.0033901329412238,nan
n W d,3,-10.866652988214256,nan,-10.800883457497955,nan,-10.999209756348332,nan,1.0904756360392196,nan,1.0903380558791596,nan,1.001829718978074,nan,1.001699511232766,nan
n c G,3,-10.412128711029528,nan,-11.160342622885958,nan,-11.283763851354731,nan,1.131722046837396,nan,1.1311251773588762,nan,1.0068272229832749,nan,1.0051429813198391,nan
n i n,3,-9.19583142111519,nan,-10.517741140734609,nan,-10.624964757247385,nan,1.1874975659656168,nan,1.1862151196010282,nan,1.0096931667788898,nan,1.0071060462214732,nan
p e k,3,-10.052903408477583,nan,-9.748394945217632,nan,-9.902480405295394,nan,1.1688179096466589,nan,1.167782735859395,nan,1.0125030958075028,nan,1.0090424425501825,nan
p e m,3,-10.401570918192615,nan,-9.986674930488126,nan,-10.151646853402678,nan,1.1550358583646076,nan,1.1541665230664881,nan,1.0073748906792976,nan,1.005536745792952,nan
p e p,3,-10.371357139596117,nan,-11.021617238667325,nan,-11.143212476936032,nan,1.1511897045184538,nan,1.1503666497289327,nan,1.0073748906792976,nan,1.005536745792952,nan
p i m,3,-10.060644331222022,nan,-11.68044794451107,nan,-11.730958584383975,nan,1.1499045574288997,nan,1.149093410562758,nan,1.003394939902637,nan,1.002777262420784,nan
p X b,3,-10.812290091056044,nan,-12.768549829098996,nan,-12.793235683076523,nan,1.0975116917172896,nan,1.0973111119701247,nan,1.0015278777465617,nan,1.0014892947097473,nan
p X d,3,-10.326782275274343,nan,-10.170203500053049,nan,-10.305247518085135,nan,1.1205886147942128,nan,1.1201103519954572,nan,1.0040919803106643,nan,1.0032421430883627,nan
p X v,3,-11.416489785599493,nan,-11.895017200771964,nan,-11.971499607554925,nan,1.116101435307033,nan,1.1156771664349758,nan,1.0021689033875874,nan,1.0019275068044011,nan
r e m,3,-9.98296501652339,nan,-10.153966403876442,nan,-10.311529422845549,nan,1.1399846843730363,nan,1.1392855706855358,nan,1.0049601608271999,nan,1.0038550136088025,nan
r i g,3,-10.185426680866465,nan,-11.57086394723753,nan,-11.691409075388279,nan,1.1239559475398924,nan,1.1234461503920652,nan,1.0055078285232224,nan,1.0042487780819151,nan
r i s,3,-9.054479011555419,nan,-11.519778619021565,nan,-11.447035732853571,nan,1.140943127027072,nan,1.1402289242996018,nan,1.0051873157027096,nan,1.0040296720345883,nan
r i t,3,-9.028678365610686,nan,-9.497074497877266,nan,-9.607869266250505,nan,1.1688277424116873,nan,1.1677780059968785,nan,1.0083924439078378,nan,1.0062207325078574,nan
r i z,3,-9.617794817942807,nan,-8.1952356008458,nan,-8.357841407433368,nan,1.1447892808732258,nan,1.144028797637157,nan,1.0125591105745044,nan,1.0090691111231072,nan
r E p,3,-9.998031942460052,nan,-10.982178025213614,nan,-11.095318986681514,nan,1.1454956087037613,nan,1.1447366672077237,nan,1.0076580603218093,nan,1.0057380727916627,nan
r I D,3,-10.340577686970462,nan,-13.498091342486678,nan,-13.49905842453063,nan,1.1721104592923517,nan,1.1710670339334883,nan,1.009450436121882,nan,1.0069904824054665,nan
r I S,3,-10.27158481548351,nan,-10.417201260592382,nan,-10.663047875853351,nan,1.1756361003179927,nan,1.1745502511595807,nan,1.0113735130449588,nan,1.008305118689428,nan
r I T,3,-10.951486769293435,nan,-11.970891528289549,nan,-12.232429304086773,nan,1.1692258439077363,nan,1.1682171289303216,nan,1.0081683848398306,nan,1.006114058216159,nan
r I Z,3,-13.336309960524453,nan,-inf,nan,-16.052337020607112,nan,1.1660207157026081,nan,1.1650505678156922,nan,1.0078478720193178,nan,1.005894952168832,nan
r I z,3,-9.0656140084949,nan,-8.862333658285845,nan,-8.991574572499799,nan,1.210892510574403,nan,1.2093824234205053,nan,1.0155401797116255,nan,1.0111534973046779,nan
r x l,3,-9.070858212538898,nan,-8.88356035411741,nan,-9.016818616763326,nan,1.2101582237323587,nan,1.208636471960079,nan,1.0144261727305797,nan,1.0103570788341438,nan
s i g,3,-10.046686943134805,nan,-11.46934812355122,nan,-11.570031733056767,nan,1.2121558271305004,nan,1.2106485313444462,nan,1.0070170346807836,nan,1.0052998606970087,nan
s i v,3,-10.45921921846606,nan,-10.260656949323945,nan,-10.452588593568558,nan,1.2179250578997314,nan,1.2163483413507794,nan,1.007978573142322,nan,1.0059571788389896,nan
s X d,3,-9.769436635873461,nan,-10.424773221054627,nan,-10.498436995512177,nan,1.1937373203932495,nan,1.1924317805668858,nan,1.0046956627736887,nan,1.0036625761344,nan
s X g,3,-10.446611870867354,nan,-13.810263219743872,nan,-13.569814296921956,nan,1.183480910136839,nan,1.1822987850000712,nan,1.0018110473890733,nan,1.0016906217084578,nan
s X k,3,-9.554556109838657,nan,-11.943943695782844,nan,-11.906514102248936,nan,1.2081603973163264,nan,1.2066813055827186,nan,1.0027725858506118,nan,1.0023479398504385,nan
s X m,3,-9.903223619553687,nan,-11.471376923393992,nan,-11.502739790274315,nan,1.1943783460342752,nan,1.1930650927898117,nan,1.002452073030099,nan,1.0021288338031116,nan
S x J,3,-12.772920564590649,nan,-inf,nan,-15.827379246596333,nan,1.1025610471782286,nan,1.1023078733895553,nan,1.0009055236945368,nan,1.0010599721394018,nan
S x C,3,-12.233047255384427,nan,-13.650377757764657,nan,-13.856578923733469,nan,1.1108943805115619,nan,1.110540932287592,nan,1.0025080877971009,nan,1.0021555023760362,nan
s Y b,3,-10.605325118322504,nan,-inf,nan,-14.244659418449524,nan,1.1766972219465708,nan,1.1756009081930008,nan,1,1,1.0004293225703456,1.0
s Y v,3,-11.209524812865954,nan,-10.747113982072978,nan,-10.938016693139927,nan,1.1952869655363143,nan,1.193966962657852,nan,1.001602564102564,nan,1.00152485280698,nan
s x J,3,-11.003633951214653,nan,-inf,nan,-14.009482052814521,nan,1.2268837443486078,nan,1.2252245400562218,nan,1.005131300935708,nan,1.0040030034616636,nan
s x g,3,-9.908536604653987,nan,-11.575749763717457,nan,-11.681387782588638,nan,1.2486786161434795,nan,1.2467571556357024,nan,1.0080159163203233,nan,1.0059749578876058,nan
s x S,3,-10.546875548718937,nan,-11.19074341208965,nan,-11.376006133037457,nan,1.2342555392204027,nan,1.2325076306198697,nan,1.0070543778587848,nan,1.0053176397456252,nan
t e s,3,-9.230865214849619,nan,-10.613799469048145,nan,-10.696602323116164,nan,1.176477799425754,nan,1.1753615606128558,nan,1.0055825148792248,nan,1.004284336179148,nan
t E m,3,-9.863705337380154,nan,-10.605706298371356,nan,-10.728320038261584,nan,1.1797451340128893,nan,1.178596064354803,nan,1.008299085962835,nan,1.0061762848863165,nan
t X t,3,-9.26406290966684,nan,-9.272623582768249,nan,-9.403240465499133,nan,1.170556196881,nan,1.1694877834620274,nan,1.0055825148792248,nan,1.004284336179148,nan
T i n,3,-11.504973914655396,nan,-12.242839285346799,nan,-12.317883776158055,nan,1.1631146640992713,nan,1.1621079767438853,nan,1.0057692307692307,nan,1.0043732314222298,nan
T X T,3,-14.214041335928151,nan,-13.127271691527838,nan,-13.579354032669144,nan,1.0389269265927894,nan,1.039394709183551,nan,1.0021315602095862,nan,1.0019097277557847,nan
T x J,3,-13.452822518400573,nan,-inf,nan,-15.874179806488923,nan,1.1031630941378914,nan,1.1029031114847934,nan,1,1,1.0004293225703456,1.0
T x S,3,-12.996064115904858,nan,-12.850993253073353,nan,-13.24070388671186,nan,1.1105348890096862,nan,1.1101862020484412,nan,1.001923076923077,nan,1.0017439588543071,nan
T x C,3,-12.912949209194352,nan,-13.599084463377109,nan,-13.903379483626058,nan,1.1114964274712247,nan,1.1111361703828302,nan,1.001602564102564,nan,1.00152485280698,nan
t Y s,3,-9.640244222278918,nan,-11.400025016274265,nan,-11.446689672207466,nan,1.1487084061266293,nan,1.1479070694161981,nan,1.0030744270821241,nan,1.0025581563734571,nan
t x l,3,-8.906317828862505,nan,-8.64879597988012,nan,-8.775161048531631,nan,1.2405615951953328,nan,1.2386959957696029,nan,1.0153316964251162,nan,1.0109877284032,nan
v e t,3,-10.774345159491922,nan,-13.306770173533959,nan,-13.241441423527842,nan,1.1375352022877925,nan,1.136839213738704,nan,1.001923076923077,nan,1.0017439588543071,nan
v i n,3,-10.599265292111777,nan,-11.86069361958378,nan,-11.994599556412423,nan,1.162211593659777,nan,1.161215119601028,nan,1.0057692307692307,nan,1.0043732314222298,nan
v X n,3,-10.999190219844326,nan,-11.055303583743067,nan,-11.255019045666153,nan,1.1335366766661157,nan,1.1328653732566532,nan,1.0022435897435897,nan,1.001963064901634,nan
v e D,3,-12.638425290299601,nan,-inf,nan,-18.382772174877395,nan,1.0747146894672797,nan,1.0747746158919655,nan,1,1,1.0004293225703456,1.0
v Y k,3,-11.448416721148304,nan,-13.874969313199966,nan,-13.739721378564036,nan,1.08957350129636,nan,1.0894353875198803,nan,1.0015838925135636,nan,1.0015159632826718,nan
v Y r,3,-11.348264550597616,nan,-15.175197817797468,nan,-14.936448868176289,nan,1.1017529884758472,nan,1.1014683197554724,nan,1.0019044053340764,nan,1.0017350693299987,nan
v Y t,3,-11.183724166921222,nan,-12.652268708071672,nan,-12.552226611385617,nan,1.1097658089886677,nan,1.1093847225420463,nan,1.004468507898179,nan,1.003487917708614,nan
w e s,3,-10.456857942280381,nan,-9.88188848817373,nan,-10.061945687509134,nan,1.141258052285477,nan,1.1405401320414272,nan,1.0058843561107371,nan,1.0044945527021667,nan
w x J,3,-12.203826032700682,nan,-inf,nan,-14.0103918069198,nan,1.1338674890806968,nan,1.1332602543419361,nan,1.0036220947781467,nan,1.00295192084657,nan
w x S,3,-11.747067630204967,nan,-11.099269923708215,nan,-11.376915887142736,nan,1.1412392839524916,nan,1.140543344905584,nan,1.0055451717012236,nan,1.0042665571305316,nan
w x C,3,-11.66395272349446,nan,-11.84736113401197,nan,-12.039591484056935,nan,1.14220082241403,nan,1.141493313239973,nan,1.0052246588807108,nan,1.0040474510832045,nan
y c d,3,-11.358183512225871,nan,-12.246452452859499,nan,-12.288351125277654,nan,1.1327636652631206,nan,1.1321462048325635,nan,1.0021502317985869,nan,1.001918617280093,nan
y c g,3,-12.035358747219764,nan,-12.480275376373992,nan,-12.692500220105478,nan,1.1225072550067101,nan,1.1220132092657489,nan,1.0034322830806381,nan,1.0027950414694007,nan
y c G,3,-11.970600179871601,nan,-10.634514399189891,nan,-10.872661640166731,nan,1.1205841780836332,nan,1.1201132725969714,nan,1.0047143343626894,nan,1.0036714656587082,nan
y X C,3,-12.700353450709587,nan,-14.268438624357588,nan,-14.14232417140886,nan,1.0595437545771669,nan,1.059773037842437,nan,1.0012260365150496,nan,1.0012790781867287,nan
y X g,3,-12.145129413355143,nan,-14.886183018693366,nan,-14.672333419046748,nan,1.0730052930387053,nan,1.0730725945238808,nan,1.0009055236945368,nan,1.0010599721394018,nan
y X T,3,-13.463370311230019,nan,-13.70609245929931,nan,-13.873228075368845,nan,1.052171959705372,nan,1.052489947278789,nan,1.0012260365150496,nan,1.0012790781867287,nan
y X v,3,-12.5576616886864,nan,-13.225506720723036,nan,-13.267208207106759,nan,1.0787745238079363,nan,1.078772404530214,nan,1.0018670621560752,nan,1.0017172902813825,nan
y x J,3,-12.702151493702441,nan,-inf,nan,-14.481654895618398,nan,1.116408127250474,nan,1.1159983495800314,nan,1.0036220947781467,nan,1.00295192084657,nan
y x S,3,-12.245393091206726,nan,-11.512891408662766,nan,-11.848178975841332,nan,1.1237799221222688,nan,1.1232814401436793,nan,1.0055451717012236,nan,1.0042665571305316,nan
y x C,3,-12.16227818449622,nan,-12.260982618966521,nan,-12.51085457275553,nan,1.1247414605838073,nan,1.1242314084780682,nan,1.0052246588807108,nan,1.0040474510832045,nan
b O n,3,-12.226191726580229,nan,-9.679389753841495,nan,-10.102745841709025,nan,1.1744161740504915,nan,1.1732832122812515,nan,1.0009055236945368,nan,1.0010599721394018,nan
b O r,3,-12.224885390666174,nan,-inf,nan,-12.968546061330823,nan,1.1365956612299786,nan,1.1359177911286233,nan,1.0009055236945368,nan,1.0010599721394018,nan
b O s,3,-12.086145652934512,nan,-10.00055762408926,nan,-10.369366537447672,nan,1.1167238663581838,nan,1.1162851122179205,nan,1.0009055236945368,nan,1.0010599721394018,nan
b U n,3,-11.434604473207031,nan,-inf,nan,-12.524799521840082,nan,1.195243219024835,nan,1.193874080678745,nan,1.0024147298520978,nan,1.0021110547544954,nan
b u r,3,-10.751938912485073,nan,-11.587107070545175,nan,-11.672693612297351,nan,1.1697981966963233,nan,1.1687438132115837,nan,1.0036594379561479,nan,1.0029696998951865,nan
b U s,3,-11.294558399561314,nan,-inf,nan,-12.503738145126949,nan,1.1375509113325273,nan,1.1368759806154138,nan,1.0024147298520978,nan,1.0021110547544954,nan
b W r,3,-11.350854468081902,nan,-inf,nan,-13.98108374122769,nan,1.154706135120712,nan,1.1538228940829653,nan,1.0009055236945368,nan,1.0010599721394018,nan
C e D,3,-12.78111705232279,nan,-inf,nan,-16.014798056190703,nan,1.0837453938622224,nan,1.083703187320537,nan,1.00543314216722,nan,1.0042132199846823,nan
C i D,3,-12.440190465352195,nan,-14.327061348980644,nan,-14.436885426932381,nan,1.0786140929265144,nan,1.0786300748168067,nan,1.0021315602095862,nan,1.0019097277557847,nan
C O b,3,-13.772317359600002,nan,-15.529112153527619,nan,-14.944008044852186,nan,1.0330329711606658,nan,1.0335622843280563,nan,1,1,1.0004293225703456,1.0
C O g,3,-13.963984778812195,nan,-15.39996509129676,nan,-14.834250000710632,nan,1.0458534839811786,nan,1.0462285287865742,nan,1,1,1.0004293225703456,1.0
C O v,3,-14.376517054143452,nan,-inf,nan,-14.63309759309658,nan,1.0516227147504096,nan,1.0519283387929075,nan,1,1,1.0004293225703456,1.0
C u D,3,-13.198370116182994,nan,-16.42151312806316,nan,-15.949561328963888,nan,1.0611073014988055,nan,1.0613218086276095,nan,1.0015092061575612,nan,1.0014804051854391,nan
C u S,3,-13.129377244696045,nan,-13.628305118620645,nan,-13.624376404052601,nan,1.0646329425244465,nan,1.0648050258537018,nan,1.0021502317985869,nan,1.001918617280093,nan
C u T,3,-13.809279198505969,nan,-13.61337946840397,nan,-13.766641476645878,nan,1.0582226861141901,nan,1.0584719036244428,nan,1.001829718978074,nan,1.001699511232766,nan
D e C,3,-12.78111705232279,nan,-11.962340486476274,nan,-12.21667091442866,nan,1.0906407611880533,nan,1.0905173252619706,nan,1.002452073030099,nan,1.0021288338031116,nan
D e D,3,-12.933224830520247,nan,-inf,nan,-15.622149547484371,nan,1.0861535817008738,nan,1.0860841397014893,nan,1.0018110473890733,nan,1.0016906217084578,nan
D e J,3,-13.320990361529011,nan,-11.06352208479678,nan,-11.548413907676267,nan,1.08230742785472,nan,1.0822842663639338,nan,1.0034136114916374,nan,1.0027861519450922,nan
D e S,3,-12.864231959033297,nan,-11.127237899182889,nan,-11.505205153345027,nan,1.0896792227265149,nan,1.0895673569275817,nan,1.0018110473890733,nan,1.0016906217084578,nan
D i C,3,-12.440190465352195,nan,-13.689561434566757,nan,-13.765345675948065,nan,1.0855094602523454,nan,1.0854442127582404,nan,1.0018670621560752,nan,1.0017172902813825,nan
D i D,3,-12.592298243549653,nan,-15.514135464091366,nan,-15.443603360913293,nan,1.081022280765166,nan,1.081011027197759,nan,1.0012260365150496,nan,1.0012790781867287,nan
D i S,3,-12.523305372062701,nan,-14.394903888220522,nan,-14.334813760326501,nan,1.084547921790807,nan,1.0844942444238515,nan,1.0015465493355624,nan,1.0014981842340556,nan
D i T,3,-13.203207325872626,nan,-13.532680377616643,nan,-13.783931652359831,nan,1.0781376653805506,nan,1.0781611221945924,nan,1.0018670621560752,nan,1.0017172902813825,nan
d u r,3,-10.266431096703371,nan,-12.424499401942976,nan,-12.458914491948587,nan,1.1541449757450892,nan,1.153267622735393,nan,1.0030557554931234,nan,1.0025492668491491,nan
D W C,3,-13.797285671779823,nan,-inf,nan,-14.665268290346992,nan,1.052910607249025,nan,1.0532150274404248,nan,1.0006410256410256,nan,1.0008675346649993,nan
D W D,3,-13.949393449977281,nan,-inf,nan,-17.15445619152855,nan,1.0484234277618456,nan,1.0487818418799435,nan,1.0003205128205128,nan,1.0006484286176724,nan
D W T,3,-14.560302532300256,nan,-inf,nan,-14.460710715444549,nan,1.0455388123772302,nan,1.0459319368767768,nan,1.0006410256410256,nan,1.0008675346649993,nan
f U n,3,-11.532242942770948,nan,-inf,nan,-13.178613625959114,nan,1.1771818102349494,nan,1.1760169378216019,nan,1.0015092061575612,nan,1.0014804051854391,nan
f u r,3,-10.849577382048988,nan,-12.696246456234803,nan,-12.662979953037599,nan,1.1517367879064377,nan,1.1508866703544407,nan,1.0015465493355624,nan,1.0014981842340556,nan
f U s,3,-11.39219686912523,nan,-inf,nan,-13.157552249245981,nan,1.1194895025426417,nan,1.1190188377582708,nan,1.0015092061575612,nan,1.0014804051854391,nan
f W r,3,-11.448492937645819,nan,-inf,nan,-14.36523427839762,nan,1.1366447263308264,nan,1.1359657512258223,nan,1.001207364926049,nan,1.0012701886624205,nan
f x r,3,-9.953247392737373,nan,-11.497630717330619,nan,-11.600032407703461,nan,1.2057663683471258,nan,1.2043035608348942,nan,1.0067712082162732,nan,1.0051163127469147,nan
g U n,3,-11.626271892419224,nan,-inf,nan,-13.038853509866167,nan,1.1540030022879295,nan,1.1531002711549352,nan,1.0015092061575612,nan,1.0014804051854391,nan
g U S,3,-13.255512432149505,nan,-11.018676709176333,nan,-11.404504327542405,nan,1.0649004381853653,nan,1.0650698721682348,nan,1.0027912574396125,nan,1.0023568293747467,nan
g U T,3,-13.93541438595943,nan,-inf,nan,-13.62621094181552,nan,1.058490181775109,nan,1.0587367499389757,nan,1.0015092061575612,nan,1.0014804051854391,nan
g W C,3,-13.089953856227924,nan,-14.575280295296052,nan,-14.156922519060783,nan,1.0631454055632936,nan,1.0633340750594724,nan,1.0006410256410256,nan,1.0008675346649993,nan
g W D,3,-13.242061634425381,nan,-17.631998006113292,nan,-16.64611042024234,nan,1.0586582260761142,nan,1.058900889498991,nan,1.0003205128205128,nan,1.0006484286176724,nan
g W T,3,-13.852970716748356,nan,-14.130717165894154,nan,-13.95236494415834,nan,1.0557736106914988,nan,1.0560509844958244,nan,1.0006410256410256,nan,1.0008675346649993,nan
g x r,3,-10.047276342385649,nan,-11.921474636963737,nan,-12.032791484381843,nan,1.182587560400106,nan,1.1813868941682275,nan,1.0058656845217364,nan,1.0044856631778585,nan
h U n,3,-12.151282151177172,nan,-inf,nan,-13.179898326054213,nan,1.1603244953643894,nan,1.1593502711549353,nan,1,1,1.0004293225703456,1.0
h u r,3,-11.468616590455213,nan,-12.454969753387408,nan,-12.51011397330544,nan,1.1348794730358778,nan,1.134220003687774,nan,1.0015465493355624,nan,1.0014981842340556,nan
h U s,3,-12.011236077531455,nan,-inf,nan,-13.15883694934108,nan,1.1026321876720817,nan,1.1023521710916042,nan,1,1,1.0004293225703456,1.0
h W r,3,-12.067532146052041,nan,-inf,nan,-13.519221118105516,nan,1.1197874114602664,nan,1.1192990845591557,nan,1.0021128886205857,nan,1.0019008382314765,nan
J O b,3,-14.312190668806224,nan,-14.042895767380843,nan,-14.048072331620192,nan,1.026711478084206,nan,1.0273122843280564,nan,1,1,1.0004293225703456,1.0
J x r,3,-11.142373688946314,nan,-12.363527435453367,nan,-12.640483224161501,nan,1.163623081170726,nan,1.1626368941682277,nan,1.0046583195956875,nan,1.0036447970857838,nan
k E G,3,-10.60702757557274,nan,-12.79216441529782,nan,-12.532697910316227,nan,1.1711389499100162,nan,1.1700964865629517,nan,1.0006410256410256,nan,1.0008675346649993,nan
k E S,3,-11.310125086985853,nan,-12.87492348254892,nan,-12.925658258202091,nan,1.1586389499100163,nan,1.1577468982158965,nan,1,1,1.0004293225703456,1.0
k i b,3,-10.09391143220496,nan,-13.172726205688903,nan,-13.063224711122581,nan,1.1457531348999936,nan,1.1450060964097377,nan,1.0021502317985869,nan,1.001918617280093,nan
k i C,3,-10.840802888771597,nan,-11.578536888735064,nan,-11.730310238783193,nan,1.145112109258968,nan,1.1443727841868119,nan,1.0024707446190997,nan,1.0021377233274198,nan
k i D,3,-10.992910666969054,nan,-13.403110918259673,nan,-13.408567923748421,nan,1.1406249297717885,nan,1.1399395986263305,nan,1.001829718978074,nan,1.001699511232766,nan
k i r,3,-9.293370919837768,nan,-10.172683274362159,nan,-10.289669384584037,nan,1.1954326220794809,nan,1.194087793686495,nan,1.005355360003715,nan,1.004109677753362,nan
k u f,3,-10.949729552599678,nan,-13.869042777024243,nan,-13.405787915739335,nan,1.1320924973184385,nan,1.131497703558096,nan,1,1,1.0004293225703456,1.0
k U m,3,-11.181729475742191,nan,-12.529242139159212,nan,-12.403249697418369,nan,1.1395888016982323,nan,1.1388952287833318,nan,1.0024334014410985,nan,1.0021199442788034,nan
k U n,3,-10.734216131390527,nan,-inf,nan,-13.266182985232708,nan,1.2033708529802836,nan,1.201909794964459,nan,1.0021128886205857,nan,1.0019008382314765,nan
k U p,3,-11.151515697145694,nan,-12.391464186516577,nan,-12.378894748128726,nan,1.1357426478520785,nan,1.1350953554457763,nan,1.0030744270821241,nan,1.0025581563734571,nan
k u r,3,-10.051550570668567,nan,-11.91767199557944,nan,-11.97224432341094,nan,1.177925830651772,nan,1.1767795274972979,nan,1.0006410256410256,nan,1.0008675346649993,nan
l U n,3,-10.649853762572473,nan,-inf,nan,-13.75169080101441,nan,1.1633347301627037,nan,1.1623264616311257,nan,1.0018110473890733,nan,1.0016906217084578,nan
l X l,3,-9.6247232804849,nan,-11.176331650559765,nan,-11.256567408816872,nan,1.1395420950887525,nan,1.138820958467305,nan,1.0024894162081002,nan,1.002146612851728,nan
m W l,3,-11.014923437713062,nan,-11.61098795786241,nan,-11.69866459736006,nan,1.1485621687118448,nan,1.1477391385414835,nan,1.003696781134149,nan,1.002987478943803,nan
m W r,3,-10.999133635980428,nan,-inf,nan,-14.097298968880674,nan,1.135741655891332,nan,1.1350728940829653,nan,1.0024147298520978,nan,1.0021110547544954,nan
m W t,3,-10.834593252304034,nan,-9.74428384454638,nan,-9.963876857280743,nan,1.1437544764041525,nan,1.1429892968695392,nan,1.00722242215979,nan,1.005397645464399,nan
n c n,3,-9.48598568271236,nan,-10.860109437880949,nan,-10.96336785328984,nan,1.2083246109399604,nan,1.2068059879985213,nan,1.0106733768294287,nan,1.007772253887762,nan
n W C,3,-12.099052260562594,nan,-13.374473047410463,nan,-13.453566433130595,nan,1.0667576873212707,nan,1.0669055036309012,nan,1.0021502317985869,nan,1.001918617280093,nan
n W D,3,-12.251160038760052,nan,-16.431190758227704,nan,-15.942754334312152,nan,1.0622705078340913,nan,1.0624723180704199,nan,1.001829718978074,nan,1.001699511232766,nan
n x r,3,-9.05637474672032,nan,-12.318270843865246,nan,-12.36920718709683,nan,1.186199842158083,nan,1.1849583227396563,nan,1.0067712082162732,nan,1.0051163127469147,nan
p c k,3,-10.00213108310416,nan,-9.75264725495616,nan,-9.904226233723417,nan,1.1845136536852945,nan,1.183300491753158,nan,1.0118994133444783,nan,1.0086220095041452,nan
p c p,3,-10.320584814222695,nan,-10.818230183627609,nan,-10.9508022909231,nan,1.1668854485570894,nan,1.1658844056226956,nan,1.0064506953957604,nan,1.0048972066995878,nan
p c s,3,-9.76323917482181,nan,-10.792669317086975,nan,-10.866052861451902,nan,1.1768213459929868,nan,1.1757007450780472,nan,1.0064506953957604,nan,1.0048972066995878,nan
p O l,3,-11.85874058170084,nan,-12.494391761965117,nan,-12.308539988760426,nan,1.1379772818168972,nan,1.1372745117776175,nan,1.0003205128205128,nan,1.0006484286176724,nan
p O m,3,-12.291770460233924,nan,-inf,nan,-13.057882394524738,nan,1.099195230534846,nan,1.0989591222906003,nan,1,1,1.0004293225703456,1.0
p O n,3,-11.84425711588226,nan,-10.368809064287426,nan,-10.742761851991132,nan,1.1629772818168973,nan,1.1619736884717276,nan,1,1,1.0004293225703456,1.0
p O r,3,-11.842950779968204,nan,-inf,nan,-13.608562071612932,nan,1.1251567689963844,nan,1.1246082673190994,nan,1,1,1.0004293225703456,1.0
p O s,3,-11.704211042236542,nan,-10.689976934535192,nan,-11.009382547729778,nan,1.1052849741245896,nan,1.1049755884083965,nan,1,1,1.0004293225703456,1.0
p O t,3,-11.67841039629181,nan,-inf,nan,-12.61063417594215,nan,1.1331695895092049,nan,1.1325246701056733,nan,1,1,1.0004293225703456,1.0
p u k,3,-10.470156472337791,nan,-13.017518205253243,nan,-12.789958566538878,nan,1.146179817283242,nan,1.1454013571664676,nan,1.0021502317985869,nan,1.001918617280093,nan
p U m,3,-11.500183206860726,nan,-12.086735759370697,nan,-12.0170451239883,nan,1.1200222755091895,nan,1.1195499906880937,nan,1.003037083904123,nan,1.002540377324841,nan
p U n,3,-11.052669862509061,nan,-inf,nan,-12.87997841180264,nan,1.1838043267912408,nan,1.182564556869221,nan,1.0027165710836101,nan,1.002321271277514,nan
p U p,3,-11.469969428264228,nan,-11.948957806728064,nan,-11.992690174698657,nan,1.1161761216630357,nan,1.1157501173505382,nan,1.0036781095451486,nan,1.0029785894194947,nan
p U s,3,-10.912623788863344,nan,-inf,nan,-12.858917035089505,nan,1.126112019098933,nan,1.1255664568058898,nan,1.0027165710836101,nan,1.002321271277514,nan
p u v,3,-11.774744508697744,nan,-10.871786174080462,nan,-11.102223400216598,nan,1.1272695608729855,nan,1.1267186465901535,nan,1.003752795901151,nan,1.0030141475167276,nan
r U n,3,-10.634063960839839,nan,-inf,nan,-14.178775648937643,nan,1.1687531527996695,nan,1.1676836044882686,nan,1,1,1.0004293225703456,1.0
r W r,3,-10.550313955714708,nan,-inf,nan,-14.48992756402225,nan,1.1282160688955465,nan,1.127632417892489,nan,1.001207364926049,nan,1.0012701886624205,nan
S c g,3,-12.106127818107971,nan,-14.437654552778069,nan,-14.462038817859778,nan,1.1086601749344647,nan,1.1083227330752727,nan,1.001923076923077,nan,1.0017439588543071,nan
s c p,3,-9.763239174821813,nan,-10.72692689372327,nan,-10.82422138134686,nan,1.2400341541561262,nan,1.2382058341941242,nan,1.0064506953957604,nan,1.0048972066995878,nan
s U g,3,-11.486225818773507,nan,-14.475397364076143,nan,-13.974780527494207,nan,1.1822735452107902,nan,1.181105111469782,nan,1.0009615384615385,nan,1.0010866407123262,nan
S U g,3,-13.255512432149505,nan,-14.012188777963237,nan,-14.138788046271086,nan,1.057950848040411,nan,1.0581884448031154,nan,1.0021689033875874,nan,1.0019275068044011,nan
s U k,3,-10.59417005774481,nan,-11.875108665034913,nan,-11.510119567621008,nan,1.2069530323902775,nan,1.2054876320524293,nan,1.0041666666666667,nan,1.0032777011855953,nan
s U m,3,-10.94283756745984,nan,-14.333735645062482,nan,-13.622504448938493,nan,1.1931709811082263,nan,1.1918714192595223,nan,1.0003205128205128,nan,1.0006484286176724,nan
s U n,3,-10.495324223108177,nan,-inf,nan,-14.485437736752834,nan,1.2569530323902776,nan,1.2548859854406496,nan,1,1,1.0004293225703456,1.0
s U p,3,-10.912623788863344,nan,-14.195957692419848,nan,-13.598149499648851,nan,1.1893248272620724,nan,1.1880715459219668,nan,1.0009615384615385,nan,1.0010866407123262,nan
s U s,3,-10.35527814946246,nan,-inf,nan,-14.4643763600397,nan,1.1992607246979698,nan,1.1978878853773185,nan,1,1,1.0004293225703456,1.0
S u T,3,-13.892394105216475,nan,-13.918922551485245,nan,-14.109163723760362,nan,1.049493005199079,nan,1.0498409512434905,nan,1.0012260365150496,nan,1.0012790781867287,nan
s W l,3,-10.427364019715682,nan,-11.521078008019074,nan,-11.550657419929621,nan,1.2292364613066673,nan,1.2275010433033882,nan,1.003394939902637,nan,1.002777262420784,nan
s W t,3,-10.247033834306654,nan,-9.654373894703046,nan,-9.815869679850305,nan,1.224428768998975,nan,1.222751201631444,nan,1.006920580928278,nan,1.00518742894138,nan
S x r,3,-10.685615286450599,nan,-13.238996172807266,nan,-13.3810189655779,nan,1.1612148933320747,nan,1.1602559417872753,nan,1.0031491134381265,nan,1.0025937144706902,nan
T c g,3,-12.786029771917896,nan,-13.182388454064583,nan,-13.497238466073886,nan,1.1092622218941275,nan,1.1089179711705108,nan,1.0031304418491258,nan,1.002584824946382,nan
T i D,3,-13.203207325872627,nan,-16.047648206467798,nan,-16.011831899597198,nan,1.070486458971066,nan,1.0705943605310926,nan,1.0003205128205128,nan,1.0006484286176724,nan
t O n,3,-11.261110830536643,nan,-10.878970456876553,nan,-11.201065019805734,nan,1.1783294792883001,nan,1.177152259900299,nan,1.0009055236945368,nan,1.0010599721394018,nan
t U n,3,-10.469523577163445,nan,-inf,nan,-13.977940075226202,nan,1.1991565242626436,nan,1.1977431282977924,nan,1.001207364926049,nan,1.0012701886624205,nan
T W C,3,-14.408194754102798,nan,-14.40642401146271,nan,-14.252667576019167,nan,1.0423747854549252,nan,1.0427983607737583,nan,1.0006410256410256,nan,1.0008675346649993,nan
T W D,3,-14.560302532300256,nan,-17.46314172227995,nan,-16.741855477200723,nan,1.0378876059677458,nan,1.038365175213277,nan,1.0003205128205128,nan,1.0006484286176724,nan
T W T,3,-15.171211614623228,nan,-13.961860882060812,nan,-14.048110001116724,nan,1.0350029905831304,nan,1.0355152702101103,nan,1.0006410256410256,nan,1.0008675346649993,nan
T W z,3,-13.285338853824696,nan,-12.854783012267232,nan,-12.653081960028079,nan,1.0766696572497971,nan,1.076680564700294,nan,1.0006410256410256,nan,1.0008675346649993,nan
v e r,3,-10.938885543168315,nan,-13.15096346982632,nan,-13.140757030530514,nan,1.129522381774972,nan,1.12892281095213,nan,1.0060897435897436,nan,1.004592337469557,nan
w U S,3,-13.32475684432449,nan,-10.58667030621816,nan,-10.98946976841809,nan,1.0748342130198023,nan,1.0748913007396634,nan,1.0043004635971735,nan,1.0034079119898403,nan
w U T,3,-14.004658798134415,nan,-inf,nan,-13.211176382691205,nan,1.068423956609546,nan,1.0685581785104044,nan,1.0030184123151222,nan,1.0025314878005327,nan
w W D,3,-13.311306046600365,nan,-17.280034310828658,nan,-16.305183833271748,nan,1.0685920009105512,nan,1.0687223180704197,nan,1.0006223540520252,nan,1.0008586451406911,nan
w x r,3,-10.116520754560632,nan,-11.43597954905458,nan,-11.564031525901365,nan,1.192521335234543,nan,1.1912083227396562,nan,1.0058656845217364,nan,1.0044856631778585,nan
y c f,3,-11.941329797571488,nan,-11.660950453821423,nan,-11.904079282315923,nan,1.1135328960323512,nan,1.1131468381447864,nan,1.005355360003715,nan,1.004109677753362,nan
y c g,3,-12.035358747219764,nan,-12.480275376373992,nan,-12.692500220105478,nan,1.1225072550067101,nan,1.1220132092657489,nan,1.0034322830806381,nan,1.0027950414694007,nan
y c S,3,-12.673697691284715,nan,-11.921246270766925,nan,-12.221133433080034,nan,1.1080841780836332,nan,1.1077636842499161,nan,1.0034322830806381,nan,1.0027950414694007,nan
y e C,3,-12.64135510994763,nan,-14.327436965119544,nan,-14.19573492314857,nan,1.093349972506536,nan,1.0931958966905422,nan,1.00124470810405,nan,1.001287967711037,nan
y e D,3,-12.793462888145088,nan,-inf,nan,-17.601213556204282,nan,1.0888627930193566,nan,1.0887627111300608,nan,1.0006036824630244,nan,1.0008497556163831,nan
y e J,3,-13.181228419153852,nan,-13.42861856344005,nan,-13.527477916396178,nan,1.0850166391732028,nan,1.0849628377925054,nan,1.0022062465655885,nan,1.0019452858530176,nan
y e S,3,-12.724470016658138,nan,-13.49233437782616,nan,-13.48426916206494,nan,1.0923884340449976,nan,1.0922459283561532,nan,1.0006036824630244,nan,1.0008497556163831,nan
y i D,3,-12.452536301174495,nan,-15.933321793679324,nan,-15.717919277394781,nan,1.0837314920836487,nan,1.0836895986263306,nan,1.0003205128205128,nan,1.0006484286176724,nan
y i J,3,-12.84030183218326,nan,-inf,nan,-16.14399330791694,nan,1.0798853382374949,nan,1.0798897252887751,nan,1,1,1.0004293225703456,1.0
y i S,3,-12.383543429687546,nan,-14.814090217808479,nan,-14.609129676807985,nan,1.0872571331092897,nan,1.087172815852423,nan,1.0006410256410256,nan,1.0008675346649993,nan
y U g,3,-13.184743361261297,nan,-11.207511741171954,nan,-11.52768226283857,nan,1.0717979281126564,nan,1.0718789209935915,nan,1.0060928393972464,nan,1.0046603216036443,nan
y u g,3,-12.503384136453393,nan,-10.384793569203584,nan,-10.67461458956504,nan,1.0841734186046577,nan,1.0841140746790585,nan,1.0103559598164187,nan,1.0076211319745225,nan
y U T,3,-14.502984259136174,nan,-inf,nan,-12.625696904046547,nan,1.0509645947793231,nan,1.0512962737484997,nan,1.005131300935708,nan,1.0040030034616636,nan
y U z,3,-12.61711149833764,nan,-10.712102781212371,nan,-10.537521682397959,nan,1.0926312614459899,nan,1.0924615682386833,nan,1.005131300935708,nan,1.0040030034616636,nan
y x D,3,-12.314385962693677,nan,-13.813622933007487,nan,-13.95022034943841,nan,1.1202542810966278,nan,1.119798222917587,nan,1.0055451717012236,nan,1.0042665571305316,nan
z e C,3,-11.506153373847228,nan,-15.198252191371688,nan,-15.193325097757452,nan,1.0770947045956392,nan,1.0771244681191137,nan,1.0021502317985869,nan,1.001918617280093,nan
z e D,3,-11.658261152044686,nan,-inf,nan,-18.598803730813163,nan,1.0726075251084597,nan,1.0726912825586323,nan,1.0015092061575612,nan,1.0014804051854391,nan
z e S,3,-11.589268280557736,nan,-14.363149604078304,nan,-14.481859336673821,nan,1.0761331661341007,nan,1.0761744997847247,nan,1.0015092061575612,nan,1.0014804051854391,nan
z i C,3,-11.165226786876636,nan,-14.085745114384762,nan,-14.204342644103328,nan,1.0719634036599313,nan,1.0720513556153835,nan,1.0009615384615385,nan,1.0010866407123262,nan
z i D,3,-11.317334565074093,nan,-15.910319143909371,nan,-15.882600329068556,nan,1.0674762241727518,nan,1.0676181700549021,nan,1.0003205128205128,nan,1.0006484286176724,nan
z i T,3,-11.928243647397068,nan,-13.928864057434648,nan,-14.222928620515093,nan,1.0645916087881364,nan,1.0647682650517354,nan,1.0009615384615385,nan,1.0010866407123262,nan
z u f,3,-11.274153450704715,nan,-16.988817696574547,nan,-16.396876494576098,nan,1.0589437917194018,nan,1.0591762749866676,nan,1.0006036824630244,nan,1.0008497556163831,nan
z u g,3,-11.36818240035299,nan,-15.581065078641215,nan,-15.52706935576212,nan,1.0679181506937607,nan,1.06804264610763,nan,1.0022062465655885,nan,1.0019452858530176,nan
z u T,3,-12.686423298227865,nan,-15.905051916023432,nan,-15.8629439449232,nan,1.0470848173604275,nan,1.0474599988625382,nan,1.0009241952835373,nan,1.00106886166371,nan
