word,word_len,uni_prob,uni_prob_freq_weighted,bi_prob,bi_prob_freq_weighted,bi_prob_smoothed,bi_prob_freq_weighted_smoothed,pos_uni_score,pos_uni_score_freq_weighted,pos_uni_score_smoothed,pos_uni_score_freq_weighted_smoothed,pos_bi_score,pos_bi_score_freq_weighted,pos_bi_score_smoothed,pos_bi_score_freq_weighted_smoothed
f u T,3,-13.07114987464255,nan,-14.804386215635182,nan,-14.732624047280682,nan,1.07582118334851,nan,1.075854556968892,nan,1.000710012926429,nan,1.00085179729311,nan
g i T,3,-12.655857017699415,nan,-13.71949899497724,nan,-13.85788412847541,nan,1.0832032356829002,nan,1.0831876383983177,nan,1.0033357346651188,nan,1.0029476096607892,nan
z i T,3,-12.03876220033938,nan,-13.955300795834129,nan,-14.037013948777721,nan,1.109687570112535,nan,1.1094989023708026,nan,1.0017683365459966,nan,1.001695174369946,nan
y c g,3,-11.678308624625977,nan,-13.847925745297571,nan,-13.794698421936717,nan,1.0800782589952798,nan,1.0800770359669591,nan,1.0012592620464416,nan,1.0012861161559388,nan
l X z,3,-10.55211760385508,nan,-14.841661066473199,nan,-14.275240603984955,nan,1.087494653359027,nan,1.0874365931807684,nan,1.0026256564141036,nan,1.002352854872274,nan
J Y p,3,-13.093889951071633,nan,-12.914067833420694,nan,-12.722379707193747,nan,1.0635264893244047,nan,1.0636304929585942,nan,1.002049624213786,nan,1.0019016955768973,nan
C x z,3,-11.311809482313931,nan,-12.428195461760193,nan,-12.574880970249612,nan,1.1249781474898684,nan,1.1246733957466182,nan,1.0036705884935184,nan,1.003187811732836,nan
C e J,3,-14.03315650526077,nan,-14.654031041798273,nan,-14.764764339639823,nan,1.0680435245969455,nan,1.0681276752566475,nan,1.0017415534656915,nan,1.0016783339373982,nan
z i S,3,-11.712240294571336,nan,-15.477061825959353,nan,-15.016726507089373,nan,1.109875116999257,nan,1.109685122110095,nan,1.0013932427725531,nan,1.0014000149838775,nan
z u v,3,-11.222863847725858,nan,-16.743777544585125,nan,-15.862563126889988,nan,1.0983538850716301,nan,1.0982361521178918,nan,1.0003617022332907,nan,1.0005734783395892,nan
D Y p,3,-11.065049422685586,nan,-inf,nan,-13.81192915613371,nan,1.0924342269044636,nan,1.0923493235690844,nan,1.001875468867217,nan,1.001762536100137,nan
s X k,3,-10.006787616833767,nan,-11.75523751456109,nan,-11.783426996722902,nan,1.1264156481048573,nan,1.126092480558657,nan,1.0031615139939636,nan,1.0027787535188288,nan
b X s,3,-10.475210575094412,nan,-9.667557794294805,nan,-9.790698194030144,nan,1.1315232734619496,nan,1.1311612441588623,nan,1.0084933067122581,nan,1.007020899551831,nan
T x z,3,-11.609343851208724,nan,-12.966124495605602,nan,-13.132700805502264,nan,1.1173617375885354,nan,1.117106757741459,nan,1.0034964331469494,nan,1.0030486522560758,nan
S c G,3,-12.936044522743812,nan,-12.908969749605614,nan,-13.040473884711318,nan,1.0821415344644847,nan,1.0821244923782503,nan,1.0019424918925657,nan,1.0018343338467064,nan
J e J,3,-14.61507805071049,nan,-15.659074552930598,nan,-15.788883966786127,nan,1.059561613570461,nan,1.0597011920236294,nan,1.0005224660397074,nan,1.0007042176000756,nan
D x z,3,-9.864890499377607,nan,-10.020039791139268,nan,-10.111779334869485,nan,1.1454039740434427,nan,1.1449657431240903,nan,1.0146423753273743,nan,1.0119548587687393,nan
S Y p,3,-12.482980868748658,nan,-11.896670519005182,nan,-11.948438060346758,nan,1.0711428992257377,nan,1.0711971309637534,nan,1.0023979349069243,nan,1.002180014530418,nan
n W C,3,-12.74536348958673,nan,-14.76862291181313,nan,-14.70446125964952,nan,1.032150641259081,nan,1.0324708754875265,nan,1.0008707767328457,nan,1.0009825365535963,nan
l W C,3,-13.087368243777668,nan,-16.90707045706081,nan,-16.233068383794446,nan,1.0359588462097475,nan,1.036254194490106,nan,1.000174155346569,nan,1.0004258986465548,nan
S c d,3,-11.84732106620495,nan,-inf,nan,-14.476047273550785,nan,1.1033343326640346,nan,1.1031673229182875,nan,1.0015673981191222,nan,1.001539174460638,nan
g i J,3,-12.940244194254344,nan,-inf,nan,-15.963758927223402,nan,1.0824530481360135,nan,1.0824427594411483,nan,1.0029606408916754,nan,1.0026524502747207,nan
C u T,3,-14.05564885654324,nan,-14.895925200364063,nan,-14.852395259349315,nan,1.057299459270269,nan,1.0574538690927098,nan,1.00053585757986,nan,1.0007126378163496,nan
D i g,3,-10.9114036658683,nan,-14.657390318474045,nan,-14.111301501965535,nan,1.108001206423638,nan,1.1078171603916216,nan,1.002049624213786,nan,1.0019016955768973,nan
w u T,3,-12.821974484610394,nan,-inf,nan,-16.426940083051928,nan,1.072878479522995,nan,1.0729310831941714,nan,1.0001875468867216,nan,1.0004343188628289,nan
T c T,3,-14.2495647325503,nan,-inf,nan,-15.982554123423617,nan,1.0592615934302387,nan,1.0594028020218067,nan,1.0008707767328457,nan,1.0009825365535963,nan
g u T,3,-12.986889531024811,nan,-inf,nan,-16.5390994166454,nan,1.0647427689465714,nan,1.064848538052297,nan,1.0001875468867216,nan,1.0004343188628289,nan
f X s,3,-10.895221394204956,nan,-10.330512373070711,nan,-10.426950739481153,nan,1.129446070761586,nan,1.1290976156120007,nan,1.0057068211671518,nan,1.0047943479236652,nan
J Y m,3,-12.989943862806618,nan,-12.655430541060811,nan,-12.46785802860697,nan,1.070465724133107,nan,1.0705206233124118,nan,1.0026122648739508,nan,1.002344434656,nan
n X z,3,-10.210112849664142,nan,-inf,nan,-15.454683680942235,nan,1.0836864484083606,nan,1.0836532741781888,nan,1.0026256564141036,nan,1.002352854872274,nan
m X n,3,-10.366081711810459,nan,-inf,nan,-14.01230724776538,nan,1.158069030552079,nan,1.15751606081328,nan,1.0020630157539385,nan,1.0019101157931711,nan
C u S,3,-13.729126950775193,nan,-inf,nan,-16.525254998220912,nan,1.0574870061569908,nan,1.0576400888320021,nan,1.0003483106931383,nan,1.0005650581233152,nan
S e J,3,-14.004168968387518,nan,-15.180673739247773,nan,-15.238085871253348,nan,1.067178023471794,nan,1.0672678300287886,nan,1.0012190874259839,nan,1.0012608555071172,nan
T x S,3,-13.266210457213933,nan,-15.770155977735437,nan,-15.732642346745488,nan,1.0892297045802835,nan,1.0891737968476043,nan,1.0010583236195674,nan,1.0011301162466306,nan
v e D,3,-11.154919479830598,nan,-inf,nan,-15.404738708768068,nan,1.0953232045654058,nan,1.0952198452209887,nan,1.0010449320794148,nan,1.0011216960303566,nan
C x S,3,-12.968676088319143,nan,-15.232226943890028,nan,-15.174822511492835,nan,1.0968461144816164,nan,1.0967404348527634,nan,1.0012324789661364,nan,1.001269275723391,nan
n c T,3,-11.808509965291147,nan,-inf,nan,-15.895011043643313,nan,1.0696476069320562,nan,1.0697209447561145,nan,1.0031347962382444,nan,1.002791609751481,nan
s X p,3,-10.453781183638513,nan,-13.338122000012046,nan,-13.264069433772594,nan,1.0964081462293884,nan,1.0962973222718784,nan,1.0009109513533034,nan,1.001007797202418,nan
D i D,3,-10.533244008450401,nan,-16.13232908347839,nan,-15.472425406460719,nan,1.1125023317049585,nan,1.1122864341346383,nan,1.0009243428934558,nan,1.0010162174186918,nan
S c g,3,-12.556749132369031,nan,-12.496361480972535,nan,-12.65532877909411,nan,1.077827956069886,nan,1.0778414383745258,nan,1.0021300387792873,nan,1.0019819135397408,nan
C i S,3,-13.3980944374498,nan,-15.362424382694792,nan,-15.048012514376861,nan,1.0759474728933196,nan,1.0759791891780228,nan,1.0013932427725531,nan,1.0014000149838775,nan
g i D,3,-10.911403665868297,nan,-13.204384638898004,nan,-13.212879023922227,nan,1.0995198148276866,nan,1.0993887557167534,nan,1.003710828438562,nan,1.0032427690468577,nan
T c S,3,-13.923042826782254,nan,-14.931002051373161,nan,-14.947363661193002,nan,1.0594491403169606,nan,1.059589021761099,nan,1.0010583236195674,nan,1.0011301162466306,nan
z u T,3,-12.369794713664774,nan,-16.263325612123992,nan,-15.737399983935981,nan,1.0912271033762062,nan,1.091159802024782,nan,1.0003617022332907,nan,1.0005734783395892,nan
S Y m,3,-12.379034780483643,nan,-11.6380332266453,nan,-11.693916381759983,nan,1.07808213403444,nan,1.078087261317571,nan,1.0029605755670892,nan,1.0026227536095207,nan
D x v,3,-10.701348145211945,nan,-8.79960868425788,nan,-8.979222222857455,nan,1.1242111758438929,nan,1.123922912584053,nan,1.015392562874261,nan,1.0125451775408763,nan
t W C,3,-12.310451180152263,nan,-17.300995268430114,nan,-16.6043883726827,nan,1.048075861961868,nan,1.048292027680132,nan,1.000174155346569,nan,1.0004258986465548,nan
g Y b,3,-11.464638471559383,nan,-inf,nan,-15.224974894677645,nan,1.0781388818201398,nan,1.0781481069761532,nan,1.0007501875468867,nan,1.0008770579419315,nan
r c S,3,-11.678548439969312,nan,-15.031976039821746,nan,-14.882978552944607,nan,1.072777857644293,nan,1.0728306382701274,nan,1.0017549450058438,nan,1.0016867541536723,nan
d X s,3,-10.101532984423134,nan,-11.200066533627247,nan,-11.241674224638574,nan,1.1266764671611014,nan,1.126346110882852,nan,1.004661889087737,nan,1.0039593910631028,nan
S c z,3,-11.939654315008998,nan,-14.685748690975725,nan,-14.23081287208474,nan,1.094332082101394,nan,1.094228775432254,nan,1.0017549450058438,nan,1.0016867541536723,nan
y c d,3,-10.968880558461894,nan,-inf,nan,-15.615416916393391,nan,1.1055846355894283,nan,1.1054029205107208,nan,1.0006966213862765,nan,1.000843377076836,nan
J u S,3,-14.311048496224913,nan,-inf,nan,-15.693076635001589,nan,1.0490050951305063,nan,1.049213605598984,nan,1.0010449320794148,nan,1.0011216960303566,nan
h u S,3,-12.691139283923519,nan,-inf,nan,-15.109394455008278,nan,1.0744508282099594,nan,1.0744930552980383,nan,1.002264019505399,nan,1.0020958123676793,nan
g u S,3,-12.660367625256765,nan,-inf,nan,-18.211959155516993,nan,1.0649303158332932,nan,1.0650347577915893,nan,1,1,1.0002867391697945,1.0
y X z,3,-11.446205203412191,nan,-11.86813192523625,nan,-11.961156255271177,nan,1.0823016466081183,nan,1.0822775218136145,nan,1.0040188991866568,nan,1.003466130686357,nan
C e g,3,-12.382475634292621,nan,-12.55782563937813,nan,-12.71645371655516,nan,1.080609166007298,nan,1.080604397789236,nan,1.0017415534656915,nan,1.0016783339373982,nan
z i J,3,-12.32314937689431,nan,-inf,nan,-16.14288874752571,nan,1.1089373825656483,nan,1.1087540234136333,nan,1.0013932427725531,nan,1.0014000149838775,nan
m u S,3,-12.199241670043047,nan,-inf,nan,-14.930218450069251,nan,1.072373625509596,nan,1.0724294267511767,nan,1.0012190874259839,nan,1.0012608555071172,nan
D Y m,3,-10.96110333442057,nan,-inf,nan,-13.557407477546933,nan,1.0993734617131659,nan,1.099239453922902,nan,1.0024381095273818,nan,1.0022052751792396,nan
J e g,3,-12.964397179742342,nan,-13.562869150510453,nan,-13.740573343701465,nan,1.0721272549808136,nan,1.0721779145562178,nan,1.0005224660397074,nan,1.0007042176000756,nan
f u v,3,-11.924219008703634,nan,-15.284838148096314,nan,-14.857787190234689,nan,1.082947965043934,nan,1.082930907062002,nan,1.000710012926429,nan,1.00085179729311,nan
v X n,3,-11.04657049549848,nan,-10.948777046660531,nan,-11.048156681752435,nan,1.1533953244762611,nan,1.1528728965828414,nan,1.002759637140215,nan,1.0024667537002125,nan
g i C,3,-12.358322648804624,nan,-15.352034430604371,nan,-14.948528247494345,nan,1.0824530481360135,nan,1.0824427594411483,nan,1.0029606408916754,nan,1.0026524502747207,nan
C i D,3,-11.980162991386726,nan,-13.325548996490332,nan,-13.423294851512026,nan,1.092076505151384,nan,1.0919940867571662,nan,1.0021434303194399,nan,1.0019903337560145,nan
C Y z,3,-12.252053455210579,nan,-13.816853890174963,nan,-13.714344009314962,nan,1.08213593223386,nan,1.0821128421134,nan,1.0005224660397074,nan,1.0007042176000756,nan
d c T,3,-12.173842971972995,nan,-inf,nan,-15.1752249524189,nan,1.082630123809328,nan,1.0826186231739994,nan,1.002264019505399,nan,1.0020958123676793,nan
y X v,3,-12.28266284924653,nan,-inf,nan,-15.210625777933029,nan,1.0611088484085685,nan,1.0612346912735773,nan,1.0013932427725531,nan,1.0014000149838775,nan
z i g,3,-10.67246850592616,nan,-11.965247674750545,nan,-12.030884939729352,nan,1.1215030239760009,nan,1.1212307459462216,nan,1.00326871163977,nan,1.00287581191422,nan
S e g,3,-12.353488097419369,nan,-13.084468336827628,nan,-13.189775248168685,nan,1.0797436648821466,nan,1.079744552561377,nan,1.0012190874259839,nan,1.0012608555071172,nan
C e D,3,-12.004315976874723,nan,-inf,nan,-15.191938266686593,nan,1.0851102912886186,nan,1.0850736715322526,nan,1.0017415534656915,nan,1.0016783339373982,nan
n W T,3,-13.042897858481522,nan,-13.136087476185999,nan,-13.43149558383663,nan,1.0329008288059678,nan,1.0332157544446958,nan,1.0012458705062892,nan,1.0012776959396648,nan
T x J,3,-13.877119539536908,nan,-inf,nan,-17.26426969528999,nan,1.088291970146675,nan,1.0882426981511426,nan,1.0008707767328457,nan,1.0009825365535963,nan
T c g,3,-12.883271038137078,nan,-13.028625812598452,nan,-13.21428506232835,nan,1.0710770472937046,nan,1.0711346455972257,nan,1.0014334173930108,nan,1.0014252756326991,nan
n c G,3,-10.821511661252707,nan,-13.515165234359067,nan,-13.511887088165256,nan,1.0857766391901207,nan,1.0857358423352579,nan,1.0035098900116879,nan,1.0030867691375496,nan
s X n,3,-9.736199977741286,nan,-11.935439669709183,nan,-11.945371794723028,nan,1.168801244503957,nan,1.1681781416387313,nan,1.0024113264470769,nan,1.0021884347466918,nan
s X d,3,-10.101532984423134,nan,-11.773705618268576,nan,-11.797287597238938,nan,1.1155379286749998,nan,1.1152917356796996,nan,1.0025988733337985,nan,1.0023360144397262,nan
J e D,3,-12.586237522324444,nan,-inf,nan,-16.216057893832897,nan,1.0766283802621341,nan,1.0766471882992346,nan,1.0005224660397074,nan,1.0007042176000756,nan
b c T,3,-12.547520562644275,nan,-inf,nan,-14.940509556930099,nan,1.0874769301101763,nan,1.0874337564500096,nan,1.0020898641588296,nan,1.001956652890919,nan
y x z,3,-10.404381437697623,nan,-12.3221690260487,nan,-12.406283975344987,nan,1.1263629492901106,nan,1.1260491481111925,nan,1.0040188991866568,nan,1.003466130686357,nan
y c T,3,-13.044602319039196,nan,-inf,nan,-16.562967483031983,nan,1.068262805131814,nan,1.0683451923915401,nan,1.0006966213862765,nan,1.000843377076836,nan
k X n,3,-10.023034233270728,nan,-13.070925597556396,nan,-12.898132206378573,nan,1.1599731330274121,nan,1.1594077203145696,nan,1.0022371711005076,nan,1.0020492752699315,nan
D i C,3,-11.980162991386727,nan,-18.27997887518476,nan,-17.208074630032836,nan,1.0954355650132854,nan,1.0953404378590332,nan,1.000174155346569,nan,1.0004258986465548,nan
D x S,3,-11.521757105382818,nan,-12.824071273269103,nan,-12.711720876112707,nan,1.1172719410351908,nan,1.1170327822302355,nan,1.0122042657999923,nan,1.0100363227592941,nan
C x J,3,-13.579585170642115,nan,-inf,nan,-16.70644986003734,nan,1.0959083800480078,nan,1.0958093361563017,nan,1.0010449320794148,nan,1.0011216960303566,nan
z u S,3,-12.04327280789673,nan,-inf,nan,-17.410259722807577,nan,1.091414650262928,nan,1.0913460217640742,nan,1.000174155346569,nan,1.0004258986465548,nan
n c d,3,-9.732788204713845,nan,-inf,nan,-14.947460477004723,nan,1.1069694373896706,nan,1.106778672875295,nan,1.0031347962382444,nan,1.002791609751481,nan
y x J,3,-12.672157126025807,nan,-inf,nan,-16.537852865132713,nan,1.09729318184825,nan,1.097185088520876,nan,1.0013932427725531,nan,1.0014000149838775,nan
p u S,3,-12.303187758308063,nan,-inf,nan,-15.107027589998012,nan,1.076008730235232,nan,1.0760407767081843,nan,1.0027864855451063,nan,1.0025132907979604,nan
y X p,3,-11.706120153823523,nan,-12.858972918060518,nan,-12.857422990618598,nan,1.0721741147251476,nan,1.0722216558918267,nan,1.0019558834327182,nan,1.0018427540629804,nan
D Y v,3,-11.641592118108592,nan,-inf,nan,-15.605516155512717,nan,1.0813689605878845,nan,1.081362358950835,nan,1.0003750937734435,nan,1.000581898555863,nan
s X t,3,-9.30128766830682,nan,-11.529011679456193,nan,-11.542168565201088,nan,1.1862431049690734,nan,1.1854965773929214,nan,1.0044743422010154,nan,1.0038118113700685,nan
y c G,3,-12.057604015000756,nan,-14.260534013930652,nan,-14.179843527553924,nan,1.0843918373898784,nan,1.0843600899706836,nan,1.00107171515972,nan,1.0011385364629044,nan
z i C,3,-11.741227831444588,nan,-15.58783623146126,nan,-15.127658067796656,nan,1.1089373825656483,nan,1.1087540234136333,nan,1.0013932427725531,nan,1.0014000149838775,nan
S Y v,3,-13.059523564171664,nan,-13.767164199314768,nan,-13.742025059725766,nan,1.0600776329091586,nan,1.060210166345504,nan,1.0008975598131509,nan,1.000999376986144,nan
D i S,3,-11.951175454513475,nan,-18.169204469682853,nan,-17.097143069325554,nan,1.096373299446894,nan,1.096271536555495,nan,1.000174155346569,nan,1.0004258986465548,nan
S c S,3,-13.596520921014207,nan,-14.398737719747244,nan,-14.38840737795876,nan,1.066200049093142,nan,1.0662958145383992,nan,1.0017549450058438,nan,1.0016867541536723,nan
f X t,3,-10.476555701207452,nan,-10.52535354775459,nan,-10.60703253984826,nan,1.1791459957428314,nan,1.1784458465244776,nan,1.0055192742804302,nan,1.0046467682306308,nan
g i S,3,-12.329335111931371,nan,-15.241260025102465,nan,-14.837596686787062,nan,1.083390782569622,nan,1.08337385813761,nan,1.0029606408916754,nan,1.0026524502747207,nan
C u v,3,-12.908717990604321,nan,-15.3763771328252,nan,-14.97755840230332,nan,1.0644262409656928,nan,1.0645302191858197,nan,1.00053585757986,nan,1.0007126378163496,nan
t X t,3,-8.882621975309316,nan,-10.633126916192648,nan,-10.707411150438746,nan,1.1793190959678617,nan,1.1786178155700495,nan,1.0060417403201376,nan,1.0050642466609119,nan
S X z,3,-12.324645711155247,nan,-11.615179949579323,nan,-11.784597359937617,nan,1.0800513436827246,nan,1.0800419242211812,nan,1.0036705884935184,nan,1.003187811732836,nan
S x J,3,-13.550597633768863,nan,-inf,nan,-16.55116273222849,nan,1.0950428789228563,nan,1.0949494909284427,nan,1.0013932427725531,nan,1.0014000149838775,nan
S u T,3,-14.026661319669987,nan,-14.277435593510559,nan,-14.409426059088686,nan,1.0564339581451174,nan,1.0565940238648508,nan,1.000884168272998,nan,1.0009909567698703,nan
s X l,3,-10.078204731932225,nan,-12.121960116383635,nan,-12.143242303701223,nan,1.1245401792376406,nan,1.1242302831657331,nan,1.0033490608806852,nan,1.0029263332118632,nan
g u v,3,-11.839958665085893,nan,-inf,nan,-16.664262559599404,nan,1.0718695506419953,nan,1.0719248881454069,nan,1.0001875468867216,nan,1.0004343188628289,nan
w u v,3,-11.675043618671477,nan,-inf,nan,-16.552103226005933,nan,1.080005261218419,nan,1.0800074332872813,nan,1.0001875468867216,nan,1.0004343188628289,nan
C Y b,3,-12.53339779707781,nan,-13.245068853416871,nan,-13.250588664929781,nan,1.0706955721438374,nan,1.070753438016566,nan,1.0012726535865941,nan,1.0012945363722126,nan
z u b,3,-10.66775054375875,nan,-16.497010467855823,nan,-15.690297583880268,nan,1.1081063231811574,nan,1.107919578561095,nan,1.0003617022332907,nan,1.0005734783395892,nan
J Y z,3,-12.8339750006603,nan,-14.908908778296917,nan,-14.55614207966731,nan,1.0736540212073755,nan,1.073686358880382,nan,1.000174155346569,nan,1.0004258986465548,nan
D x d,3,-9.77255725057356,nan,-11.055902314654166,nan,-11.007601302476678,nan,1.1544062246060833,nan,1.1539042906101238,nan,1.0123918126867142,nan,1.0101839024523283,nan
f u S,3,-12.744627968874505,nan,-inf,nan,-16.405483786152278,nan,1.076008730235232,nan,1.0760407767081843,nan,1.0005224660397074,nan,1.0007042176000756,nan
S c T,3,-13.923042826782254,nan,-inf,nan,-15.423597840189375,nan,1.0660125022064202,nan,1.0661095947991068,nan,1.0015673981191222,nan,1.001539174460638,nan
l W T,3,-13.384902612672462,nan,-15.274535021433682,nan,-14.960102707981557,nan,1.0367090337566343,nan,1.0369990734472754,nan,1.0005492491200125,nan,1.0007210580326233,nan
D Y b,3,-11.086478814141486,nan,-inf,nan,-15.181936184222092,nan,1.0911213986974118,nan,1.091045785394038,nan,1.0007501875468867,nan,1.0008770579419315,nan
S Y b,3,-12.504410260204558,nan,-13.319726427123312,nan,-13.318445088435142,nan,1.0698300710186859,nan,1.069893592788707,nan,1.0012726535865941,nan,1.0012945363722126,nan
z i D,3,-10.294308848508262,nan,-13.440186439754891,nan,-13.392008844224538,nan,1.1260041492573214,nan,1.1257000196892384,nan,1.0021434303194399,nan,1.0019903337560145,nan
s X m,3,-10.349835095373498,nan,-12.268554491435834,nan,-12.291082766641583,nan,1.1033473810380907,nan,1.103187452625696,nan,1.0014735920134685,nan,1.0014505362815207,nan
h x s,3,-9.799908943539402,nan,-10.266319348727478,nan,-10.370803926275027,nan,1.1719494714183059,nan,1.1713215204994327,nan,1.0055326658205825,nan,1.0046551884469048,nan
T X z,3,-12.651167616923292,nan,-11.336514064988913,nan,-11.630203755294394,nan,1.0733004349065431,nan,1.073335131443881,nan,1.0038447438400875,nan,1.0033269712095967,nan
y x S,3,-12.061248043702832,nan,-15.126200508178536,nan,-15.00622551658821,nan,1.0982309162818586,nan,1.0981161872173377,nan,1.0015807896592748,nan,1.001547594676912,nan
g c T,3,-12.883271038137078,nan,-inf,nan,-14.532846311601723,nan,1.0743213130078741,nan,1.074364108986553,nan,1.0033089515848137,nan,1.0029307692282414,nan
n W d,3,-10.967176097904218,nan,-11.934168102668853,nan,-12.042112264919002,nan,1.0702226592635822,nan,1.0702734825638764,nan,1.0010583236195674,nan,1.0011301162466306,nan
S u v,3,-12.879730453731069,nan,-14.757887525971691,nan,-14.534589202042692,nan,1.0635607398405413,nan,1.0636703739579607,nan,1.000884168272998,nan,1.0009909567698703,nan
k X m,3,-10.636669350902938,nan,-13.404040419283046,nan,-13.243843178297128,nan,1.0945192695615458,nan,1.0944170313015342,nan,1.0012994366668992,nan,1.0013113768047603,nan
D x g,3,-10.481985316737642,nan,-9.567149371689084,nan,-9.71013095178455,nan,1.1288998480119348,nan,1.1285784060663622,nan,1.0140797346672092,nan,1.0115121196896364,nan
y c S,3,-12.718080413271153,nan,-15.75030198407228,nan,-15.52777702080137,nan,1.0684503520185358,nan,1.0685314121308325,nan,1.000884168272998,nan,1.0009909567698703,nan
C X z,3,-12.3536332480285,nan,-11.722843932666839,nan,-11.870891616259513,nan,1.080916844807876,nan,1.0809017694490402,nan,1.0034964331469494,nan,1.0030486522560758,nan
D i T,3,-12.277697360281518,nan,-16.64744343955763,nan,-16.117430511013904,nan,1.0961857525601721,nan,1.0960853168162026,nan,1.0005492491200125,nan,1.0007210580326233,nan
s X z,3,-10.193866233227181,nan,-12.34728100718778,nan,-12.367802698425173,nan,1.1065356781123592,nan,1.1063531881936661,nan,1.002973967107242,nan,1.0026311738257947,nan
S e D,3,-11.975328440001471,nan,-inf,nan,-15.66525979830012,nan,1.084244790163467,nan,1.0842138263043937,nan,1.0012190874259839,nan,1.0012608555071172,nan
d Y z,3,-10.47386606352807,nan,-13.533997105317356,nan,-13.444215386360161,nan,1.0978880527116164,nan,1.0977620252604336,nan,1.0012190874259839,nan,1.0012608555071172,nan
b A p,3,-10.9713264302861,nan,-10.764088952374033,nan,-10.867904933960958,nan,1.0974836768334297,nan,1.0973655832720957,nan,1.0031883623988547,nan,1.0028252906165767,nan
b i l,3,-10.2210565291384,nan,-10.283199175606239,nan,-10.384244029553038,nan,1.1426829338054576,nan,1.1422535614669884,nan,1.0073546338517754,nan,1.0061270011773518,nan
b i s,3,-9.8628051585105,nan,-9.850483226566677,nan,-9.94913017832316,nan,1.154685934555645,nan,1.1541716247816998,nan,1.0082923682853837,nan,1.006864899642523,nan
b X s,3,-10.475210575094412,nan,-9.667557794294805,nan,-9.790698194030144,nan,1.1315232734619496,nan,1.1311612441588623,nan,1.0084933067122581,nan,1.007020899551831,nan
b Y s,3,-10.373630782276493,nan,-10.199462732540283,nan,-10.302451383895843,nan,1.1327423608879335,nan,1.1323723168232223,nan,1.0055996888459315,nan,1.004726986193474,nan
b x l,3,-9.791638180007743,nan,-9.053582671163424,nan,-9.170585477754539,nan,1.1635815753937544,nan,1.163014807141729,nan,1.01371783646016,nan,1.0111362905242418,nan
C A l,3,-12.000259779591042,nan,-12.469204184085395,nan,-12.573973767554207,nan,1.1050167830630773,nan,1.1048342277429066,nan,1.00160757273958,nan,1.0015644351094595,nan
C i D,3,-11.980162991386726,nan,-13.325548996490332,nan,-13.423294851512026,nan,1.092076505151384,nan,1.0919940867571662,nan,1.0021434303194399,nan,1.0019903337560145,nan
C i n,3,-11.283561575958693,nan,-10.646928516659468,nan,-10.83522023151026,nan,1.1663450722931694,nan,1.1657371035169428,nan,1.0064570087140385,nan,1.0053846666958022,nan
C X J,3,-14.621408936356683,nan,-15.547383151626576,nan,-15.309313325487295,nan,1.0518470773660156,nan,1.0520377098587237,nan,1.0008707767328457,nan,1.0009825365535963,nan
C X g,3,-12.970728065388535,nan,-inf,nan,-14.934979135974304,nan,1.0644127187763681,nan,1.064514432391312,nan,1.0008707767328457,nan,1.0009825365535963,nan
C X T,3,-14.337021759801754,nan,-13.698261565231393,nan,-13.89658570729925,nan,1.0525972649129023,nan,1.052782588815893,nan,1.0010583236195674,nan,1.0011301162466306,nan
C x J,3,-13.579585170642115,nan,-inf,nan,-16.70644986003734,nan,1.0959083800480078,nan,1.0958093361563017,nan,1.0010449320794148,nan,1.0011216960303566,nan
C x n,3,-10.854143226828036,nan,-9.912219970011389,nan,-10.082670435779368,nan,1.1872437138814662,nan,1.1864983491916834,nan,1.0246758398063465,nan,1.0197167373526708,nan
C x S,3,-12.968676088319143,nan,-15.232226943890028,nan,-15.174822511492835,nan,1.0968461144816164,nan,1.0967404348527634,nan,1.0012324789661364,nan,1.001269275723391,nan
C x C,3,-12.997663625192395,nan,-14.937536241283771,nan,-14.998071999748337,nan,1.0959083800480078,nan,1.0958093361563017,nan,1.0014200258528583,nan,1.0014168554164251,nan
d i k,3,-9.775961823368663,nan,-11.335597366793975,nan,-11.398257896155801,nan,1.139711596371826,nan,1.139300625583902,nan,1.0034562585264917,nan,1.0030233916072542,nan
d i s,3,-9.489127567839223,nan,-11.029712610961525,nan,-11.091063009480438,nan,1.1498391282547968,nan,1.1493564915056895,nan,1.0053317273937084,nan,1.0044991885375967,nan
d i t,3,-9.070461874841717,nan,-9.899433647894668,nan,-9.969591677182745,nan,1.1995390532360422,nan,1.1987047224181664,nan,1.0107705871086372,nan,1.0087789996355896,nan
d E p,3,-10.920658387269215,nan,-inf,nan,-16.31025975216954,nan,1.0849740352835393,nan,1.0849379932486805,nan,1,1,1.0002867391697945,1.0
d X s,3,-10.101532984423134,nan,-11.200066533627247,nan,-11.241674224638574,nan,1.1266764671611014,nan,1.126346110882852,nan,1.004661889087737,nan,1.0039593910631028,nan
D i D,3,-10.533244008450401,nan,-16.13232908347839,nan,-15.472425406460719,nan,1.1125023317049585,nan,1.1122864341346383,nan,1.0009243428934558,nan,1.0010162174186918,nan
D i g,3,-10.9114036658683,nan,-14.657390318474045,nan,-14.111301501965535,nan,1.108001206423638,nan,1.1078171603916216,nan,1.002049624213786,nan,1.0019016955768973,nan
D i C,3,-11.980162991386727,nan,-18.27997887518476,nan,-17.208074630032836,nan,1.0954355650132854,nan,1.0953404378590332,nan,1.000174155346569,nan,1.0004258986465548,nan
d I J,3,-11.984311226862879,nan,-inf,nan,-15.357117416736841,nan,1.1102672577532111,nan,1.1100744362583526,nan,1.0040055729710902,nan,1.003487407135283,nan
d I D,3,-9.955470698476832,nan,-12.163482894414205,nan,-12.200772405327502,nan,1.1273340244448842,nan,1.1270204325339577,nan,1.0043806667445336,nan,1.0037825665213516,nan
d Y p,3,-10.733781013939401,nan,-11.539156160441133,nan,-11.610453013886596,nan,1.0877605208286456,nan,1.087706159338646,nan,1.0030945562932008,nan,1.0027366524374597,nan
d Y t,3,-9.581287498607708,nan,-10.803340320569099,nan,-10.852852096375607,nan,1.1775954795683305,nan,1.1769054144596889,nan,1.0074081346877992,nan,1.006130985377247,nan
d I T,3,-11.69992405030795,nan,-inf,nan,-14.86068053042295,nan,1.1110174453000978,nan,1.110819315215522,nan,1.0040055729710902,nan,1.003487407135283,nan
d I Z,3,-14.928750206029319,nan,-inf,nan,-16.6759704970612,nan,1.1093295233196028,nan,1.1091433375618907,nan,1.0040055729710902,nan,1.003487407135283,nan
f i k,3,-10.569650233150487,nan,-10.97686883000343,nan,-11.073082636317087,nan,1.1424811999723108,nan,1.1420521303130506,nan,1.0048495012990448,nan,1.004136667421337,nan
f i s,3,-10.282815977621045,nan,-10.670984074170981,nan,-10.765887749641724,nan,1.1526087318552816,nan,1.1521079962348382,nan,1.0067249701662615,nan,1.0056124643516795,nan
f X s,3,-10.895221394204956,nan,-10.330512373070711,nan,-10.426950739481153,nan,1.129446070761586,nan,1.1290976156120007,nan,1.0057068211671518,nan,1.0047943479236652,nan
f X t,3,-10.476555701207452,nan,-10.52535354775459,nan,-10.60703253984826,nan,1.1791459957428314,nan,1.1784458465244776,nan,1.0055192742804302,nan,1.0046467682306308,nan
f Y k,3,-11.080475856916477,nan,-9.8366118400636,nan,-9.973142952428162,nan,1.1205376263045992,nan,1.1202528223545731,nan,1.007301002366579,nan,1.0060636236470561,nan
f x l,3,-10.211648999118287,nan,-9.723009764444948,nan,-9.845077976479827,nan,1.161504372693391,nan,1.1609511785948674,nan,1.0119762829944687,nan,1.009744695756638,nan
g e s,3,-10.222708619491302,nan,-13.31776524519259,nan,-12.778255735719561,nan,1.1345641035905774,nan,1.1341815620933295,nan,1.0061756557216628,nan,1.0051484488236506,nan
g W d,3,-12.041937170750149,nan,-inf,nan,-13.546221739194516,nan,1.0748963653394001,nan,1.074916646794315,nan,1.0001875468867216,nan,1.0004343188628289,nan
g W r,3,-11.873164544514509,nan,-inf,nan,-16.29362898529378,nan,1.0910253975974646,nan,1.0909315443734584,nan,1,1,1.0002867391697945,1.0
g W z,3,-12.134270419554197,nan,-inf,nan,-14.841432378675623,nan,1.0658941147767595,nan,1.0659780993082815,nan,1.0001875468867216,nan,1.0004343188628289,nan
g i C,3,-12.358322648804624,nan,-15.352034430604371,nan,-14.948528247494345,nan,1.0824530481360135,nan,1.0824427594411483,nan,1.0029606408916754,nan,1.0026524502747207,nan
g i J,3,-12.940244194254344,nan,-inf,nan,-15.963758927223402,nan,1.0824530481360135,nan,1.0824427594411483,nan,1.0029606408916754,nan,1.0026524502747207,nan
g i D,3,-10.911403665868297,nan,-13.204384638898004,nan,-13.212879023922227,nan,1.0995198148276866,nan,1.0993887557167534,nan,1.003710828438562,nan,1.0032427690468577,nan
g X g,3,-11.901968739870107,nan,-inf,nan,-14.27030803610691,nan,1.0718560284526706,nan,1.0719091013508992,nan,1.0020898641588296,nan,1.001956652890919,nan
g u v,3,-11.839958665085893,nan,-inf,nan,-16.664262559599404,nan,1.0718695506419953,nan,1.0719248881454069,nan,1.0001875468867216,nan,1.0004343188628289,nan
h e s,3,-10.253480278158055,nan,-10.498404522939612,nan,-10.576477580549033,nan,1.1440846159672435,nan,1.1436398595997785,nan,1.007568898494216,nan,1.0062617246377337,nan
h e n,3,-10.269726894595015,nan,-10.84537863145744,nan,-10.916905159035949,nan,1.1763426804833725,nan,1.1756696547580654,nan,1.0030677732128956,nan,1.002719812004912,nan
h i n,3,-10.24557390910702,nan,-9.092697797934056,nan,-9.230117688659098,nan,1.183308894346138,nan,1.182590069982979,nan,1.0125524458439583,nan,1.010255248382415,nan
h Y s,3,-10.740152916436049,nan,-9.76790812810987,nan,-9.90535772230738,nan,1.1291072561622975,nan,1.1287609668662146,nan,1.0066446209253463,nan,1.0055619430540361,nan
h x s,3,-9.799908943539402,nan,-10.266319348727478,nan,-10.370803926275027,nan,1.1719494714183059,nan,1.1713215204994327,nan,1.0055326658205825,nan,1.0046551884469048,nan
J X T,3,-14.918943305251478,nan,-inf,nan,-15.83699606631971,nan,1.0441153538864179,nan,1.044356105582875,nan,1.0001875468867216,nan,1.0004343188628289,nan
J x n,3,-11.436064772277758,nan,-10.465278357400656,nan,-10.701324954817508,nan,1.1787618028549818,nan,1.1780718659586653,nan,1.024153373766639,nan,1.0192992589223897,nan
k e d,3,-9.80011480885666,nan,-10.093140313930476,nan,-10.183781666085016,nan,1.1229062644293848,nan,1.1226112797534618,nan,1.0041796629930733,nan,1.0035968699468434,nan
k X m,3,-10.636669350902938,nan,-13.404040419283046,nan,-13.243843178297128,nan,1.0945192695615458,nan,1.0944170313015342,nan,1.0012994366668992,nan,1.0013113768047603,nan
l e l,3,-9.84820367146421,nan,-11.564903396841803,nan,-11.63334333918718,nan,1.1216956017152384,nan,1.1214036535507592,nan,1.0029204009466317,nan,1.002597492960699,nan
m A b,3,-10.867380342021086,nan,-13.050333967758592,nan,-13.010580870097975,nan,1.0904585412003784,nan,1.09038706659318,nan,1.0024515663921205,nan,1.0022433920607137,nan
m e p,3,-10.495410486611771,nan,-11.834306241971673,nan,-11.89608414307131,nan,1.1018723795084404,nan,1.1017252068443508,nan,1.002974032431828,nan,1.0026608704909947,nan
m A v,3,-11.422493645988192,nan,-11.610702090917668,nan,-11.742484830717526,nan,1.0807061030908511,nan,1.080703640149977,nan,1.0043270352593374,nan,1.003719188991056,nan
m A z,3,-10.586036000153854,nan,-11.958192906798514,nan,-12.007999145689729,nan,1.101898901290401,nan,1.1017464706900142,nan,1.0024515663921205,nan,1.0022433920607137,nan
m X n,3,-10.366081711810459,nan,-inf,nan,-14.01230724776538,nan,1.158069030552079,nan,1.15751606081328,nan,1.0020630157539385,nan,1.0019101157931711,nan
m X s,3,-10.349835095373498,nan,-inf,nan,-13.429022217876334,nan,1.12581096603595,nan,1.125486265654993,nan,1.0043135783945987,nan,1.0036810721095821,nan
m Y d,3,-10.629834925674386,nan,-9.044984208784584,nan,-9.18583720245042,nan,1.1060248021491057,nan,1.1058407275186082,nan,1.0095114557113676,nan,1.0078390159798454,nan
m x b,3,-10.063268543449016,nan,-10.622324714712438,nan,-10.733918141455328,nan,1.128424406752451,nan,1.1281033295689586,nan,1.0058408018932632,nan,1.0049082467516037,nan
n e s,3,-9.147947546645371,nan,-12.792161701810095,nan,-12.729433494050888,nan,1.1298903975147594,nan,1.129538397862891,nan,1.006349811068232,nan,1.005287608300411,nan
n e n,3,-9.164194163082332,nan,-13.139135810327918,nan,-13.069861072537801,nan,1.1621484620308884,nan,1.1615681930211779,nan,1.0018486857869118,nan,1.0017456956675892,nan
n c d,3,-9.732788204713845,nan,-inf,nan,-14.947460477004723,nan,1.1069694373896706,nan,1.106778672875295,nan,1.0031347962382444,nan,1.002791609751481,nan
n W d,3,-10.967176097904218,nan,-11.934168102668853,nan,-12.042112264919002,nan,1.0702226592635822,nan,1.0702734825638764,nan,1.0010583236195674,nan,1.0011301162466306,nan
n c G,3,-10.821511661252707,nan,-13.515165234359067,nan,-13.511887088165256,nan,1.0857766391901207,nan,1.0857358423352579,nan,1.0035098900116879,nan,1.0030867691375496,nan
n i n,3,-9.140041177594336,nan,-10.642014501857041,nan,-10.713603540127837,nan,1.169114675893654,nan,1.1684886082460915,nan,1.007153630100315,nan,1.0059413046028436,nan
p e k,3,-10.15236300807204,nan,-10.318437586279618,nan,-10.395965053981785,nan,1.1355149861095453,nan,1.135131715088137,nan,1.009698871948917,nan,1.0079272023424795,nan
p e m,3,-10.495410486611771,nan,-11.337055310988383,nan,-11.41098023968997,nan,1.1124467190427787,nan,1.112226687155176,nan,1.0020094495933283,nan,1.0018764349280758,nan
p e p,3,-10.599356574876786,nan,-11.917237527036473,nan,-11.9701335490423,nan,1.1055074842340764,nan,1.1053365568013584,nan,1.000884168272998,nan,1.0009909567698703,nan
p i m,3,-10.471257501123775,nan,-11.456518476280705,nan,-11.526469613874472,nan,1.1194129329055442,nan,1.1191471023800896,nan,1.0040859222120055,nan,1.0035379284329262,nan
p X b,3,-11.2090383974286,nan,-11.424101116220694,nan,-11.526393862970105,nan,1.0879982087960947,nan,1.0879430532283882,nan,1.0024783494724256,nan,1.0022602324932615,nan
p X d,3,-10.835360806757322,nan,-10.181868279952255,nan,-10.299042910782164,nan,1.1084408194487578,nan,1.1082410048112559,nan,1.0041662714529207,nan,1.0035884497305696,nan
p X v,3,-11.764151701395708,nan,-inf,nan,-14.119027534630252,nan,1.0782457706865674,nan,1.0782596267851852,nan,1.0019157088122606,nan,1.0018174934141586,nan
r e m,3,-9.974389661160753,nan,-11.39494538648143,nan,-11.477166623183583,nan,1.099637302390537,nan,1.099500977782863,nan,1.002880226326174,nan,1.0025722323118778,nan
r i g,3,-10.411362630886472,nan,-11.370281677909132,nan,-11.475433977677108,nan,1.093287687296063,nan,1.0931997915180187,nan,1.0048361097588923,nan,1.0041282472050632,nan
r i s,3,-9.320354941603583,nan,-10.687659613431173,nan,-10.758454321749065,nan,1.13979931520304,nan,1.1393822868625252,nan,1.0068991255128306,nan,1.0057516238284399,nan
r i t,3,-8.901689248606079,nan,-9.557380650364315,nan,-9.636982989451372,nan,1.1894992401842852,nan,1.188730517775002,nan,1.0123379852277594,nan,1.0100314349264328,nan
r i z,3,-9.794267813526439,nan,-10.119250793096883,nan,-10.221915259147869,nan,1.109791813327571,nan,1.1095871285757468,nan,1.0117753445675943,nan,1.0095886958473301,nan
r E p,3,-10.751885761033577,nan,-13.44164375441798,nan,-13.19542582435011,nan,1.0749342222317824,nan,1.0749637886055161,nan,1.002438174851968,nan,1.0022349718444397,nan
r I D,3,-9.786698072241194,nan,-12.745100736055631,nan,-12.772079811389887,nan,1.1172942113931272,nan,1.1170462278907933,nan,1.0036840453582572,nan,1.00322592861431,nan
r I S,3,-11.204629518304266,nan,-13.288051096947838,nan,-13.415968221242995,nan,1.1011651791350627,nan,1.10103133031165,nan,1.0038715922449788,nan,1.0033735083073443,nan
r I T,3,-11.531151424072311,nan,-inf,nan,-15.431987936485333,nan,1.1009776322483409,nan,1.1008451105723576,nan,1.0033089515848137,nan,1.0029307692282414,nan
r I Z,3,-14.75997757979368,nan,-inf,nan,-17.24727790312358,nan,1.0992897102678458,nan,1.0991691329187263,nan,1.0033089515848137,nan,1.0029307692282414,nan
r I z,3,-9.547762912299055,nan,-10.023803991938431,nan,-10.12016579356823,nan,1.1292972121433147,nan,1.1289642912055047,nan,1.0115610146005676,nan,1.009424275721748,nan
r x l,3,-9.249187963100825,nan,-10.04571651482512,nan,-10.13249657903152,nan,1.1486949560411492,nan,1.1482254692225544,nan,1.0140661471532983,nan,1.0114146094777625,nan
s i g,3,-10.198555634003306,nan,-11.04294340885574,nan,-11.142934704912928,nan,1.1131942131745467,nan,1.1129762317587755,nan,1.005881041838307,nan,1.0049632040656256,nan
s i v,3,-10.417918462477608,nan,-12.26068549390509,nan,-12.293397603903575,nan,1.1085055410065048,nan,1.1083207382764664,nan,1.0043806667445336,nan,1.0037825665213516,nan
s X d,3,-10.101532984423134,nan,-11.773705618268576,nan,-11.797287597238938,nan,1.1155379286749998,nan,1.1152917356796996,nan,1.0025988733337985,nan,1.0023360144397262,nan
s X g,3,-10.810961050587217,nan,-inf,nan,-15.431890218139964,nan,1.0900315520808512,nan,1.089965851135938,nan,1.0003483106931383,nan,1.0005650581233152,nan
s X k,3,-10.006787616833767,nan,-11.75523751456109,nan,-11.783426996722902,nan,1.1264156481048573,nan,1.126092480558657,nan,1.0031615139939636,nan,1.0027787535188288,nan
s X m,3,-10.349835095373498,nan,-12.268554491435834,nan,-12.291082766641583,nan,1.1033473810380907,nan,1.103187452625696,nan,1.0014735920134685,nan,1.0014505362815207,nan
S x J,3,-13.550597633768863,nan,-inf,nan,-16.55116273222849,nan,1.0950428789228563,nan,1.0949494909284427,nan,1.0013932427725531,nan,1.0014000149838775,nan
S x C,3,-12.968676088319143,nan,-14.760879386709306,nan,-14.84278487193949,nan,1.0950428789228563,nan,1.0949494909284427,nan,1.0017683365459966,nan,1.001695174369946,nan
s Y b,3,-10.373630782276493,nan,-14.968118216605921,nan,-14.641317623117537,nan,1.0963144054483205,nan,1.096204856761192,nan,1.0007501875468867,nan,1.0008770579419315,nan
s Y v,3,-10.928744086243599,nan,-15.415555988797378,nan,-15.064897594408162,nan,1.0865619673387932,nan,1.0865214303179889,nan,1.0003750937734435,nan,1.000581898555863,nan
s x J,3,-11.419818155840797,nan,-inf,nan,-15.669430582277045,nan,1.121527213352491,nan,1.1212607549009277,nan,1.0043538836642285,nan,1.0037657260888038,nan
s x g,3,-9.769137284872649,nan,-11.034106827055243,nan,-11.136213309404381,nan,1.1340928547628435,nan,1.133737477433516,nan,1.006416899418167,nan,1.0053891027121804,nan
s x S,3,-10.808909073517825,nan,-14.291028728635261,nan,-14.13780323373254,nan,1.1224649477860995,nan,1.1221918535973894,nan,1.0045414305509501,nan,1.0039133057818381,nan
t e s,3,-8.713035237210907,nan,-10.095209563365987,nan,-10.165918580924679,nan,1.1458156182175463,nan,1.1453595500554965,nan,1.0108778500790296,nan,1.0089057546961806,nan
t E m,3,-10.016466982887888,nan,-13.872866034353564,nan,-13.702793026132127,nan,1.0948559739177566,nan,1.0947515973772186,nan,1.0012994366668992,nan,1.0013113768047603,nan
t X t,3,-8.882621975309316,nan,-10.633126916192648,nan,-10.707411150438746,nan,1.1793190959678617,nan,1.1786178155700495,nan,1.0060417403201376,nan,1.0050642466609119,nan
T i n,3,-11.581095944853486,nan,-11.829214566895391,nan,-11.91628821052746,nan,1.1587286623918365,nan,1.1581704655117837,nan,1.0055862319811928,nan,1.0046888693120002,nan
T X T,3,-14.634556128696548,nan,-13.311931697553467,nan,-13.65589784633413,nan,1.0449808550115693,nan,1.045215950810734,nan,1.0014066343127055,nan,1.0014084352001515,nan
T x J,3,-13.877119539536908,nan,-inf,nan,-17.26426969528999,nan,1.088291970146675,nan,1.0882426981511426,nan,1.0008707767328457,nan,1.0009825365535963,nan
T x S,3,-13.266210457213933,nan,-15.770155977735437,nan,-15.732642346745488,nan,1.0892297045802835,nan,1.0891737968476043,nan,1.0010583236195674,nan,1.0011301162466306,nan
T x C,3,-13.295197994087186,nan,-15.47546527512918,nan,-15.555891835000988,nan,1.088291970146675,nan,1.0882426981511426,nan,1.0012458705062892,nan,1.0012776959396648,nan
t Y s,3,-9.199707875488901,nan,-12.159774746628084,nan,-12.17159638028113,nan,1.1308382584126002,nan,1.1304806573219326,nan,1.004032290726809,nan,1.0034745509026308,nan
t x l,3,-8.617715273220151,nan,-9.340835094138571,nan,-9.420813817751181,nan,1.1616774729184212,nan,1.1611231476404393,nan,1.011105506261623,nan,1.0090488983728363,nan
v e t,3,-10.023405754968099,nan,-10.699818571411,nan,-10.782501810756381,nan,1.1870336321723074,nan,1.1862812977349553,nan,1.0034830416067966,nan,1.0030402320398017,nan
v i n,3,-10.43416507891457,nan,-10.955377292839646,nan,-11.022702865607446,nan,1.1765579855699566,nan,1.1758832772056789,nan,1.0061086980209002,nan,1.0051063477422812,nan
v X n,3,-11.04657049549848,nan,-10.948777046660531,nan,-11.048156681752435,nan,1.1533953244762611,nan,1.1528728965828414,nan,1.002759637140215,nan,1.0024667537002125,nan
v e D,3,-11.154919479830598,nan,-inf,nan,-15.404738708768068,nan,1.0953232045654058,nan,1.0952198452209887,nan,1.0010449320794148,nan,1.0011216960303566,nan
v Y k,3,-11.21557834177304,nan,-12.721506250760658,nan,-12.238141405296297,nan,1.1122288155031452,nan,1.111998308167127,nan,1.004862827514611,nan,1.004115390972411,nan
v Y r,3,-11.141551083126767,nan,-13.981721308906733,nan,-13.444480745145865,nan,1.1174801283313522,nan,1.117212460867313,nan,1.0009243428934558,nan,1.0010162174186918,nan
v Y t,3,-10.510078393246093,nan,-12.611041205931379,nan,-12.108971049645364,nan,1.1720562723673613,nan,1.1714024050013914,nan,1.0063632026083844,nan,1.0052960285166848,nan
w e s,3,-10.057793573076884,nan,-9.48016809284168,nan,-9.598043466992475,nan,1.142699814167001,nan,1.142264107235204,nan,1.0093104519599074,nan,1.0076533194053372,nan
w x J,3,-12.345910798709271,nan,-inf,nan,-14.795915818097097,nan,1.111487400300734,nan,1.1112865502577634,nan,1.008881922675026,nan,1.0073838724845732,nan
w x S,3,-11.735001716386297,nan,-13.367695342518568,nan,-13.264288469552593,nan,1.1124251347343426,nan,1.112217648954225,nan,1.0090694695617477,nan,1.0075314521776075,nan
w x C,3,-11.763989253259549,nan,-13.07300463991231,nan,-13.087537957808092,nan,1.111487400300734,nan,1.1112865502577634,nan,1.0092570164484695,nan,1.0076790318706417,nan
y c d,3,-10.968880558461894,nan,-inf,nan,-15.615416916393391,nan,1.1055846355894283,nan,1.1054029205107208,nan,1.0006966213862765,nan,1.000843377076836,nan
y c g,3,-11.678308624625977,nan,-13.847925745297571,nan,-13.794698421936717,nan,1.0800782589952798,nan,1.0800770359669591,nan,1.0012592620464416,nan,1.0012861161559388,nan
y c G,3,-12.057604015000756,nan,-14.260534013930652,nan,-14.179843527553924,nan,1.0843918373898784,nan,1.0843600899706836,nan,1.00107171515972,nan,1.0011385364629044,nan
y X C,3,-13.132059346290653,nan,-15.476084993427937,nan,-15.077494465329845,nan,1.0532318791662578,nan,1.053413462223298,nan,1.0013932427725531,nan,1.0014000149838775,nan
y X g,3,-12.063300020772225,nan,-inf,nan,-15.025243774985968,nan,1.0657975205766104,nan,1.0658901847558864,nan,1.0013932427725531,nan,1.0014000149838775,nan
y X T,3,-13.429593715185447,nan,-13.843549557800804,nan,-13.986850346310915,nan,1.0539820667131445,nan,1.0541583411804674,nan,1.0015807896592748,nan,1.001547594676912,nan
y X v,3,-12.28266284924653,nan,-inf,nan,-15.210625777933029,nan,1.0611088484085685,nan,1.0612346912735773,nan,1.0013932427725531,nan,1.0014000149838775,nan
y x J,3,-12.672157126025807,nan,-inf,nan,-16.537852865132713,nan,1.09729318184825,nan,1.097185088520876,nan,1.0013932427725531,nan,1.0014000149838775,nan
y x S,3,-12.061248043702832,nan,-15.126200508178536,nan,-15.00622551658821,nan,1.0982309162818586,nan,1.0981161872173377,nan,1.0015807896592748,nan,1.001547594676912,nan
y x C,3,-12.090235580576085,nan,-14.831509805572278,nan,-14.829475004843712,nan,1.09729318184825,nan,1.097185088520876,nan,1.0017683365459966,nan,1.001695174369946,nan
b O n,3,-12.727148049695389,nan,-11.00069749765495,nan,-11.341055491347705,nan,1.1340007737147557,nan,1.1336062642306441,nan,1.0005224660397074,nan,1.0007042176000756,nan
b O r,3,-12.923708430141597,nan,-inf,nan,-12.91075912278172,nan,1.096866490143863,nan,1.0967347558507559,nan,1.0005224660397074,nan,1.0007042176000756,nan
b O s,3,-12.710901433258428,nan,-10.828609967443562,nan,-11.209172664753847,nan,1.1017427091986267,nan,1.1015764690723573,nan,1.0008975598131509,nan,1.000999376986144,nan
b U n,3,-11.406700254373083,nan,-inf,nan,-13.19561586181479,nan,1.1472365800540103,nan,1.1467550531579798,nan,1.0019157088122606,nan,1.0018174934141586,nan
b u r,3,-10.406644668719064,nan,-10.69882323821467,nan,-10.778172425716742,nan,1.1313492487645525,nan,1.1309908112140776,nan,1.0045815398468216,nan,1.0039088697654597,nan
b U s,3,-11.390453637936123,nan,-inf,nan,-13.246054592014888,nan,1.1149785155378813,nan,1.114725257999693,nan,1.0019157088122606,nan,1.0018174934141586,nan
b W r,3,-11.537414069021706,nan,-inf,nan,-14.597158076351947,nan,1.1041810146997668,nan,1.104001191836915,nan,1.0005224660397074,nan,1.0007042176000756,nan
C e D,3,-12.004315976874723,nan,-inf,nan,-15.191938266686593,nan,1.0851102912886186,nan,1.0850736715322526,nan,1.0017415534656915,nan,1.0016783339373982,nan
C i D,3,-11.980162991386726,nan,-13.325548996490332,nan,-13.423294851512026,nan,1.092076505151384,nan,1.0919940867571662,nan,1.0021434303194399,nan,1.0019903337560145,nan
C O b,3,-14.870668448059746,nan,-inf,nan,-13.671802130006085,nan,1.0396959204545306,nan,1.039957590265701,nan,1.0003750937734435,nan,1.000581898555863,nan
C O g,3,-15.206418923552548,nan,-inf,nan,-13.881829221382953,nan,1.0346321545130452,nan,1.034929657304807,nan,1.0001875468867216,nan,1.0004343188628289,nan
C O v,3,-15.425781752026852,nan,-inf,nan,-15.165823512998124,nan,1.0299434823450033,nan,1.030274163822498,nan,1,1,1.0002867391697945,1.0
C u D,3,-12.31119550471212,nan,-13.84181434355214,nan,-13.72188233901443,nan,1.0736160384150553,nan,1.0736549864111455,nan,1.0007234044665818,nan,1.0008602175093837,nan
C u S,3,-13.729126950775193,nan,-inf,nan,-16.525254998220912,nan,1.0574870061569908,nan,1.0576400888320021,nan,1.0003483106931383,nan,1.0005650581233152,nan
C u T,3,-14.05564885654324,nan,-14.895925200364063,nan,-14.852395259349315,nan,1.057299459270269,nan,1.0574538690927098,nan,1.00053585757986,nan,1.0007126378163496,nan
D e C,3,-12.004315976874722,nan,-13.91202046784308,nan,-13.521396929849704,nan,1.08846935115052,nan,1.0884200226341196,nan,1.0073145245559039,nan,1.00613143719373,nan
D e D,3,-10.557396993938397,nan,-inf,nan,-13.865189247957424,nan,1.105536117842193,nan,1.1053660189097247,nan,1.0073145245559039,nan,1.00613143719373,nan
D e J,3,-12.586237522324444,nan,-13.435459438051186,nan,-13.438015320910653,nan,1.08846935115052,nan,1.0884200226341196,nan,1.0073145245559039,nan,1.00613143719373,nan
D e S,3,-11.97532844000147,nan,-inf,nan,-14.103612549702369,nan,1.0894070855841285,nan,1.0893511213305813,nan,1.0073145245559039,nan,1.00613143719373,nan
D i C,3,-11.980162991386727,nan,-18.27997887518476,nan,-17.208074630032836,nan,1.0954355650132854,nan,1.0953404378590332,nan,1.000174155346569,nan,1.0004258986465548,nan
D i D,3,-10.533244008450401,nan,-16.13232908347839,nan,-15.472425406460719,nan,1.1125023317049585,nan,1.1122864341346383,nan,1.0009243428934558,nan,1.0010162174186918,nan
D i S,3,-11.951175454513475,nan,-18.169204469682853,nan,-17.097143069325554,nan,1.096373299446894,nan,1.096271536555495,nan,1.000174155346569,nan,1.0004258986465548,nan
D i T,3,-12.277697360281518,nan,-16.64744343955763,nan,-16.117430511013904,nan,1.0961857525601721,nan,1.0960853168162026,nan,1.0005492491200125,nan,1.0007210580326233,nan
d u r,3,-10.032967078047784,nan,-10.573103900943583,nan,-10.658974038708136,nan,1.1265024424637042,nan,1.1261756779380674,nan,1.005278161233098,nan,1.004465507672501,nan
D W C,3,-13.44196490501476,nan,-inf,nan,-16.16553202346948,nan,1.049806864212171,nan,1.05001171813585,nan,1,1,1.0002867391697945,1.0
D W D,3,-11.995045922078436,nan,-inf,nan,-15.305351537251262,nan,1.066873630903844,nan,1.066957714411455,nan,1.0001875468867216,nan,1.0004343188628289,nan
D W T,3,-13.739499273909555,nan,-inf,nan,-14.892566347656592,nan,1.0505570517590577,nan,1.0507565970930193,nan,1.0003750937734435,nan,1.000581898555863,nan
f U n,3,-11.826711073483628,nan,-inf,nan,-13.778758581951852,nan,1.1451593773536468,nan,1.1446914246111182,nan,1.0012190874259839,nan,1.0012608555071172,nan
f u r,3,-10.826655487829608,nan,-12.006134833381092,nan,-11.891943396915973,nan,1.129272046064189,nan,1.128927182667216,nan,1.003710763113976,nan,1.0032130723816577,nan
f U s,3,-11.810464457046667,nan,-inf,nan,-13.82919731215195,nan,1.1129013128375178,nan,1.1126616294528313,nan,1.0012190874259839,nan,1.0012608555071172,nan
f W r,3,-11.95742488813225,nan,-inf,nan,-15.180300796489009,nan,1.1021038119994033,nan,1.1019375632900534,nan,1.000174155346569,nan,1.0004258986465548,nan
f x r,3,-10.066204625373556,nan,-11.099577931581564,nan,-11.18683364369837,nan,1.1686311543888146,nan,1.1680275286879773,nan,1.0037242199787146,nan,1.0032511892631317,nan
g U n,3,-11.742450729865888,nan,-inf,nan,-13.793474482088513,nan,1.1340809629517081,nan,1.1336854056945231,nan,1.0010449320794148,nan,1.0011216960303566,nan
g U S,3,-13.856983591356993,nan,-13.567008071484969,nan,-13.557750389012398,nan,1.0436833635518583,nan,1.0439274913556031,nan,1.0012324789661364,nan,1.001269275723391,nan
g U T,3,-14.18350549712504,nan,-inf,nan,-14.592940851243013,nan,1.0434958166651365,nan,1.0437412716163108,nan,1.0010449320794148,nan,1.0011216960303566,nan
g W C,3,-13.82012456243266,nan,-inf,nan,-16.208570733925033,nan,1.036824347334899,nan,1.037114039717965,nan,1,1,1.0002867391697945,1.0
g W D,3,-12.373205579496334,nan,-inf,nan,-15.348390247706815,nan,1.053891114026572,nan,1.0540600359935701,nan,1.0001875468867216,nan,1.0004343188628289,nan
g W T,3,-14.117658931327451,nan,-inf,nan,-14.935605058112145,nan,1.0375745348817857,nan,1.0378589186751344,nan,1.0003750937734435,nan,1.000581898555863,nan
g x r,3,-9.981944281755815,nan,-11.037008402998765,nan,-11.131590955228122,nan,1.157552739986876,nan,1.1570215097713823,nan,1.0059882394841133,nan,1.0050602624610165,nan
h U n,3,-11.773222388532641,nan,-inf,nan,-15.948405153607577,nan,1.1436014753283743,nan,1.1431437032009721,nan,1,1,1.0002867391697945,1.0
h u r,3,-10.773166802878622,nan,-10.492149804997009,nan,-10.595854065771972,nan,1.1277141440389165,nan,1.12737946125707,nan,1.0054523165796674,nan,1.0046046671492614,nan
h U s,3,-11.75697577209568,nan,-inf,nan,-15.998843883807675,nan,1.1113434108122453,nan,1.1111139080426853,nan,1,1,1.0002867391697945,1.0
h W r,3,-11.903936203181262,nan,-inf,nan,-12.967920733470853,nan,1.1005459099741308,nan,1.1003898418799074,nan,1.0019157088122606,nan,1.0018174934141586,nan
J O b,3,-15.452589993509466,nan,-11.912841713567257,nan,-12.434158658678598,nan,1.0312140094280462,nan,1.031531107032683,nan,1.0007234044665818,nan,1.0008602175093837,nan
J x r,3,-11.632625152723966,nan,-12.48384249989455,nan,-12.693629976602676,nan,1.141627519284089,nan,1.141200357578777,nan,1.0014602004733157,nan,1.001442116065247,nan
k E G,3,-11.56238827700333,nan,-inf,nan,-16.978887533271276,nan,1.0839496208797825,nan,1.0839213903898952,nan,1,1,1.0002867391697945,1.0
k E S,3,-12.222864675273726,nan,-inf,nan,-17.633673845958775,nan,1.0680081355084399,nan,1.0680927125500441,nan,1,1,1.0002867391697945,1.0
k i b,3,-10.149639414039942,nan,-11.878763093301664,nan,-11.944508525214541,nan,1.1094298676394871,nan,1.1092337433955077,nan,1.0026926794394524,nan,1.0024246526188434,nan
k i C,3,-11.554149215051174,nan,-14.951590106768638,nan,-14.529174027225512,nan,1.0918004602876492,nan,1.0917290879020254,nan,1.0015673981191222,nan,1.001539174460638,nan
k i D,3,-10.107230232114848,nan,-12.803940315062269,nan,-12.793524803653394,nan,1.1088672269793223,nan,1.1086750841776305,nan,1.002317585666009,nan,1.002129493232775,nan
k i r,3,-9.607189197133025,nan,-9.9146674853171,nan,-10.00407455109513,nan,1.1460015105502148,nan,1.1455465925575188,nan,1.010007008021598,nan,1.0081802606471788,nan
k u f,3,-10.90068274647588,nan,-16.23632835218579,nan,-15.557651092426674,nan,1.077090931285754,nan,1.0771143823418519,nan,1.0003617022332907,nan,1.0005734783395892,nan
k U m,3,-11.55191241374465,nan,-inf,nan,-15.208404443978544,nan,1.0779745116374775,nan,1.0779810451423648,nan,1.0005224660397074,nan,1.0007042176000756,nan
k U n,3,-10.938277296112439,nan,-inf,nan,-15.12505773652748,nan,1.1434283751033438,nan,1.1429717341554002,nan,1.0005224660397074,nan,1.0007042176000756,nan
k U p,3,-11.655858502009666,nan,-inf,nan,-15.131568986610878,nan,1.0710352768287752,nan,1.0710909147885472,nan,1.0005224660397074,nan,1.0007042176000756,nan
k u r,3,-9.938221710458418,nan,-14.03991837727208,nan,-13.461386102805811,nan,1.127541043813886,nan,1.127207492211498,nan,1.0033624524208375,nan,1.002934753428137,nan
l U n,3,-11.009694411210896,nan,-inf,nan,-14.105654204409703,nan,1.1332154618265566,nan,1.1328255604666642,nan,1.0015673981191222,nan,1.001539174460638,nan
l X l,3,-10.436456102560124,nan,-14.616340175669054,nan,-14.050680209261003,nan,1.1054991544843085,nan,1.1053136881528354,nan,1.0030007501875469,nan,1.0026480142583425,nan
m W l,3,-11.557482963045521,nan,-11.306658688530502,nan,-11.437114313393526,nan,1.0913419255783436,nan,1.091249863239936,nan,1.000710012926429,nan,1.00085179729311,nan
m W r,3,-11.41203858930079,nan,-inf,nan,-13.838566853030505,nan,1.0984687072737673,nan,1.0983262133330458,nan,1.0005224660397074,nan,1.0007042176000756,nan
m W t,3,-10.780565899420118,nan,-10.427508564321714,nan,-10.573676310425899,nan,1.1530448513097764,nan,1.152516157467124,nan,1.0027730286803676,nan,1.0024751739164866,nan
n c n,3,-9.367455198031998,nan,-10.717476768612077,nan,-10.791479581284642,nan,1.1602327532186278,nan,1.1596650788343268,nan,1.0106366717071116,nan,1.0086947974728506,nan
n W C,3,-12.74536348958673,nan,-14.76862291181313,nan,-14.70446125964952,nan,1.032150641259081,nan,1.0324708754875265,nan,1.0008707767328457,nan,1.0009825365535963,nan
n W D,3,-11.298444506650405,nan,-13.873736088602131,nan,-13.8442807734313,nan,1.0492174079507541,nan,1.0494168717631316,nan,1.0010583236195674,nan,1.0011301162466306,nan
n x r,3,-8.907183208909887,nan,-11.232722917142912,nan,-11.283010500586974,nan,1.152879033911058,nan,1.1523783455409438,nan,1.002853443245869,nan,1.00255539187933,nan
p c k,3,-10.355624043021706,nan,-10.443680618301988,nan,-10.536316626798957,nan,1.1335992772972847,nan,1.133228600901286,nan,1.0065508148196922,nan,1.0054733048749191,nan
p c p,3,-10.802617609826452,nan,-11.175306842149643,nan,-11.265788043172327,nan,1.1035917754218159,nan,1.1034334426145074,nan,1.0046753459524755,nan,1.0039975079445767,nan
p c s,3,-10.068789787492264,nan,-13.693143923958953,nan,-13.389157064968861,nan,1.1437268091802555,nan,1.1432844668230735,nan,1.0027998770852586,nan,1.0025217110142344,nan
p O l,3,-13.047723412430427,nan,-inf,nan,-14.137798528981218,nan,1.0876625057480758,nan,1.0875947772107843,nan,1,1,1.0002867391697945,1.0
p O m,3,-13.3193537758717,nan,-inf,nan,-15.409569088573978,nan,1.0664697075485259,nan,1.0665519466707472,nan,1,1,1.0002867391697945,1.0
p O n,3,-12.705718658239489,nan,-inf,nan,-13.716784468688815,nan,1.1319235710143922,nan,1.1315426356837825,nan,1,1,1.0002867391697945,1.0
p O r,3,-12.902279038685696,nan,-inf,nan,-15.28648810012283,nan,1.0947892874434995,nan,1.0946711273038943,nan,1,1,1.0002867391697945,1.0
p O s,3,-12.689472041802528,nan,-inf,nan,-13.584901642094957,nan,1.0996655064982632,nan,1.0995128405254957,nan,1.0003750937734435,nan,1.000581898555863,nan
p O t,3,-12.270806348805024,nan,-inf,nan,-15.353802067693428,nan,1.1493654314795085,nan,1.1488610714379726,nan,1,1,1.0002867391697945,1.0
p u k,3,-10.459242535909437,nan,-10.970866175400065,nan,-11.054621716996241,nan,1.124020733235982,nan,1.12371302996703,nan,1.0044744075256014,nan,1.0038415080352685,nan
p U m,3,-11.998905980549397,nan,-inf,nan,-13.352106453612919,nan,1.0797055138877805,nan,1.0797007355980828,nan,1.002612330198537,nan,1.0023741313212,nan
p U n,3,-11.385270862917185,nan,-inf,nan,-13.268759746161855,nan,1.1451593773536468,nan,1.1446914246111182,nan,1.002612330198537,nan,1.0023741313212,nan
p U p,3,-12.102852068814412,nan,-inf,nan,-13.275270996245252,nan,1.0727662790790782,nan,1.0728106052442652,nan,1.002612330198537,nan,1.0023741313212,nan
p U s,3,-11.369024246480224,nan,-inf,nan,-13.319198476361953,nan,1.1129013128375178,nan,1.1126616294528313,nan,1.002612330198537,nan,1.0023741313212,nan
p u v,3,-11.48277879813719,nan,-13.780368209607444,nan,-13.559330994080419,nan,1.082947965043934,nan,1.082930907062002,nan,1.002974032431828,nan,1.0026608704909947,nan
r U n,3,-10.864250037466165,nan,-inf,nan,-16.07039530494579,nan,1.1323499607014051,nan,1.1319657152388052,nan,1.000174155346569,nan,1.0004258986465548,nan
r W r,3,-10.994963852114788,nan,-inf,nan,-15.574817534597068,nan,1.0892943953471617,nan,1.0892118539177404,nan,1.0005224660397074,nan,1.0007042176000756,nan
S c g,3,-12.556749132369031,nan,-12.496361480972535,nan,-12.65532877909411,nan,1.077827956069886,nan,1.0778414383745258,nan,1.0021300387792873,nan,1.0019819135397408,nan
s c p,3,-10.068789787492264,nan,-11.098444803995134,nan,-11.179446533350761,nan,1.1106888846480578,nan,1.1104841734829511,nan,1.0041528799127681,nan,1.0035800295142956,nan
s U g,3,-11.726204113428928,nan,-inf,nan,-16.328610853820024,nan,1.073486794156783,nan,1.0735298649767686,nan,1,1,1.0002867391697945,1.0
S U g,3,-13.856983591356993,nan,-13.86335522856653,nan,-13.501660922361355,nan,1.0470024597271483,nan,1.0472186010042837,nan,1.0008707767328457,nan,1.0009825365535963,nan
s U k,3,-10.922030679675478,nan,-inf,nan,-13.092992847808748,nan,1.109870890180789,nan,1.1096564943994875,nan,1.0039384846211552,nan,1.0033859127235136,nan
s U m,3,-11.265078158215209,nan,-inf,nan,-16.87668285643558,nan,1.0868026231140224,nan,1.0867514664665265,nan,1,1,1.0002867391697945,1.0
s U n,3,-10.651443040582997,nan,-inf,nan,-16.793336148984515,nan,1.1522564865798888,nan,1.151742155479562,nan,1,1,1.0002867391697945,1.0
s U p,3,-11.369024246480224,nan,-inf,nan,-16.799847399067914,nan,1.0798633883053201,nan,1.079861336112709,nan,1,1,1.0002867391697945,1.0
s U s,3,-10.635196424146036,nan,-inf,nan,-16.843774879184615,nan,1.1199984220637598,nan,1.119712360321275,nan,1,1,1.0002867391697945,1.0
S u T,3,-14.026661319669987,nan,-14.277435593510559,nan,-14.409426059088686,nan,1.0564339581451174,nan,1.0565940238648508,nan,1.000884168272998,nan,1.0009909567698703,nan
s W l,3,-10.92760122897635,nan,-14.229075179740219,nan,-13.713984282204857,nan,1.1020741395302216,nan,1.1019119440653873,nan,1.0003617022332907,nan,1.0005734783395892,nan
s W t,3,-10.150684165350945,nan,-13.34992505553143,nan,-12.85054627923723,nan,1.1637770652616544,nan,1.1631782382925755,nan,1.0024247179872292,nan,1.0021968549629658,nan
S x r,3,-11.021716070400991,nan,-11.75412725793082,nan,-11.919688329755688,nan,1.149243929185422,nan,1.1487669955839361,nan,1.0023309772061615,nan,1.002137913449049,nan
T c g,3,-12.883271038137078,nan,-13.028625812598452,nan,-13.21428506232835,nan,1.0710770472937046,nan,1.0711346455972257,nan,1.0014334173930108,nan,1.0014252756326991,nan
T i D,3,-12.277697360281518,nan,-14.507835046726253,nan,-14.504362830529224,nan,1.0844600952500512,nan,1.0844274487520071,nan,1.0012726535865941,nan,1.0012945363722126,nan
t O n,3,-11.553225142907797,nan,-12.341193604268359,nan,-12.622413822830874,nan,1.1320966712394225,nan,1.1317146047293545,nan,1.0003483106931383,nan,1.0005650581233152,nan
t U n,3,-10.232777347585493,nan,-inf,nan,-17.36734595119412,nan,1.145332477578677,nan,1.14486339365669,nan,1,1,1.0002867391697945,1.0
T W C,3,-15.18641825684588,nan,-inf,nan,-15.89061662809793,nan,1.0217646277572636,nan,1.0221527327532187,nan,1,1,1.0002867391697945,1.0
T W D,3,-13.739499273909555,nan,-inf,nan,-15.030436141879713,nan,1.0388313944489367,nan,1.0390987290288238,nan,1.0001875468867216,nan,1.0004343188628289,nan
T W T,3,-15.483952625740674,nan,-inf,nan,-14.617650952285043,nan,1.0225148153041503,nan,1.022897611710388,nan,1.0003750937734435,nan,1.000581898555863,nan
T W z,3,-13.500564113967418,nan,-inf,nan,-14.523478272848521,nan,1.0508343951991241,nan,1.0510167923435352,nan,1.0001875468867216,nan,1.0004343188628289,nan
v e r,3,-10.654878444848773,nan,-9.86037069221423,nan,-9.969854909455268,nan,1.1324574881362983,nan,1.132091353600877,nan,1.0122977452827155,nan,1.009976477612411,nan
w U S,3,-13.692068544942575,nan,-13.467080537417425,nan,-13.445591055418928,nan,1.051819074128282,nan,1.0520100364974776,nan,1.000884168272998,nan,1.0009909567698703,nan
w U T,3,-14.018590450710622,nan,-inf,nan,-14.480781517649541,nan,1.0516315272415602,nan,1.0518238167581853,nan,1.0006966213862765,nan,1.000843377076836,nan
w W D,3,-12.208290533081918,nan,-inf,nan,-15.236230914113346,nan,1.0620268246029958,nan,1.0621425811354446,nan,1.0001875468867216,nan,1.0004343188628289,nan
w x r,3,-9.8170292353414,nan,-10.066252511133825,nan,-10.164441415624292,nan,1.1656884505632996,nan,1.1651040549132567,nan,1.0098196571086344,nan,1.0081217709497445,nan
y c f,3,-11.762568968243716,nan,-11.997459006876394,nan,-12.049629660500663,nan,1.0712635553193608,nan,1.071324708220218,nan,1.0018219027066066,nan,1.0017288552350414,nan
y c g,3,-11.678308624625977,nan,-13.847925745297571,nan,-13.794698421936717,nan,1.0800782589952798,nan,1.0800770359669591,nan,1.0012592620464416,nan,1.0012861161559388,nan
y c S,3,-12.718080413271153,nan,-15.75030198407228,nan,-15.52777702080137,nan,1.0684503520185358,nan,1.0685314121308325,nan,1.000884168272998,nan,1.0009909567698703,nan
y e C,3,-12.54380691519474,nan,-18.3669225175179,nan,-17.336305860388908,nan,1.0694283263971878,nan,1.0695034276212219,nan,1.000174155346569,nan,1.0004258986465548,nan
y e D,3,-11.096887932258413,nan,-inf,nan,-17.68009817849663,nan,1.0864950930888608,nan,1.086449423896827,nan,1.000174155346569,nan,1.0004258986465548,nan
y e J,3,-13.12572846064446,nan,-17.890361487726004,nan,-17.252924251449855,nan,1.0694283263971878,nan,1.0695034276212219,nan,1.000174155346569,nan,1.0004258986465548,nan
y e S,3,-12.514819378321487,nan,-inf,nan,-17.918521480241573,nan,1.0703660608307963,nan,1.0704345263176835,nan,1.000174155346569,nan,1.0004258986465548,nan
y i D,3,-11.072734946770417,nan,-inf,nan,-16.316919871430226,nan,1.0934613069516264,nan,1.0933698391217406,nan,1.0007501875468867,nan,1.0008770579419315,nan
y i J,3,-13.101575475156464,nan,-inf,nan,-19.067799774731398,nan,1.0763945402599533,nan,1.0764238428461355,nan,1,1,1.0002867391697945,1.0
y i S,3,-12.49066639283349,nan,-inf,nan,-17.94163753429506,nan,1.0773322746935619,nan,1.0773549415425971,nan,1,1,1.0002867391697945,1.0
y U g,3,-12.978543083613935,nan,-11.973890863382232,nan,-11.64529829164997,nan,1.049252762652542,nan,1.049454198596717,nan,1.0043538836642285,nan,1.0037657260888038,nan
y u g,3,-11.781927117513709,nan,-8.566041116929632,nan,-8.789623996999653,nan,1.070499714933977,nan,1.070561465032703,nan,1.0145217861414153,nan,1.0118493801570745,nan
y U T,3,-14.344836778027158,nan,-inf,nan,-12.909489955968963,nan,1.0374373087890763,nan,1.037722355021298,nan,1.0043538836642285,nan,1.0037657260888038,nan
y U z,3,-12.361448266253902,nan,-inf,nan,-12.409852168424276,nan,1.06575688868405,nan,1.065841535654445,nan,1.0043538836642285,nan,1.0037657260888038,nan
y x D,3,-10.64331659763976,nan,-13.089325121974072,nan,-13.158364302409165,nan,1.1143599485399232,nan,1.1141310847964812,nan,1.0013932427725531,nan,1.0014000149838775,nan
z e C,3,-11.765380816932584,nan,-14.465070957305155,nan,-14.051392099151816,nan,1.1019711687028828,nan,1.1018336081887197,nan,1.0033089515848137,nan,1.0029307692282414,nan
z e D,3,-10.31846183399626,nan,-inf,nan,-14.395184417259536,nan,1.1190379353945559,nan,1.1187796044643248,nan,1.0033089515848137,nan,1.0029307692282414,nan
z e S,3,-11.736393280059332,nan,-inf,nan,-14.63360771900448,nan,1.1029089031364914,nan,1.1027647068851814,nan,1.0033089515848137,nan,1.0029307692282414,nan
z i C,3,-11.741227831444588,nan,-15.58783623146126,nan,-15.127658067796656,nan,1.1089373825656483,nan,1.1087540234136333,nan,1.0013932427725531,nan,1.0014000149838775,nan
z i D,3,-10.294308848508262,nan,-13.440186439754891,nan,-13.392008844224538,nan,1.1260041492573214,nan,1.1257000196892384,nan,1.0021434303194399,nan,1.0019903337560145,nan
z i T,3,-12.03876220033938,nan,-13.955300795834129,nan,-14.037013948777721,nan,1.109687570112535,nan,1.1094989023708026,nan,1.0017683365459966,nan,1.001695174369946,nan
z u f,3,-11.087761362869294,nan,-15.661484204783612,nan,-14.992984323192136,nan,1.094227853563753,nan,1.0941393178534597,nan,1.0003617022332907,nan,1.0005734783395892,nan
z u g,3,-11.003501019251555,nan,-13.507804648900837,nan,-12.991603778692776,nan,1.103042557239672,nan,1.102891645600201,nan,1.0035499993075594,nan,1.0030823331211713,nan
z u T,3,-12.369794713664774,nan,-16.263325612123992,nan,-15.737399983935981,nan,1.0912271033762062,nan,1.091159802024782,nan,1.0003617022332907,nan,1.0005734783395892,nan
