word,word_len,uni_prob,uni_prob_freq_weighted,bi_prob,bi_prob_freq_weighted,bi_prob_smoothed,bi_prob_freq_weighted_smoothed,pos_uni_score,pos_uni_score_freq_weighted,pos_uni_score_smoothed,pos_uni_score_freq_weighted_smoothed,pos_bi_score,pos_bi_score_freq_weighted,pos_bi_score_smoothed,pos_bi_score_freq_weighted_smoothed
f u T,3,-13.081208233200886,nan,-15.413410011574651,nan,-15.424404542199415,nan,1.1637547613669423,nan,1.163547791869532,nan,1.0016819361179978,nan,1.0016563721622087,nan
g i T,3,-12.381838784554933,nan,-13.036505297086373,nan,-13.06666780290734,nan,1.1065200227458027,nan,1.106452892015677,nan,1.000388198757764,nan,1.0004731564953055,nan
z i T,3,-12.439899253337067,nan,-17.58550212147388,nan,-17.53131862244304,nan,1.0798567909560173,nan,1.0798547551701905,nan,1.000388198757764,nan,1.0004731564953055,nan
y c g,3,-10.688793790032147,nan,-14.240509278616383,nan,-14.22983114905375,nan,1.2315949838103069,nan,1.231222176753478,nan,1.0013571446582972,nan,1.0013594327452453,nan
l X z,3,-11.621845410295995,nan,-12.759855942941371,nan,-12.758795801177083,nan,1.0820136480244071,nan,1.0820062690642018,nan,1.0000644412939812,nan,1.0001770822213805,nan
J Y p,3,-13.687127465103371,nan,-16.952456117154767,nan,-16.317422437684318,nan,1.0417376013027926,nan,1.0418286090165185,nan,1.0012292960662525,nan,1.0012423872645362,nan
C x z,3,-12.216455178331335,nan,-13.90377650843403,nan,-13.9144825527035,nan,1.112457168726838,nan,1.112375356403297,nan,1.0034285720289562,nan,1.0032537890125437,nan
C e J,3,-14.924828354677148,nan,-15.225047125645816,nan,-15.262711810601868,nan,1.0799871035757558,nan,1.079984745955231,nan,1.000387164761846,nan,1.0004722913522675,nan
z i S,3,-12.55367024750349,nan,-18.690144615788185,nan,-18.62628095150632,nan,1.0807625880574665,nan,1.0807583307478335,nan,1.0006469979296067,nan,1.000709842885838,nan
z u v,3,-11.89535976066638,nan,-21.58030490794426,nan,-21.37623499046727,nan,1.1598444637233931,nan,1.159646995851418,nan,1.001617236325037,nan,1.0015972005645757,nan
D Y p,3,-11.36544531176544,nan,-15.419427621484223,nan,-15.213801593591416,nan,1.1161885577013242,nan,1.1160978027203412,nan,1.0012937373602337,nan,1.00130134257641,nan
s X k,3,-11.008577654326626,nan,-13.648916081049789,nan,-13.648744840508769,nan,1.1176540625511096,nan,1.1175592955904126,nan,1.000516822846747,nan,1.0005908508332932,nan
b X s,3,-11.389821895649575,nan,-12.48585176875964,nan,-12.497882152668174,nan,1.1055999665070984,nan,1.1055344963779592,nan,1.0015512440371792,nan,1.0015369475381448,nan
T x z,3,-12.038746083339586,nan,-14.124045217844575,nan,-14.123061292305835,nan,1.1145824987970383,nan,1.1144954977460533,nan,1.0032996894409938,nan,1.0031358783887965,nan
S c G,3,-13.329887530177242,nan,-15.024354274382668,nan,-15.013848642012132,nan,1.0516965448591766,nan,1.0517632970719197,nan,1.0007116977225672,nan,1.000769014483471,nan
J e J,3,-15.105950151279197,nan,-15.846458360823007,nan,-15.867672913732008,nan,1.0845597834237624,nan,1.0845462621775246,nan,1.0005160473498085,nan,1.0005902019760147,nan
D x z,3,-10.075894821595453,nan,-8.728738355674642,nan,-8.743069402323592,nan,1.1914808049733763,nan,1.1912060663294133,nan,1.014963563651588,nan,1.0138067898379182,nan
S Y p,3,-13.442067567675993,nan,-14.935947639115492,nan,-14.90506141803068,nan,1.0399342909401985,nan,1.0400297012105435,nan,1.0012292960662525,nan,1.0012423872645362,nan
n W C,3,-13.053007611135452,nan,-13.984436920327557,nan,-13.983603224980302,nan,1.063081610852349,nan,1.063120603041454,nan,1.0121149632684625,nan,1.0112017255417436,nan
l W C,3,-13.55559180851229,nan,-14.863711016183615,nan,-14.855044623937756,nan,1.0745455124431265,nan,1.0745565169508662,nan,1,1,1.0001181269095067,1.0
S c d,3,-12.2839386885565,nan,-16.809093230842244,nan,-16.770696308361426,nan,1.1134201473436487,nan,1.1133355185770186,nan,1.0005175983436854,nan,1.0005914996905718,nan
g i J,3,-12.740669676148734,nan,-14.82174637585106,nan,-14.835811444007707,nan,1.1071023208824486,nan,1.107033762029876,nan,1.0004528985507246,nan,1.0005323280929386,nan
C u T,3,-14.28169357082097,nan,-15.113467048860583,nan,-15.144228524335743,nan,1.1573787711563415,nan,1.1571873678412634,nan,1.0018752599999414,nan,1.0018332380978294,nan
D i g,3,-10.418987522810802,nan,-13.949897036713722,nan,-13.947396907777284,nan,1.193358316416042,nan,1.193078812431447,nan,1.0049125312833798,nan,1.0046112751859535,nan
w u T,3,-12.29594287251939,nan,-16.312893341748037,nan,-16.0589337725239,nan,1.2636452746663562,nan,1.2631944349790727,nan,1.001746377411979,nan,1.0017153274740822,nan
T c T,3,-14.229816658974485,nan,-17.49125730619202,nan,-17.443693273954555,nan,1.0502761079284364,nan,1.0503463366460921,nan,1.0000644412939812,nan,1.0001770822213805,nan
g u T,3,-12.51116632169869,nan,-17.473344684861164,nan,-17.219165772902343,nan,1.1824963083496176,nan,1.1822435837102,nan,1.0016174948240166,nan,1.001597416850335,nan
f X s,3,-11.970435159919463,nan,-14.228135991456911,nan,-14.226775390840407,nan,1.086858419524423,nan,1.0868387045372911,nan,1.0016156853311604,nan,1.0015959028500185,nan
J Y m,3,-13.254738531299934,nan,-16.410905215029413,nan,-15.776303462554417,nan,1.0768048890874717,nan,1.076809892093839,nan,1.001164596273292,nan,1.0011832156669032,nan
n X z,3,-11.11926121291916,nan,-14.307449711866223,nan,-14.28024706422346,nan,1.0705497464336298,nan,1.0705703551547896,nan,1.0000644412939812,nan,1.0001770822213805,nan
m X n,3,-10.752436522863611,nan,-14.13942068650697,nan,-14.114112933089206,nan,1.1228617937642598,nan,1.1227540196312327,nan,1.0014233954451346,nan,1.0014199020574357,nan
C u S,3,-14.395464564987392,nan,-16.07264609110409,nan,-16.09519755097533,nan,1.1582845682577907,nan,1.1580909434189064,nan,1.001357661656256,nan,1.0013598653167644,nan
S e J,3,-14.860890253851819,nan,-14.908521420568395,nan,-14.954303060197361,nan,1.0827564730611683,nan,1.0827473543715493,nan,1.0009671364076766,nan,1.0010028891591298,nan
T x S,3,-13.687274762854404,nan,-16.651545250729217,nan,-16.662928386897416,nan,1.1008661426893778,nan,1.1008127818560314,nan,1.0001293995859213,nan,1.000236470104773,nan
v e D,3,-11.75157007653302,nan,-20.274425589689002,nan,-20.193526108486832,nan,1.1025714732391794,nan,1.1025137159582716,nan,1.0013586956521738,nan,1.0013607304598025,nan
C x S,3,-13.864983857846154,nan,-16.431276541318674,nan,-16.454349647295082,nan,1.0987408126191776,nan,1.098692640513275,nan,1.0002582821738837,nan,1.0003543807285202,nan
n c T,3,-11.640655632713292,nan,-14.879229222530814,nan,-14.847713886155674,nan,1.0836373496364289,nan,1.0836261310566284,nan,1.0036731537569274,nan,1.003478579686302,nan
s X p,3,-11.52401796094729,nan,-13.589600788603876,nan,-13.590193913001087,nan,1.0777989900873413,nan,1.0778019701741224,nan,1.0006462224326682,nan,1.0007091940285595,nan
D i D,3,-10.048954415197201,nan,-15.934445223319734,nan,-15.899924118672677,nan,1.1844944447804313,nan,1.184236679993084,nan,1.0055595292129864,nan,1.0052029911622848,nan
S c g,3,-12.750769499010378,nan,-16.730901556662555,nan,-16.7107127487148,nan,1.0838523419606259,nan,1.0838402300782448,nan,1.00097049689441,nan,1.0010057008740036,nan
C i S,3,-14.266137027843637,nan,-16.088415775961806,nan,-16.111984244134018,nan,1.0823082826539758,nan,1.0823002517243834,nan,1.0012269695754372,nan,1.0012404406927007,nan
g i D,3,-10.418987522810802,nan,-15.729004141609977,nan,-15.701301548582581,nan,1.1305883457271693,nan,1.1304621859359043,nan,1.004399585921325,nan,1.0041417955485599,nan
T c S,3,-14.343587653140908,nan,-16.21743650351499,nan,-16.22470675137347,nan,1.0511819050298856,nan,1.051249912223735,nan,1.0005173398447058,nan,1.0005912834048123,nan
z u T,3,-12.569226790480824,nan,-20.137519052173197,nan,-19.960265373236524,nan,1.1558330765598321,nan,1.1556454468647135,nan,1.0016819361179978,nan,1.0016563721622087,nan
S Y m,3,-13.009678633872555,nan,-14.394396736990139,nan,-14.36394244290078,nan,1.0750015787248777,nan,1.075010984287864,nan,1.001164596273292,nan,1.0011832156669032,nan
D x v,3,-10.936785477129405,nan,-10.175349603146017,nan,-10.189311584622434,nan,1.1808700389278275,nan,1.1806213238484529,nan,1.0121167727613187,nan,1.0112032395420603,nan
t W C,3,-12.707777322569132,nan,-16.236767441563586,nan,-16.2281410923236,nan,1.0419571180333886,nan,1.0420476830286047,nan,1.0000644412939812,nan,1.0001770822213805,nan
g Y b,3,-11.601282354081327,nan,-17.76980234670759,nan,-17.674468992351823,nan,1.0683642391863646,nan,1.0683901732559071,nan,1.0013586956521738,nan,1.0013607304598025,nan
r c S,3,-12.056192725640837,nan,-15.589708148631244,nan,-15.604804225708072,nan,1.0535004469246496,nan,1.0535627936885599,nan,1.0006462224326682,nan,1.0007091940285595,nan
d X s,3,-10.933562437963387,nan,-12.487340321973127,nan,-12.497796458119026,nan,1.1175146956885242,nan,1.117420137238865,nan,1.0015512440371792,nan,1.0015369475381448,nan
S c z,3,-12.808829967792512,nan,-14.81298644326285,nan,-14.798564503374754,nan,1.0655423005527584,nan,1.0655750951873193,nan,1.0000646997929608,nan,1.0001772985071398,nan
y c d,3,-10.221962979578269,nan,-14.318700952796075,nan,-14.289814708700375,nan,1.2611627891933297,nan,1.2607174652522517,nan,1.0009042461075726,nan,1.0009452315618135,nan
J u S,3,-14.576586361589444,nan,-14.850223617682605,nan,-14.898956726051411,nan,1.1628572481057973,nan,1.1626524596412,nan,1.0012287790682937,nan,1.0012419546930171,nan
h u S,3,-12.834228754371171,nan,-13.919547930217245,nan,-13.93835600270249,nan,1.2145092092058167,nan,1.214178318940911,nan,1.005288580589108,nan,1.004956139341054,nan
g u S,3,-12.624937315865113,nan,-18.432523727104673,nan,-18.170134799541927,nan,1.1834021054510668,nan,1.183147159287843,nan,1.0010998964803313,nan,1.00112404406927,nan
y X z,3,-11.760217524368546,nan,-10.052382719766282,nan,-10.068606777438358,nan,1.1855751859905308,nan,1.1853149744930487,nan,1.0104394896249516,nan,1.00966888743303,nan
C e g,3,-12.973179308952817,nan,-15.625721284260202,nan,-15.636174991940948,nan,1.112337000056087,nan,1.1122553022996224,nan,1.0012929618632953,nan,1.0013006937191313,nan
z i J,3,-12.798730144930868,nan,-19.370743200238564,nan,-19.30046226354341,nan,1.0804390890926632,nan,1.0804356251843894,nan,1.0004528985507246,nan,1.0005323280929386,nan
m u S,3,-12.316173094591699,nan,-14.897419802152873,nan,-14.912986219967427,nan,1.1862358788780005,nan,1.185974014411518,nan,1.0025820462418984,nan,1.0024800162423628,nan
D Y m,3,-10.933056377962,nan,-14.87787671935887,nan,-14.672682618461517,nan,1.1512558454860033,nan,1.1510790857976616,nan,1.0012290375672732,nan,1.0012421709787769,nan
J e g,3,-13.154301105554866,nan,-16.247132519437393,nan,-16.241136095071084,nan,1.1169096799040936,nan,1.116816818521916,nan,1.0014218444512577,nan,1.0014186043428785,nan
f u v,3,-12.407341203386443,nan,-16.85619586734572,nan,-16.840374159430162,nan,1.1677661485305033,nan,1.1675493408562365,nan,1.001617236325037,nan,1.0015972005645757,nan
v X n,3,-11.980151868453111,nan,-13.521641139792159,nan,-13.506774696780504,nan,1.094008827962753,nan,1.0939714947356336,nan,1.0014233954451346,nan,1.0014199020574357,nan
g i C,3,-12.559547879546685,nan,-13.744407182843105,nan,-13.772522659186512,nan,1.1067788219176453,nan,1.1067110564664322,nan,1.0004528985507246,nan,1.0005323280929386,nan
C i D,3,-12.189514771933084,nan,-17.676272126171103,nan,-17.65165566074598,nan,1.1054708085338931,nan,1.1054059700669676,nan,1.0049795575671556,nan,1.0046723933554225,nan
C Y z,3,-13.44044142475343,nan,-16.37129783853214,nan,-16.313895622198476,nan,1.0433761015790097,nan,1.043463039612348,nan,1,1,1.0001181269095067,1.0
d c T,3,-12.170167694390077,nan,-14.93849785136508,nan,-14.907390590116009,nan,1.0851830442329382,nan,1.0851680520331783,nan,1.0012888258796238,nan,1.001297233146979,nan
y X v,3,-12.621108179902496,nan,-13.948164638773115,nan,-13.902698704385935,nan,1.174964419944982,nan,1.1747302320120883,nan,1.0105688892108728,nan,1.0097872306282962,nan
z i g,3,-10.847081099206537,nan,-18.293452779391473,nan,-18.21342515722289,nan,1.1127889855729944,nan,1.1127061815287809,nan,1.0037525879917184,nan,1.0035500795722285,nan
S e g,3,-12.909241208127488,nan,-15.30919557918278,nan,-15.32776624153644,nan,1.1151063695414996,nan,1.1150179107159408,nan,1.0018729335091259,nan,1.0018312915259937,nan
C e D,3,-12.603146201339216,nan,-18.26847834272917,nan,-18.237967187184374,nan,1.1034731284204764,nan,1.1034131698612593,nan,1.0016164608280986,nan,1.001596551707297,nan
n W T,3,-12.875298516143703,nan,-11.871082145827181,nan,-11.911137997847273,nan,1.0628228116805065,nan,1.0628624385906988,nan,1.0121796630614233,nan,1.0112608971393766,nan
T x J,3,-13.932334660281782,nan,-18.237465535683175,nan,-18.215179217988464,nan,1.1005426437245744,nan,1.1004900762925873,nan,1.0000646997929608,nan,1.0001772985071398,nan
T c g,3,-12.636998504843955,nan,-16.746399047517237,nan,-16.730337079527633,nan,1.0832083025454136,nan,1.0831977630046825,nan,1.0010349381883912,nan,1.0010646561858774,nan
n c G,3,-10.626955509749624,nan,-12.427823681576143,nan,-12.437493585026086,nan,1.0844137471519568,nan,1.0844006244088937,nan,1.0043848514794946,nan,1.0041294672602663,nan
s X n,3,-10.404050376286602,nan,-12.805975116724458,nan,-12.80877792161497,nan,1.1438574787001778,nan,1.1436984462293696,nan,1.0016167193270782,nan,1.0015967679930566,nan
s X d,3,-10.933562437963387,nan,-13.066813580432301,nan,-13.069766348407441,nan,1.1318880170024552,nan,1.131758340381945,nan,1.0006462224326682,nan,1.0007091940285595,nan
J e D,3,-12.784267997941265,nan,-18.889889577906363,nan,-18.842928290314514,nan,1.108045808268483,nan,1.1079746860835529,nan,1.001745343416061,nan,1.001714462331044,nan
b c T,3,-12.626427152076268,nan,-14.6001653219916,nan,-14.572006410839975,nan,1.0732683150515123,nan,1.0732824111722725,nan,1.001353267173605,nan,1.0013561884588524,nan
y x z,3,-10.090541368527777,nan,-10.701864717069569,nan,-10.711365236085385,nan,1.2629691800619318,nan,1.2625199114948487,nan,1.0057484586122787,nan,1.0053761802399934,nan
y c T,3,-12.281611944162677,nan,-14.98536753729117,nan,-14.94318734348067,nan,1.1986627891933297,nan,1.1983707503948875,nan,1.0003866477638872,nan,1.0004718587807484,nan
k X n,3,-10.669385150046386,nan,-13.347003321970295,nan,-13.343053345844346,nan,1.128142916969,nan,1.128022249634445,nan,1.0016167193270782,nan,1.0015967679930566,nan
D i C,3,-12.189514771933084,nan,-13.949848264552863,nan,-13.971145229276608,nan,1.1606849209709074,nan,1.1604855505236118,nan,1.001612841842386,nan,1.0015935237066635,nan
D x S,3,-11.724423501110271,nan,-11.256238388559284,nan,-11.282936496915172,nan,1.1777644488657157,nan,1.1775233504393914,nan,1.0117932737965154,nan,1.0109073815538947,nan
C x J,3,-14.110043755273532,nan,-18.01719682627263,nan,-18.00660047838613,nan,1.0984173136543742,nan,1.098369934949831,nan,1.0001935823809232,nan,1.000295209130887,nan
z u S,3,-12.682997784647247,nan,-21.096698094416702,nan,-20.91123439987611,nan,1.1567388736612814,nan,1.1565490224423565,nan,1.0011643377743125,nan,1.0011829993811436,nan
n c d,3,-9.581006668128882,nan,-14.21256263803572,nan,-14.194341251375379,nan,1.1461373496364289,nan,1.1459728459139926,nan,1.0041907521006128,nan,1.003951952467367,nan
y x J,3,-11.984129945469974,nan,-14.815285034908172,nan,-14.803483161768014,nan,1.248929324989468,nan,1.2485144900413827,nan,1.0025134689642456,nan,1.0024176003583367,nan
p u S,3,-12.748562028395137,nan,-14.888021753951694,nan,-14.905813326439086,nan,1.1749007851702657,nan,1.1746665939168184,nan,1.0018731920081054,nan,1.0018315078117532,nan
y X p,3,-11.825781768116435,nan,-11.177717654590538,nan,-11.189260523350885,nan,1.179364005866307,nan,1.1791190276749255,nan,1.0108923881756762,nan,1.0100830886164618,nan
D Y v,3,-12.1607717235515,nan,-17.96261073537957,nan,-17.73633447414112,nan,1.1117889717799991,nan,1.111709007057504,nan,1.0003879402587845,nan,1.000472940209546,nan
s X t,3,-10.058820087720282,nan,-12.614256938368214,nan,-12.617093285209773,nan,1.2115334621370308,nan,1.2112084501018363,nan,1.0009697213974715,nan,1.0010050520167253,nan
y c G,3,-11.26791182119901,nan,-12.5339619963365,nan,-12.532967042351082,nan,1.1994391867088576,nan,1.1991452437471528,nan,1.0010983454864544,nan,1.0011227463547128,nan
z i C,3,-12.617608348328819,nan,-18.29340400723061,nan,-18.237173478722212,nan,1.0801155901278598,nan,1.0801129196209456,nan,1.0004528985507246,nan,1.0005323280929386,nan
S Y v,3,-14.237393979462055,nan,-17.47913075301084,nan,-17.427594298580384,nan,1.0355347050188735,nan,1.0356409055477063,nan,1.0003234989648033,nan,1.0004139848976723,nan
D i S,3,-12.125576671107755,nan,-14.34658887311044,nan,-14.360252702060711,nan,1.161331918900514,nan,1.1611309616504997,nan,1.001806941221268,nan,1.001771038499563,nan
S c S,3,-14.45735864730733,nan,-16.201939012660304,nan,-16.20508242056064,nan,1.051825944445098,nan,1.0518923792972974,nan,1.0004528985507246,nan,1.0005323280929386,nan
f X t,3,-11.286012367072903,nan,-13.60170090585988,nan,-13.600838316769579,nan,1.1689624567915038,nan,1.1687413765393564,nan,1.0012274865733963,nan,1.0012408732642197,nan
g i S,3,-12.495609778721356,nan,-14.141147791400682,nan,-14.161630131970616,nan,1.107425819847252,nan,1.10735646759332,nan,1.0006469979296067,nan,1.000709842885838,nan
C u v,3,-13.607826541006524,nan,-16.55625290463165,nan,-16.560198141566488,nan,1.1613901583199024,nan,1.1611889168279679,nan,1.0018105602069807,nan,1.0017740665001964,nan
t X t,3,-9.37439729487372,nan,-12.442814012801751,nan,-12.452724552393278,nan,1.1769485455401352,nan,1.1767079682515311,nan,1.0020007821011705,nan,1.0019483370067028,nan
S X z,3,-13.822193233346777,nan,-12.640694101611576,nan,-12.670015321616157,nan,1.0378325441408496,nan,1.0379330278178156,nan,1,1,1.0001181269095067,1.0
S x J,3,-14.046105654448205,nan,-17.33157365725792,nan,-17.332373980615426,nan,1.1011866831397867,nan,1.1011325433661496,nan,1.0003869062628667,nan,1.000472075066508,nan
S u T,3,-14.217755469995643,nan,-14.232871205498359,nan,-14.277937873572267,nan,1.160148140641754,nan,1.159949976257582,nan,1.0016819361179978,nan,1.0016563721622087,nan
s X l,3,-10.906634573663437,nan,-13.359140612894896,nan,-13.361029681305201,nan,1.10794909360701,nan,1.1078781286870951,nan,1.0009697213974715,nan,1.0010050520167253,nan
g u v,3,-11.837299291884246,nan,-18.91613054063223,nan,-18.63513539013309,nan,1.1865076955131786,nan,1.1862451326969046,nan,1.0015527950310559,nan,1.001538245252702,nan
w u v,3,-11.622075842704945,nan,-17.7556791975191,nan,-17.474903389754648,nan,1.2676566618299172,nan,1.2671959839657772,nan,1.0016816776190183,nan,1.0016561558764492,nan
C Y b,3,-13.371809603203607,nan,-18.133723268777356,nan,-18.077469724257128,nan,1.0432467019930884,nan,1.0433339573869704,nan,1.0013586956521738,nan,1.0013607304598025,nan
z u b,3,-10.965837283582605,nan,-21.684437648793967,nan,-21.472909455815692,nan,1.1703258301830206,nan,1.1701026561070007,nan,1.002975931977211,nan,1.0028398041148714,nan
J Y z,3,-13.621563221355482,nan,-17.73992347553955,nan,-17.08530493296628,nan,1.0479487814270163,nan,1.0480245558346417,nan,1,1,1.0001181269095067,1.0
D x d,3,-9.551003542359439,nan,-9.667846423705148,nan,-9.67802414065886,nan,1.2393586517642665,nan,1.2389664897191126,nan,1.012440271726122,nan,1.011499097530226,nan
f u S,3,-13.194979227367309,nan,-16.37258905381816,nan,-16.375373568839,nan,1.1646605584683916,nan,1.164451367447175,nan,1.0011643377743125,nan,1.0011829993811436,nan
S c T,3,-14.343587653140908,nan,-17.47575981533734,nan,-17.424068943141723,nan,1.0509201473436487,nan,1.0509888037196544,nan,1,1,1.0001181269095067,1.0
l W T,3,-13.377882713520538,nan,-12.750356241683239,nan,-12.782579396804728,nan,1.0742867132712839,nan,1.074298352500111,nan,1.0000646997929608,nan,1.0001772985071398,nan
D Y b,3,-11.231249246467726,nan,-17.969320410114225,nan,-17.745258190932034,nan,1.1222703382396266,nan,1.1221646673130867,nan,1.001423136946155,nan,1.0014196857716762,nan
S Y b,3,-13.30787150237828,nan,-17.485840427745494,nan,-17.4365180153713,nan,1.046016071478501,nan,1.046096565803289,nan,1.0013586956521738,nan,1.0013607304598025,nan
z i D,3,-10.477047991592936,nan,-20.278000965997485,nan,-20.165952368118283,nan,1.1039251139373838,nan,1.1038640490904177,nan,1.004399585921325,nan,1.0041417955485599,nan
s X m,3,-11.091629027143851,nan,-13.90975333649892,nan,-13.907925626942527,nan,1.1128662778720204,nan,1.1127832532514428,nan,1.0003874232608256,nan,1.000472507638027,nan
h x s,3,-9.940008531082555,nan,-10.563525719772064,nan,-10.576380524284255,nan,1.2141010643332493,nan,1.213770593032827,nan,1.0081451944405975,nan,1.0075679084957745,nan
T X z,3,-13.708422239180354,nan,-13.453741892727702,nan,-13.463960123032756,nan,1.0371885047256373,nan,1.0372905607442533,nan,1.0001288825879624,nan,1.000236037533254,nan
y x S,3,-11.739070048042596,nan,-13.229364749954213,nan,-13.251232330676965,nan,1.2492528239542713,nan,1.2488371956048268,nan,1.0025781687572062,nan,1.00247677195597,nan
g c T,3,-12.636998504843955,nan,-14.19957318354322,nan,-14.172423236195613,nan,1.0732683150515123,nan,1.0732824111722725,nan,1.0054130686944194,nan,1.0050703731068893,nan
n W d,3,-10.815649551559293,nan,-12.719114559330155,nan,-12.724102431860404,nan,1.1253228116805065,nan,1.125209153448063,nan,1.0134736589206363,nan,1.0124443290920393,nan
S u v,3,-13.543888440181199,nan,-15.675657061269424,nan,-15.693907490803014,nan,1.164159527805315,nan,1.1639515252442865,nan,1.001617236325037,nan,1.0015972005645757,nan
k X m,3,-11.356963800903635,nan,-14.450781541744757,nan,-14.442201051171903,nan,1.0971517161408426,nan,1.0971070566565182,nan,1.0003874232608256,nan,1.000472507638027,nan
D x g,3,-10.017834352813319,nan,-10.49310531479098,nan,-10.50033367712566,nan,1.2097908463812437,nan,1.2094712012203388,nan,1.0123755719331613,nan,1.0114399259325928,nan
y c S,3,-12.3953829383291,nan,-13.711546734614135,nan,-13.724200820899586,nan,1.199568586294779,nan,1.1992743259725305,nan,1.0008395463146118,nan,1.0008860599641802,nan
C X z,3,-13.886131334172104,nan,-13.989140720858433,nan,-13.991761443094932,nan,1.035063174655437,nan,1.035170419401497,nan,1,1,1.0001181269095067,1.0
D i T,3,-12.011805676941332,nan,-13.241946378796131,nan,-13.265290372997434,nan,1.1604261217990648,nan,1.1602273860728567,nan,1.0015481420494254,nan,1.0015343521090305,nan
s X z,3,-11.4584537171994,nan,-12.464265853779619,nan,-12.469540167088558,nan,1.084010170211565,nan,1.0839979169922456,nan,1.0001933238819436,nan,1.0002949928451277,nan
S e D,3,-12.539208100513887,nan,-17.95195263765175,nan,-17.929558436779867,nan,1.106242497905889,nan,1.1061757782775776,nan,1.0021964324739292,nan,1.0021271495141593,nan
d Y z,3,-11.203083365177271,nan,-13.340961391774245,nan,-13.331314357751808,nan,1.0804083679537118,nan,1.0804048963421906,nan,1.0006444129398118,nan,1.0007076800282428,nan
b A p,3,-11.201260754416298,nan,-11.51449025765054,nan,-11.528675153055893,nan,1.1071335992589655,nan,1.1070648874751956,nan,1.0019347898133124,nan,1.001888083980272,nan
b i l,3,-10.284690602902884,nan,-11.348095199557903,nan,-11.359267219088164,nan,1.1450810993503575,nan,1.1449193951781915,nan,1.0075649642957876,nan,1.0070370944031524,nan
b i s,3,-10.12129890980629,nan,-11.490272392104805,nan,-11.50054413137753,nan,1.1665614306132976,nan,1.1663470445908675,nan,1.0025830802378164,nan,1.002480881385401,nan
b X s,3,-11.389821895649575,nan,-12.48585176875964,nan,-12.497882152668174,nan,1.1055999665070984,nan,1.1055344963779592,nan,1.0015512440371792,nan,1.0015369475381448,nan
b Y s,3,-10.944131986230904,nan,-11.850838720149964,nan,-11.863152763616231,nan,1.113912893430671,nan,1.1138271165888103,nan,1.003099903084563,nan,1.0029536053091874,nan
b x l,3,-9.883537432905403,nan,-10.384553120238957,nan,-10.396478164706547,nan,1.1615136293155592,nan,1.1613117839670832,nan,1.0109583804635345,nan,1.0101433416428927,nan
C A l,3,-12.364975969022415,nan,-16.408140448774542,nan,-16.38893148701739,nan,1.112166165585358,nan,1.1120848301192316,nan,1.0008403218115502,nan,1.000886708821459,nan
C i D,3,-12.189514771933084,nan,-17.676272126171103,nan,-17.65165566074598,nan,1.1054708085338931,nan,1.1054059700669676,nan,1.0049795575671556,nan,1.0046723933554225,nan
C i n,3,-11.563205007416022,nan,-13.88836520529588,nan,-13.899527367268126,nan,1.1558719472502492,nan,1.1556834968515293,nan,1.0022621662628077,nan,1.0021871862548308,nan
C X J,3,-15.7797199111143,nan,-17.58073904285426,nan,-17.523787503708654,nan,1.0210233195829732,nan,1.021164997948031,nan,1.0000646997929608,nan,1.0001772985071398,nan
C X g,3,-13.82807086538997,nan,-17.857911779965267,nan,-17.818271479755367,nan,1.0533732160633045,nan,1.0534355542924225,nan,1.0002587991718426,nan,1.0003548133000393,nan
C X T,3,-15.4208890195205,nan,-17.03131137427117,nan,-16.969980425584538,nan,1.0204410214463273,nan,1.0205841279338321,nan,1,1,1.0001181269095067,1.0
C x J,3,-14.110043755273532,nan,-18.01719682627263,nan,-18.00660047838613,nan,1.0984173136543742,nan,1.098369934949831,nan,1.0001935823809232,nan,1.000295209130887,nan
C x n,3,-11.162051837418538,nan,-12.761665455132913,nan,-12.769386712490233,nan,1.172304477215451,nan,1.172075885640421,nan,1.0124865430434489,nan,1.011537812681183,nan
C x S,3,-13.864983857846154,nan,-16.431276541318674,nan,-16.454349647295082,nan,1.0987408126191776,nan,1.098692640513275,nan,1.0002582821738837,nan,1.0003543807285202,nan
C x C,3,-13.92892195867148,nan,-15.76636870007293,nan,-15.797158460127823,nan,1.098093814689571,nan,1.0980472293863872,nan,1.0006464809316478,nan,1.000709410314319,nan
d i k,3,-9.930374225879886,nan,-12.187033551431416,nan,-12.194850031948626,nan,1.166700797475883,nan,1.1664862029424148,nan,1.003298655445076,nan,1.0031350132457584,nan
d i s,3,-9.665039452120102,nan,-12.244077261062694,nan,-12.250865497414757,nan,1.1784761597947235,nan,1.1782326854517733,nan,1.0016164608280986,nan,1.001596551707297,nan
d i t,3,-8.98061665927354,nan,-10.935629332870363,nan,-10.943220419576512,nan,1.2605801970618042,nan,1.2601353574538385,nan,1.0018105602069807,nan,1.0017740665001964,nan
d E p,3,-11.142430836119178,nan,-16.337293253587465,nan,-16.28262237582752,nan,1.1184683567945608,nan,1.11837197343767,nan,1.0003232404658238,nan,1.000413768611913,nan
d X s,3,-10.933562437963387,nan,-12.487340321973127,nan,-12.497796458119026,nan,1.1175146956885242,nan,1.117420137238865,nan,1.0015512440371792,nan,1.0015369475381448,nan
D i D,3,-10.048954415197201,nan,-15.934445223319734,nan,-15.899924118672677,nan,1.1844944447804313,nan,1.184236679993084,nan,1.0055595292129864,nan,1.0052029911622848,nan
D i g,3,-10.418987522810802,nan,-13.949897036713722,nan,-13.947396907777284,nan,1.193358316416042,nan,1.193078812431447,nan,1.0049125312833798,nan,1.0046112751859535,nan
D i C,3,-12.189514771933084,nan,-13.949848264552863,nan,-13.971145229276608,nan,1.1606849209709074,nan,1.1604855505236118,nan,1.001612841842386,nan,1.0015935237066635,nan
d I J,3,-12.06084211746637,nan,-14.650681036899638,nan,-14.64442841586563,nan,1.0869897269552264,nan,1.0869703157218438,nan,1.0075396313957985,nan,1.007015898398718,nan
d I D,3,-9.739159964128438,nan,-14.560565012270207,nan,-14.53372964698528,nan,1.110475751799947,nan,1.110398739627872,nan,1.008574828083169,nan,1.0079626439608482,nan
d Y p,3,-11.26864760892516,nan,-12.55349403338946,nan,-12.563431862469844,nan,1.074197187829488,nan,1.0742089495240674,nan,1.0018737090060643,nan,1.0018319403832723,nan
d Y t,3,-9.803449735698152,nan,-11.478121777034277,nan,-11.48654168986878,nan,1.2079316598791776,nan,1.2076154294517814,nan,1.0029736054863956,nan,1.0028378575430357,nan
d I T,3,-11.70201122587257,nan,-14.005943188512221,nan,-13.999649559535788,nan,1.0864074288185805,nan,1.0863894457076448,nan,1.0075396313957985,nan,1.007015898398718,nan
d I Z,3,-16.407529385694943,nan,-inf,nan,-18.893468468606756,nan,1.0828489402057442,nan,1.0828396845097619,nan,1.0075396313957985,nan,1.007015898398718,nan
f i k,3,-10.967246947835962,nan,-13.263832053120755,nan,-13.272645983209095,nan,1.1360445213117818,nan,1.135904770240841,nan,1.0036208619149818,nan,1.0034297898051265,nan
f i s,3,-10.701912174076178,nan,-13.320875762752031,nan,-13.328661448675227,nan,1.1478198836306224,nan,1.1476512527501994,nan,1.0019386672980044,nan,1.001891328266665,nan
f X s,3,-11.970435159919463,nan,-14.228135991456911,nan,-14.226775390840407,nan,1.086858419524423,nan,1.0868387045372911,nan,1.0016156853311604,nan,1.0015959028500185,nan
f X t,3,-11.286012367072903,nan,-13.60170090585988,nan,-13.600838316769579,nan,1.1689624567915038,nan,1.1687413765393564,nan,1.0012274865733963,nan,1.0012408732642197,nan
f Y k,3,-11.790080024260574,nan,-12.42724427137673,nan,-12.43959180309703,nan,1.0833959841291552,nan,1.0833848422387837,nan,1.0023913073497497,nan,1.0023053131643374,nan
f x l,3,-10.464150697175288,nan,-12.030117600664662,nan,-12.04033781618342,nan,1.142772082332884,nan,1.1426159921264152,nan,1.001678834130244,nan,1.0016537767330942,nan
g e s,3,-10.545501691980112,nan,-13.67790482925413,nan,-13.669313721210534,nan,1.164563750499881,nan,1.164354244385159,nan,1.0021997929606625,nan,1.0021299612290333,nan
g W d,3,-11.811992423689958,nan,-17.366367139896628,nan,-16.972683763221433,nan,1.11495377709559,nan,1.1148654335637072,nan,1.0013586956521738,nan,1.0013607304598025,nan
g W r,3,-11.584246460774295,nan,-20.614864382543583,nan,-19.83304676991072,nan,1.1431628868264387,nan,1.1430053586960163,nan,1.0000646997929608,nan,1.0001772985071398,nan
g W z,3,-12.33688370292597,nan,-16.598447414763765,nan,-16.208154530611278,nan,1.0670759303046997,nan,1.0671050101740078,nan,1.0004528985507246,nan,1.0005323280929386,nan
g i C,3,-12.559547879546685,nan,-13.744407182843105,nan,-13.772522659186512,nan,1.1067788219176453,nan,1.1067110564664322,nan,1.0004528985507246,nan,1.0005323280929386,nan
g i J,3,-12.740669676148734,nan,-14.82174637585106,nan,-14.835811444007707,nan,1.1071023208824486,nan,1.107033762029876,nan,1.0004528985507246,nan,1.0005323280929386,nan
g i D,3,-10.418987522810802,nan,-15.729004141609977,nan,-15.701301548582581,nan,1.1305883457271693,nan,1.1304621859359043,nan,1.004399585921325,nan,1.0041417955485599,nan
g X g,3,-12.057543616267688,nan,-15.473512013342681,nan,-15.446887742942689,nan,1.0784907532565806,nan,1.0784917701613592,nan,1.0002587991718426,nan,1.0003548133000393,nan
g u v,3,-11.837299291884246,nan,-18.91613054063223,nan,-18.63513539013309,nan,1.1865076955131786,nan,1.1862451326969046,nan,1.0015527950310559,nan,1.001538245252702,nan
h e s,3,-10.75479313048617,nan,-11.403003556313296,nan,-11.414216732093163,nan,1.1956708542546308,nan,1.1953854040382268,nan,1.0063884770694393,nan,1.0059620565008174,nan
h e n,3,-10.415600626205931,nan,-11.647737878118985,nan,-11.656590568062757,nan,1.2100989080848585,nan,1.2097780721678253,nan,1.0058061789327934,nan,1.005429512122119,nan
h i n,3,-10.001969196799799,nan,-9.555641692942828,nan,-9.569778549309776,nan,1.2120965881982753,nan,1.2117708723735339,nan,1.032227367964058,nan,1.0296014062760546,nan
h Y s,3,-11.16399477750465,nan,-11.6221760151761,nan,-11.633884693361885,nan,1.145019997185421,nan,1.1448582762418782,nan,1.0049042593160362,nan,1.0046043540416483,nan
h x s,3,-9.940008531082555,nan,-10.563525719772064,nan,-10.576380524284255,nan,1.2141010643332493,nan,1.213770593032827,nan,1.0081451944405975,nan,1.0075679084957745,nan
J X T,3,-15.60201081612255,nan,-inf,nan,-19.192222618609804,nan,1.025013701294334,nan,1.0251456441561257,nan,1,1,1.0001181269095067,1.0
J x n,3,-11.343173634020589,nan,-9.641654722408187,nan,-9.691208488770684,nan,1.1768771570634575,nan,1.1766374018627146,nan,1.017835170443887,nan,1.0164311035666918,nan
k e d,3,-10.344005655286018,nan,-12.029895547958422,nan,-12.037878709996646,nan,1.17513723926406,nan,1.1749018917942202,nan,1.002520189937712,nan,1.0024232237880846,nan
k X m,3,-11.356963800903635,nan,-14.450781541744757,nan,-14.442201051171903,nan,1.0971517161408426,nan,1.0971070566565182,nan,1.0003874232608256,nan,1.000472507638027,nan
l e l,3,-10.215134710322879,nan,-11.66248853163671,nan,-11.671811276659632,nan,1.1649163554126347,nan,1.1647062287662513,nan,1.001744309420143,nan,1.001713597188006,nan
m A b,3,-10.76887182061286,nan,-15.953962196912109,nan,-15.936487187914693,nan,1.1160491532242016,nan,1.115958607191616,nan,1.0025150199581225,nan,1.0024188980728939,nan
m e p,3,-11.017512551087146,nan,-12.849850431143743,nan,-12.858193809798298,nan,1.1157670891442057,nan,1.1156772915831852,nan,1.0045150265623544,nan,1.0042484593128114,nan
m A v,3,-11.698394297696634,nan,-12.721743398315182,nan,-12.733811365189952,nan,1.1055677867645741,nan,1.1055029469360333,nan,1.0029679185088471,nan,1.002833099256326,nan
m A z,3,-10.837503642162684,nan,-12.224982581547907,nan,-12.23295116987411,nan,1.116178552810123,nan,1.1160876894169938,nan,1.0021915209933192,nan,1.0021230400847283,nan
m X n,3,-10.752436522863611,nan,-14.13942068650697,nan,-14.114112933089206,nan,1.1228617937642598,nan,1.1227540196312327,nan,1.0014233954451346,nan,1.0014199020574357,nan
m X s,3,-11.091629027143851,nan,-14.574137593747759,nan,-14.548365370754837,nan,1.108433739934032,nan,1.1083613515016342,nan,1.001164596273292,nan,1.0011832156669032,nan
m Y d,3,-10.836258675121723,nan,-10.896378981610088,nan,-10.910740244981778,nan,1.1192052589901098,nan,1.119106533994659,nan,1.0056814323285028,nan,1.0053150620705245,nan
m x b,3,-10.068531886385816,nan,-13.661081970874681,nan,-13.6569056236297,nan,1.1402790797611266,nan,1.140129345170531,nan,1.0034265040371202,nan,1.0032520587264675,nan
n e s,3,-9.549158819849449,nan,-13.352688408721873,nan,-13.354218325130226,nan,1.1749327850847975,nan,1.174697964269515,nan,1.0024575581365873,nan,1.0023657824765277,nan
n e n,3,-9.20996631556921,nan,-13.597422730527562,nan,-13.59659216109982,nan,1.1893608389150252,nan,1.1890906323991135,nan,1.0018752599999414,nan,1.0018332380978294,nan
n c d,3,-9.581006668128882,nan,-14.21256263803572,nan,-14.194341251375379,nan,1.1461373496364289,nan,1.1459728459139926,nan,1.0041907521006128,nan,1.003951952467367,nan
n W d,3,-10.815649551559293,nan,-12.719114559330155,nan,-12.724102431860404,nan,1.1253228116805065,nan,1.125209153448063,nan,1.0134736589206363,nan,1.0124443290920393,nan
n c G,3,-10.626955509749624,nan,-12.427823681576143,nan,-12.437493585026086,nan,1.0844137471519568,nan,1.0844006244088937,nan,1.0043848514794946,nan,1.0041294672602663,nan
n i n,3,-8.796334886163077,nan,-11.911965620870063,nan,-11.91766949406651,nan,1.191358519028442,nan,1.1910834326048219,nan,1.0021332836748456,nan,1.0020692756310836,nan
p e k,3,-10.93446117826992,nan,-12.665630982634259,nan,-12.671748566804109,nan,1.1442870679002393,nan,1.144127196504776,nan,1.006340062712186,nan,1.0059165109060348,nan
p e m,3,-11.017512551087146,nan,-13.596657284290465,nan,-13.600618038403704,nan,1.1394992832211501,nan,1.1393511541658061,nan,1.0021345761697429,nan,1.002070357059881,nan
p e p,3,-11.449901484890585,nan,-13.643352708047205,nan,-13.64824654098517,nan,1.104431995436471,nan,1.1043698710884857,nan,1.001164079275333,nan,1.001182783095384,nan
p i m,3,-10.603881121681013,nan,-13.085389981181024,nan,-13.09310238271313,nan,1.1414969633345668,nan,1.1413439543715145,nan,1.0029050282087428,nan,1.0027754416590096,nan
p X b,3,-12.170596976030025,nan,-14.919607274550426,nan,-14.916850806372572,nan,1.0515499919819908,nan,1.0516169876740313,nan,1.0004521230537862,nan,1.0005316792356602,nan
p X d,3,-11.714337518343836,nan,-12.346770685992745,nan,-12.360683215877987,nan,1.0995572383588024,nan,1.0995064932891083,nan,1.0006462224326682,nan,1.0007091940285595,nan
p X v,3,-13.100119453113798,nan,-15.640004878346899,nan,-15.594548961506682,nan,1.0410686255223633,nan,1.0411613274184486,nan,1.0003227234678649,nan,1.000413336040394,nan
r e m,3,-10.199311065187581,nan,-14.534266501573416,nan,-14.533130335733727,nan,1.1273269382736393,nan,1.127208526475475,nan,1.0022634587577053,nan,1.0021882676836282,nan
r i g,3,-10.094443857054863,nan,-14.661462605169206,nan,-14.657397523022723,nan,1.118778552134468,nan,1.1186811253129119,nan,1.0042681183435678,nan,1.0040217220672174,nan
r i s,3,-9.43729348920444,nan,-13.414730314294486,nan,-13.414193931529628,nan,1.1458877653849857,nan,1.1457238515295118,nan,1.0018742260040232,nan,1.0018323729547913,nan
r i t,3,-8.752870696357878,nan,-12.106282386102155,nan,-12.106548853691383,nan,1.2279918026520664,nan,1.227626523531577,nan,1.0020683253829052,nan,1.0020098877476908,nan
r i z,3,-10.152504325836997,nan,-11.536669410374563,nan,-11.54262749999885,nan,1.1004685107266006,nan,1.1004159904219863,nan,1.0088618036437749,nan,1.00822290549917,nan
r E p,3,-10.914684873203516,nan,-15.96921396164508,nan,-15.931892259920133,nan,1.085879962384823,nan,1.0858631395154086,nan,1.0019987141093345,nan,1.0019466067206266,nan
r I D,3,-9.511414001212778,nan,-16.742894630160297,nan,-16.70690029080044,nan,1.0778873573902092,nan,1.0778899057056106,nan,1.0013574031572765,nan,1.001359649031005,nan
r I S,3,-11.588036257123331,nan,-14.716462118773597,nan,-14.737962888784734,nan,1.054724831510292,nan,1.0547841873630264,nan,1.0007751050206306,nan,1.0008271046523067,nan
r I T,3,-11.474265262956909,nan,-16.18827280640231,nan,-16.172820203350952,nan,1.0538190344088427,nan,1.0538806117853834,nan,1.000322206469906,nan,1.000412903468875,nan
r I Z,3,-16.17978342277928,nan,-inf,nan,-21.06663911242192,nan,1.0502605457960064,nan,1.0503308505875004,nan,1.000322206469906,nan,1.000412903468875,nan
r I z,3,-9.939507577608513,nan,-11.827151363934867,nan,-11.832139335109552,nan,1.0684411876179525,nan,1.0684669032530483,nan,1.0014221029502373,nan,1.001418820628638,nan
r x l,3,-9.199532012303552,nan,-12.963500909252867,nan,-12.963478508877511,nan,1.1408399640872473,nan,1.1406885909057276,nan,1.0021943644820936,nan,1.002125419228083,nan
s i g,3,-10.13187026257398,nan,-12.73452953828781,nan,-12.738662320167881,nan,1.1632816757256317,nan,1.1630756000960794,nan,1.0130321343250088,nan,1.012039644482027,nan
s i v,3,-11.050821386890064,nan,-13.134649230924696,nan,-13.141238018695894,nan,1.1343608682722155,nan,1.1342257227241934,nan,1.0100559438488184,nan,1.0093177509909028,nan
s X d,3,-10.933562437963387,nan,-13.066813580432301,nan,-13.069766348407441,nan,1.1318880170024552,nan,1.131758340381945,nan,1.0006462224326682,nan,1.0007091940285595,nan
s X g,3,-11.400393248417265,nan,-16.333036912886453,nan,-16.296050203748994,nan,1.1023202116194324,nan,1.102263051883171,nan,1.0004521230537862,nan,1.0005316792356602,nan
s X k,3,-11.008577654326626,nan,-13.648916081049789,nan,-13.648744840508769,nan,1.1176540625511096,nan,1.1175592955904126,nan,1.000516822846747,nan,1.0005908508332932,nan
s X m,3,-11.091629027143851,nan,-13.90975333649892,nan,-13.907925626942527,nan,1.1128662778720204,nan,1.1127832532514428,nan,1.0003874232608256,nan,1.000472507638027,nan
S x J,3,-14.046105654448205,nan,-17.33157365725792,nan,-17.332373980615426,nan,1.1011866831397867,nan,1.1011325433661496,nan,1.0003869062628667,nan,1.000472075066508,nan
S x C,3,-13.864983857846156,nan,-15.08074553105822,nan,-15.122931962357123,nan,1.1008631841749834,nan,1.1008098378027058,nan,1.0008398048135914,nan,1.00088627624994,nan
s Y b,3,-10.944131986230904,nan,-15.169904034846354,nan,-15.159985417148103,nan,1.0921936975492164,nan,1.092161454977719,nan,1.0013586956521738,nan,1.0013607304598025,nan
s Y v,3,-11.87365446331468,nan,-15.1631943601117,nan,-15.151061700357193,nan,1.0817123310895889,nan,1.0817057947221362,nan,1.0003234989648033,nan,1.0004139848976723,nan
s x J,3,-11.682366138300829,nan,-14.84765102702142,nan,-14.837801742996199,nan,1.1473643092105021,nan,1.1471974325405796,nan,1.003351205786001,nan,1.0031840194126935,nan
s x g,3,-9.730717092576496,nan,-12.498597668299158,nan,-12.502948092115638,nan,1.1797142056908334,nan,1.179467988884971,nan,1.0039982037156074,nan,1.0037757353890249,nan
s x S,3,-11.43730624087345,nan,-13.261730742067462,nan,-13.28555091190515,nan,1.1476878081753055,nan,1.1475201381040236,nan,1.0034159055789615,nan,1.0032431910103268,nan
t e s,3,-9.203928531283129,nan,-12.732939729880089,nan,-12.738536124813121,nan,1.153808292265837,nan,1.1536250442566658,nan,1.0050996511898158,nan,1.0047829502633454,nan
t E m,3,-9.835299552072636,nan,-13.851710580247495,nan,-13.85683351476051,nan,1.1308654571637702,nan,1.130738415525591,nan,1.0049109802895029,nan,1.0046099774713961,nan
t X t,3,-9.37439729487372,nan,-12.442814012801751,nan,-12.452724552393278,nan,1.1769485455401352,nan,1.1767079682515311,nan,1.0020007821011705,nan,1.0019483370067028,nan
T i n,3,-11.38549591242427,nan,-15.626504633615035,nan,-15.539191184890337,nan,1.1579972773204494,nan,1.1578036381942856,nan,1.0016821946169772,nan,1.0016565884479682,nan
T X T,3,-15.24317992452875,nan,-16.49591254614044,nan,-16.44217910552236,nan,1.0225663515165275,nan,1.0227042692765884,nan,1.0001288825879624,nan,1.000236037533254,nan
T x J,3,-13.932334660281782,nan,-18.237465535683175,nan,-18.215179217988464,nan,1.1005426437245744,nan,1.1004900762925873,nan,1.0000646997929608,nan,1.0001772985071398,nan
T x S,3,-13.687274762854404,nan,-16.651545250729217,nan,-16.662928386897416,nan,1.1008661426893778,nan,1.1008127818560314,nan,1.0001293995859213,nan,1.000236470104773,nan
T x C,3,-13.751212863679733,nan,-15.986637409483475,nan,-16.00573719973016,nan,1.1002191447597711,nan,1.1001673707291435,nan,1.0005175983436854,nan,1.0005914996905718,nan
t Y s,3,-9.613130178301608,nan,-13.899199774962165,nan,-13.903397963082714,nan,1.1031574351966271,nan,1.103097916460317,nan,1.003099903084563,nan,1.0029536053091874,nan
t x l,3,-8.552535624976107,nan,-11.514937351551142,nan,-11.52030998257407,nan,1.1507581710815153,nan,1.15058258383859,nan,1.0014210689543193,nan,1.0014179554856,nan
v e t,3,-10.780030023449637,nan,-15.343033688004102,nan,-15.309513748018077,nan,1.2206485953923885,nan,1.2203012466153,nan,1.0014880952380953,nan,1.0014790736550687,nan
v i n,3,-10.711628882609826,nan,-15.716214766577938,nan,-15.67597764085349,nan,1.1549702920689522,nan,1.1547840429485419,nan,1.0016821946169772,nan,1.0016565884479682,nan
v X n,3,-11.980151868453111,nan,-13.521641139792159,nan,-13.506774696780504,nan,1.094008827962753,nan,1.0939714947356336,nan,1.0014233954451346,nan,1.0014199020574357,nan
v e D,3,-11.75157007653302,nan,-20.274425589689002,nan,-20.193526108486832,nan,1.1025714732391794,nan,1.1025137159582716,nan,1.0013586956521738,nan,1.0013607304598025,nan
v Y k,3,-12.138989237074462,nan,-17.645985358894464,nan,-17.347147559547505,nan,1.0761183387372573,nan,1.0761249643075277,nan,1.0018113357039191,nan,1.001774715357475,nan
v Y r,3,-11.83622805779556,nan,-19.35128187384384,nan,-19.03974490889976,nan,1.1185614029194517,nan,1.1184639342313691,nan,1.0004526400517453,nan,1.0005321118071793,nan
v Y t,3,-11.189231670468118,nan,-17.39295587464331,nan,-17.09190537116806,nan,1.1699977383231785,nan,1.1697741188189514,nan,1.002393633840565,nan,1.0023072597361733,nan
w e s,3,-10.330278242800812,nan,-9.695244379675797,nan,-9.708479962364635,nan,1.2457127168166195,nan,1.2453050956540315,nan,1.0187612055138267,nan,1.0172814763805487,nan
w x J,3,-12.12429305697195,nan,-12.702404377420836,nan,-12.696399954468063,nan,1.204683817164389,nan,1.2043770020876403,nan,1.0362162657164045,nan,1.0332512284682294,nan
w x S,3,-11.879233159544572,nan,-11.116484092466877,nan,-11.144149123377014,nan,1.2050073161291923,nan,1.2046997076510844,nan,1.036280965509365,nan,1.0333104000658626,nan
w x C,3,-11.943171260369901,nan,-10.451576251221134,nan,-10.486957936209759,nan,1.2043603181995857,nan,1.2040542965241965,nan,1.036669164267129,nan,1.0336654296516614,nan
y c d,3,-10.221962979578269,nan,-14.318700952796075,nan,-14.289814708700375,nan,1.2611627891933297,nan,1.2607174652522517,nan,1.0009042461075726,nan,1.0009452315618135,nan
y c g,3,-10.688793790032147,nan,-14.240509278616383,nan,-14.22983114905375,nan,1.2315949838103069,nan,1.231222176753478,nan,1.0013571446582972,nan,1.0013594327452453,nan
y c G,3,-11.26791182119901,nan,-12.5339619963365,nan,-12.532967042351082,nan,1.1994391867088576,nan,1.1991452437471528,nan,1.0010983454864544,nan,1.0011227463547128,nan
y X C,3,-13.472684304708691,nan,-13.335296581822242,nan,-13.303578276810443,nan,1.1712118319532636,nan,1.170986847476139,nan,1.0104394896249516,nan,1.00966888743303,nan
y X g,3,-11.70215705558641,nan,-13.921153778873116,nan,-13.895116814098794,nan,1.2038852273983982,nan,1.2035801093839742,nan,1.0106982887967941,nan,1.0099055738235625,nan
y X T,3,-13.294975209716942,nan,-13.094553373179016,nan,-13.046825759927962,nan,1.170953032781421,nan,1.1707286830253838,nan,1.0104394896249516,nan,1.00966888743303,nan
y X v,3,-12.621108179902496,nan,-13.948164638773115,nan,-13.902698704385935,nan,1.174964419944982,nan,1.1747302320120883,nan,1.0105688892108728,nan,1.0097872306282962,nan
y x J,3,-11.984129945469974,nan,-14.815285034908172,nan,-14.803483161768014,nan,1.248929324989468,nan,1.2485144900413827,nan,1.0025134689642456,nan,1.0024176003583367,nan
y x S,3,-11.739070048042596,nan,-13.229364749954213,nan,-13.251232330676965,nan,1.2492528239542713,nan,1.2488371956048268,nan,1.0025781687572062,nan,1.00247677195597,nan
y x C,3,-11.803008148867923,nan,-12.564456908708468,nan,-12.594041143509711,nan,1.2486058260246646,nan,1.2481917844779389,nan,1.0029663675149703,nan,1.0028318015417688,nan
b O n,3,-13.019945667459707,nan,-12.808779750816388,nan,-12.824968320243162,nan,1.1067531137772024,nan,1.1066846857212373,nan,1.0010955019976802,nan,1.001120367211358,nan
b O r,3,-13.32171176622083,nan,-inf,nan,-15.292516750729796,nan,1.1229927618103286,nan,1.1228845050061218,nan,1.0010955019976802,nan,1.001120367211358,nan
b O s,3,-13.359138171739946,nan,-13.677429034999124,nan,-13.627069002445651,nan,1.0923250599469747,nan,1.0922920175916389,nan,1.001160201790641,nan,1.001179538808991,nan
b U n,3,-10.863654499049742,nan,-inf,nan,-17.000791491801735,nan,1.1362672264205842,nan,1.136126701663639,nan,1.0005155303518494,nan,1.0005897694044956,nan
b u r,3,-10.21320004143093,nan,-11.885931729034036,nan,-11.894267745663594,nan,1.2732054180804664,nan,1.2727302236998734,nan,1.0175300249066268,nan,1.016150601867453,nan
b U s,3,-11.202847003329982,nan,-inf,nan,-17.263895673271534,nan,1.1218391725903565,nan,1.1217340335340404,nan,1.0005155303518494,nan,1.0005897694044956,nan
b W r,3,-11.573675108006608,nan,-16.362755858269956,nan,-15.979302624501978,nan,1.1431628868264387,nan,1.1430053586960163,nan,1.0006446714387913,nan,1.0007078963140024,nan
C e D,3,-12.603146201339216,nan,-18.26847834272917,nan,-18.237967187184374,nan,1.1034731284204764,nan,1.1034131698612593,nan,1.0016164608280986,nan,1.001596551707297,nan
C i D,3,-12.189514771933084,nan,-17.676272126171103,nan,-17.65165566074598,nan,1.1054708085338931,nan,1.1054059700669676,nan,1.0049795575671556,nan,1.0046723933554225,nan
C O b,3,-15.786815788712651,nan,-20.859210364622783,nan,-20.181571594948373,nan,1.0216588685093921,nan,1.021798858389799,nan,1,1,1.0001181269095067,1.0
C O g,3,-15.79738714148034,nan,-21.071782563169304,nan,-20.274904268237556,nan,1.0400983095031808,nan,1.0401930755061022,nan,1,1,1.0001181269095067,1.0
C O v,3,-16.716338265796427,nan,-inf,nan,-21.42192044171306,nan,1.0111775020497646,nan,1.0113431981342162,nan,1,1,1.0001181269095067,1.0
C u D,3,-12.318842309076839,nan,-17.763843989789926,nan,-17.737561757520083,nan,1.181447094137708,nan,1.1811966617614906,nan,1.0012929618632953,nan,1.0013006937191313,nan
C u S,3,-14.395464564987392,nan,-16.07264609110409,nan,-16.09519755097533,nan,1.1582845682577907,nan,1.1580909434189064,nan,1.001357661656256,nan,1.0013598653167644,nan
C u T,3,-14.28169357082097,nan,-15.113467048860583,nan,-15.144228524335743,nan,1.1573787711563415,nan,1.1571873678412634,nan,1.0018752599999414,nan,1.0018332380978294,nan
D e C,3,-12.603146201339214,nan,-13.130526729850079,nan,-13.109398798567911,nan,1.1586872408574906,nan,1.1584927503179032,nan,1.018301844488615,nan,1.0168618680531283,nan
D e D,3,-10.462585844603334,nan,-14.897497187008245,nan,-14.860108988923576,nan,1.1824967646670146,nan,1.1822438797873753,nan,1.0195311405548675,nan,1.0179861284081577,nan
D e J,3,-12.784267997941265,nan,-11.85406596992489,nan,-11.884853612341068,nan,1.159010739822294,nan,1.158815455881347,nan,1.018301844488615,nan,1.0168618680531283,nan
D e S,3,-12.539208100513887,nan,-12.546438085395932,nan,-12.549713776573322,nan,1.1593342387870973,nan,1.159138161444791,nan,1.018301844488615,nan,1.0168618680531283,nan
D i C,3,-12.189514771933084,nan,-13.949848264552863,nan,-13.971145229276608,nan,1.1606849209709074,nan,1.1604855505236118,nan,1.001612841842386,nan,1.0015935237066635,nan
D i D,3,-10.048954415197201,nan,-15.934445223319734,nan,-15.899924118672677,nan,1.1844944447804313,nan,1.184236679993084,nan,1.0055595292129864,nan,1.0052029911622848,nan
D i S,3,-12.125576671107755,nan,-14.34658887311044,nan,-14.360252702060711,nan,1.161331918900514,nan,1.1611309616504997,nan,1.001806941221268,nan,1.001771038499563,nan
D i T,3,-12.011805676941332,nan,-13.241946378796131,nan,-13.265290372997434,nan,1.1604261217990648,nan,1.1602273860728567,nan,1.0015481420494254,nan,1.0015343521090305,nan
d u r,3,-9.75694058374474,nan,-10.596613783361278,nan,-10.606893213770006,nan,1.2851201472618923,nan,1.2846158645607793,nan,1.0268740125338984,nan,1.024699122089125,nan
D W C,3,-13.679317375652516,nan,-16.662153863931138,nan,-16.533687141545546,nan,1.1066186753206946,nan,1.1065513772142777,nan,1,1,1.0001181269095067,1.0
D W D,3,-11.538757018916634,nan,-19.450467828966605,nan,-19.272147027757512,nan,1.1304281991302185,nan,1.1303025066837498,nan,1.0012292960662525,nan,1.0012423872645362,nan
D W T,3,-13.501608280660765,nan,-14.548799089430764,nan,-14.461221914412517,nan,1.106359876148852,nan,1.1062932127635225,nan,1.0000646997929608,nan,1.0001772985071398,nan
f U n,3,-11.444267763319628,nan,-inf,nan,-18.347902106509363,nan,1.117525679437909,nan,1.1174309098229709,nan,1.0002577651759248,nan,1.0003539481570012,nan
f u r,3,-10.793813305700816,nan,-13.920820101388518,nan,-13.912210110499142,nan,1.2544638710977911,nan,1.2540344318592054,nan,1.0166922880848714,nan,1.0153841828130963,nan
f U s,3,-11.783460267599867,nan,-inf,nan,-18.611006287979162,nan,1.1030976256076812,nan,1.1030382416933724,nan,1.0002577651759248,nan,1.0003539481570012,nan
f W r,3,-12.154288372276493,nan,-18.5198383894458,nan,-18.11060620078742,nan,1.1244213398437635,nan,1.1243095668553482,nan,1.0002580236749044,nan,1.0003541644427607,nan
f x r,3,-10.263332598559577,nan,-13.36342687808278,nan,-13.370537310577294,nan,1.194920115459178,nan,1.194636128953574,nan,1.001484734751362,nan,1.001476261940195,nan
g U n,3,-10.87422585181743,nan,-inf,nan,-16.833117712096268,nan,1.1362672264205842,nan,1.136126701663639,nan,1.0023843278773037,nan,1.00229947344883,nan
g U S,3,-13.577157872245046,nan,-13.302259589625994,nan,-13.324267991194198,nan,1.0627035618243108,nan,1.062743456536493,nan,1.0030960255998709,nan,1.0029503610227943,nan
g U T,3,-13.463386878078623,nan,-inf,nan,-16.688210662565744,nan,1.0617977647228616,nan,1.06183988095885,nan,1.0023843278773037,nan,1.00229947344883,nan
g W C,3,-14.049350483266117,nan,-18.631689500894026,nan,-18.23218455634133,nan,1.0527125762674325,nan,1.052776883157098,nan,1,1,1.0001181269095067,1.0
g W D,3,-11.908790126530235,nan,-21.420003465929494,nan,-20.970644442553297,nan,1.0765221000769565,nan,1.0765280126265702,nan,1.0012292960662525,nan,1.0012423872645362,nan
g W T,3,-13.871641388274366,nan,-16.518334726393654,nan,-16.159719329208304,nan,1.05245377709559,nan,1.052518718706343,nan,1.0000646997929608,nan,1.0001772985071398,nan
g x r,3,-9.69329068705738,nan,-11.717532538941585,nan,-11.726415994701199,nan,1.2136616624418533,nan,1.2133319207942421,nan,1.0031602083948727,nan,1.0030091000489085,nan
h U n,3,-11.083517290323488,nan,-inf,nan,-19.69401653273298,nan,1.167374330175334,nan,1.1671578613167068,nan,1,1,1.0001181269095067,1.0
h u r,3,-10.433062832704678,nan,-11.467778977787603,nan,-11.475192544362633,nan,1.3043125218352163,nan,1.3037613833529413,nan,1.020816530899667,nan,1.0191573227730066,nan
h U s,3,-11.422709794603728,nan,-inf,nan,-19.95712071420278,nan,1.1529462763451064,nan,1.1527651931871084,nan,1,1,1.0001181269095067,1.0
h W r,3,-11.793537899280354,nan,-14.998480124724551,nan,-14.620438720059557,nan,1.1742699905811886,nan,1.1740365183490842,nan,1.0051555620174741,nan,1.0048347681451542,nan
J O b,3,-15.967937585314703,nan,-17.797019202786878,nan,-17.685314916678546,nan,1.0262315483573987,nan,1.0263603746120926,nan,1,1,1.0001181269095067,1.0
J x r,3,-11.644939732781712,nan,-11.79465607234284,nan,-11.841904469505756,nan,1.1931168050965837,nan,1.192837221147599,nan,1.0061245079180072,nan,1.0057210443950941,nan
k E G,3,-11.672939371119256,nan,-16.9227426606743,nan,-16.813461911671986,nan,1.1070339486754508,nan,1.106965566406375,nan,1.0000646997929608,nan,1.0001772985071398,nan
k E S,3,-12.800410488249346,nan,-17.928948983225766,nan,-17.81929246688913,nan,1.107163348261372,nan,1.1070946486317526,nan,1,1,1.0001181269095067,1.0
k i b,3,-10.386633683566075,nan,-14.8006782364384,nan,-14.793437449397022,nan,1.1291276730006652,nan,1.1290051863848516,nan,1.0007106637266494,nan,1.000768149340433,nan
k i C,3,-12.167732285456044,nan,-13.720716205141855,nan,-13.747367634379847,nan,1.1148937185493193,nan,1.1148061415933195,nan,1.0007106637266494,nan,1.000768149340433,nan
k i D,3,-10.027171928720163,nan,-15.705313163908727,nan,-15.676146523775914,nan,1.1387032423588432,nan,1.1385572710627916,nan,1.0046573510972499,nan,1.0043776167960543,nan
k i r,3,-9.702628262964224,nan,-11.053671490772354,nan,-11.062450161298065,nan,1.2053440291083255,nan,1.2050346171322377,nan,1.0247142869150552,nan,1.0227208120623266,nan
k u f,3,-11.096574484979719,nan,-15.012288407553458,nan,-15.000910386375876,nan,1.1952695900744592,nan,1.1949856289506797,nan,1.0022644927536233,nan,1.0021891328266663,nan
k U m,3,-11.16998890858404,nan,-17.08391009755512,nan,-16.809352648345797,nan,1.1133909222241007,nan,1.1133065938125994,nan,1.0011599432916614,nan,1.0011793225232317,nan
k U n,3,-10.48241025772679,nan,-inf,nan,-17.8356315979399,nan,1.1443821230522582,nan,1.1442217867905262,nan,1.0011599432916614,nan,1.0011793225232317,nan
k U p,3,-11.60237784238748,nan,-16.427285313038865,nan,-16.22027528127227,nan,1.0783236344394216,nan,1.078325310735279,nan,1.0013540426705434,nan,1.001356837316131,nan
k u r,3,-9.83195580010798,nan,-13.54851231129641,nan,-13.535061164748338,nan,1.2813203147121404,nan,1.2808253088267607,nan,1.0166278467908902,nan,1.0153252275012226,nan
l U n,3,-10.380467177063602,nan,-inf,nan,-16.397738530335253,nan,1.1581001625962781,nan,1.157906335457407,nan,1.0101172831550458,nan,1.009374110873662,nan
l X l,3,-11.070026266760031,nan,-13.654730702056648,nan,-13.650285315393724,nan,1.1059525714198521,nan,1.1058864807590514,nan,1.0008408388095091,nan,1.000887141392978,nan
m W l,3,-11.476300338116593,nan,-13.558097499464512,nan,-13.557984619856011,nan,1.0938486271270784,nan,1.0938120769925324,nan,1.0009697213974715,nan,1.0010050520167253,nan
m W r,3,-11.275482239500882,nan,-16.430886100709824,nan,-16.046496180997295,nan,1.1459966602533724,nan,1.1458322138196912,nan,1.0002580236749044,nan,1.0003541644427607,nan
m W t,3,-10.628485852173437,nan,-10.746488664364282,nan,-10.764366626599369,nan,1.1974329956570993,nan,1.1971423984072735,nan,1.0003227234678649,nan,1.000413336040394,nan
n c n,3,-9.0514946064521,nan,-10.543044057357893,nan,-10.551539538231001,nan,1.1581068113341515,nan,1.1579129517614173,nan,1.0107254311896396,nan,1.0099282838283137,nan
n W C,3,-13.053007611135452,nan,-13.984436920327557,nan,-13.983603224980302,nan,1.063081610852349,nan,1.063120603041454,nan,1.0121149632684625,nan,1.0112017255417436,nan
n W D,3,-10.912447254399572,nan,-16.77275088536302,nan,-16.72206311119227,nan,1.086891134661873,nan,1.086871732510926,nan,1.013344259334715,nan,1.012325985896773,nan
n x r,3,-8.696947814926716,nan,-11.67258481288992,nan,-11.677864920652326,nan,1.2240306970267698,nan,1.223675640678598,nan,1.001806941221268,nan,1.001771038499563,nan
p c k,3,-10.775989469152812,nan,-13.046243745609846,nan,-13.05272510483444,nan,1.1130330403193653,nan,1.1129495158670797,nan,1.0016164608280986,nan,1.001596551707297,nan
p c p,3,-11.291429775773475,nan,-13.334892986955548,nan,-13.342350801061087,nan,1.073177967855597,nan,1.0731921904507895,nan,1.0004518645548068,nan,1.0005314629499005,nan
p c s,3,-10.510654695393027,nan,-14.647675682233674,nan,-14.641998334447596,nan,1.124808402638206,nan,1.1246959983764382,nan,1.0003224649688855,nan,1.0004131197546342,nan
p O l,3,-13.656725930134256,nan,-15.975570823751708,nan,-15.903867337584046,nan,1.0623434084032335,nan,1.0623838028079382,nan,1.0001293995859213,nan,1.000236470104773,nan
p O m,3,-13.841720383614671,nan,-inf,nan,-18.790805938750317,nan,1.067260592668244,nan,1.0672889273722859,nan,1,1,1.0001181269095067,1.0
p O n,3,-13.154141732757422,nan,-16.041175538003355,nan,-15.94588387743653,nan,1.0982517934964013,nan,1.0982041203502126,nan,1,1,1.0001181269095067,1.0
p O r,3,-13.455907831518545,nan,-inf,nan,-18.413432307923163,nan,1.1144914415295275,nan,1.114403939635097,nan,1,1,1.0001181269095067,1.0
p O s,3,-13.493334237037661,nan,-16.90982482218609,nan,-16.74798455963902,nan,1.0838237396661736,nan,1.0838114522206141,nan,1.0000646997929608,nan,1.0001772985071398,nan
p O t,3,-12.8089114441911,nan,-18.36952026641969,nan,-17.66748006802638,nan,1.1659277769332543,nan,1.1657141242226794,nan,1,1,1.0001181269095067,1.0
p u k,3,-10.650157286007545,nan,-12.781979929850936,nan,-12.788895683369475,nan,1.2222610336174708,nan,1.2219106884050073,nan,1.0144896516354347,nan,1.0133699693502147,nan
p U m,3,-11.685429215204705,nan,-15.539374920151914,nan,-15.273904170680769,nan,1.0967747053116257,nan,1.0967309433146875,nan,1.0093439876272716,nan,1.0086666471311787,nan
p U n,3,-10.997850564347456,nan,-inf,nan,-16.300183120274873,nan,1.1277659061397831,nan,1.1276461362926142,nan,1.0093439876272716,nan,1.0086666471311787,nan
p U p,3,-12.117818149008142,nan,-14.882750135635659,nan,-14.68482680360724,nan,1.0617074175269465,nan,1.061749660237367,nan,1.0095380870061537,nan,1.008844161924078,nan
p U s,3,-11.337043068627695,nan,-inf,nan,-16.563287301744673,nan,1.1133378523095554,nan,1.1132534681630157,nan,1.0093439876272716,nan,1.0086666471311787,nan
p u v,3,-11.96092400441427,nan,-15.37162856747925,nan,-15.37081391703025,nan,1.1780063752323775,nan,1.1777645673258799,nan,1.00232609055883,nan,1.0022457089951853,nan
r U n,3,-10.17964907844789,nan,-inf,nan,-21.166547393474453,nan,1.1155935611922723,nan,1.1155035086022833,nan,1,1,1.0001181269095067,1.0
r W r,3,-10.889669687404755,nan,-18.48308640675679,nan,-18.088359787119714,nan,1.1224892215981268,nan,1.1223821656346606,nan,1.0002580236749044,nan,1.0003541644427607,nan
S c g,3,-12.750769499010378,nan,-16.730901556662555,nan,-16.7107127487148,nan,1.0838523419606259,nan,1.0838402300782448,nan,1.00097049689441,nan,1.0010057008740036,nan
s c p,3,-10.510654695393027,nan,-12.296823644961817,nan,-12.305855594338574,nan,1.1055087464992501,nan,1.105444037543626,nan,1.0009673949066562,nan,1.0010031054448894,nan
s U g,3,-11.21341835609767,nan,-21.112752118227373,nan,-20.379176008103826,nan,1.1185594177026905,nan,1.1184625890392523,nan,1.0003234989648033,nan,1.0004139848976723,nan
S U g,3,-13.577157872245046,nan,-16.67713730078348,nan,-16.65182153922048,nan,1.0723817916319751,nan,1.0723976998648224,nan,1.0010323531985963,nan,1.001062493328282,nan
s U k,3,-10.821602762007032,nan,-16.14918772195836,nan,-15.47567859143927,nan,1.1338932686343677,nan,1.1337588327464938,nan,1.0109342650103519,nan,1.0101181269095065,nan
s U m,3,-10.904654134824256,nan,-21.719392180142112,nan,-20.759726254216005,nan,1.1291054839552785,nan,1.128982790407524,nan,1,1,1.0001181269095067,1.0
s U n,3,-10.217075483967006,nan,-inf,nan,-21.78600520381011,nan,1.160096684783436,nan,1.1598979833854508,nan,1,1,1.0001181269095067,1.0
s U p,3,-11.337043068627695,nan,-21.06276739562586,nan,-20.170648887142477,nan,1.0940381961705994,nan,1.0940015073302036,nan,1.000194099378882,nan,1.000295641702406,nan
s U s,3,-10.556267988247246,nan,-inf,nan,-22.04910938527991,nan,1.1456686309532083,nan,1.1455053152558523,nan,1,1,1.0001181269095067,1.0
S u T,3,-14.217755469995643,nan,-14.232871205498359,nan,-14.277937873572267,nan,1.160148140641754,nan,1.159949976257582,nan,1.0016819361179978,nan,1.0016563721622087,nan
s W l,3,-11.127914191539585,nan,-14.5159697715522,nan,-14.50211915849264,nan,1.1148443120629965,nan,1.1147565035906692,nan,1.001098603985434,nan,1.0011229626404725,nan
s W t,3,-10.28009970559643,nan,-11.70436093645197,nan,-11.708501165235997,nan,1.2184286805930173,nan,1.2180868250054104,nan,1.0004516060558273,nan,1.0005312466641412,nan
S x r,3,-11.399879835354334,nan,-14.22904363605286,nan,-14.245856195454603,nan,1.1913134947339896,nan,1.191038313341624,nan,1.0009692043995126,nan,1.0010046194452062,nan
T c g,3,-12.636998504843955,nan,-16.746399047517237,nan,-16.730337079527633,nan,1.0832083025454136,nan,1.0831977630046825,nan,1.0010349381883912,nan,1.0010646561858774,nan
T i D,3,-12.011805676941332,nan,-19.414411554490258,nan,-19.291319478368194,nan,1.1075961386040933,nan,1.107526111409724,nan,1.004399585921325,nan,1.0041417955485599,nan
t O n,3,-11.688943859530413,nan,-14.884252921247043,nan,-14.891420762537942,nan,1.0959976555431585,nan,1.095955485592744,nan,1.0001288825879624,nan,1.000236037533254,nan
t U n,3,-9.532652691120447,nan,-inf,nan,-21.023610452186208,nan,1.1255117681865403,nan,1.1253975015351456,nan,1.0001933238819436,nan,1.0002949928451277,nan
T W C,3,-15.642168637396647,nan,-19.552351368995552,nan,-18.8836286264129,nan,1.0297203691443566,nan,1.0298408086309176,nan,1,1,1.0001181269095067,1.0
T W D,3,-13.501608280660765,nan,-22.340665334031016,nan,-21.622088512624867,nan,1.0535298929538806,nan,1.0535919381003898,nan,1.0012292960662525,nan,1.0012423872645362,nan
T W T,3,-15.464459542404896,nan,-17.43899659449518,nan,-16.811163399279874,nan,1.029461569972514,nan,1.0295826441801625,nan,1.0000646997929608,nan,1.0001772985071398,nan
T W z,3,-13.9297018570565,nan,-17.51910928286529,nan,-16.859598600682848,nan,1.0440837231816238,nan,1.0441689356478274,nan,1.0004528985507246,nan,1.0005323280929386,nan
v e r,3,-11.427026410777081,nan,-13.610451502968488,nan,-13.58155912551586,nan,1.1692122599886616,nan,1.1689910620277177,nan,1.031832298136646,nan,1.0292305529450096,nan
w U S,3,-13.361934423065748,nan,-13.506441110851574,nan,-13.51812721144101,nan,1.1438525281410494,nan,1.1436943078053656,nan,1.0021938474841343,nan,1.002124986656564,nan
w U T,3,-13.248163428899325,nan,-inf,nan,-16.88206988281256,nan,1.1429467310396002,nan,1.1427907322277226,nan,1.0014821497615671,nan,1.0014740990825997,nan
w W D,3,-11.693566677350937,nan,-18.244649102274096,nan,-18.136436008603184,nan,1.157671066393695,nan,1.1574788638954427,nan,1.0019381503000455,nan,1.0018908956951458,nan
w x r,3,-9.47806723787808,nan,-9.599874356215773,nan,-9.609882169307241,nan,1.2948106287585919,nan,1.2942827720631147,nan,1.0367985638530504,nan,1.0337837728469277,nan
y c f,3,-11.258835701534345,nan,-12.50277322315412,nan,-12.504862227170072,nan,1.2033211742864973,nan,1.2030177105084798,nan,1.0008395463146118,nan,1.0008860599641802,nan
y c g,3,-10.688793790032147,nan,-14.240509278616383,nan,-14.22983114905375,nan,1.2315949838103069,nan,1.231222176753478,nan,1.0013571446582972,nan,1.0013594327452453,nan
y c S,3,-12.3953829383291,nan,-13.711546734614135,nan,-13.724200820899586,nan,1.199568586294779,nan,1.1992743259725305,nan,1.0008395463146118,nan,1.0008860599641802,nan
y e C,3,-12.617792748271537,nan,-16.79040563455839,nan,-16.69081013641125,nan,1.2301756159460462,nan,1.2298065954833386,nan,1.0006449299377707,nan,1.000708112599762,nan
y e D,3,-10.477232391535656,nan,-18.557376091716556,nan,-18.44152032676692,nan,1.2539851397555701,nan,1.2535577249528107,nan,1.0018742260040232,nan,1.0018323729547913,nan
y e J,3,-12.798914544873588,nan,-15.513944874633198,nan,-15.46626495018441,nan,1.2304991149108495,nan,1.2301293010467824,nan,1.0006449299377707,nan,1.000708112599762,nan
y e S,3,-12.55385464744621,nan,-16.20631699010424,nan,-16.131125114416665,nan,1.2308226138756528,nan,1.2304520066102265,nan,1.0006449299377707,nan,1.000708112599762,nan
y i D,3,-10.063600962129524,nan,-19.211106878583454,nan,-18.78142387586753,nan,1.2559828198689869,nan,1.2555505251585193,nan,1.004399585921325,nan,1.0041417955485599,nan
y i J,3,-12.385283115467455,nan,-18.303849112824537,nan,-17.915933771292654,nan,1.2324967950242662,nan,1.232122101252491,nan,1.0004528985507246,nan,1.0005323280929386,nan
y i S,3,-12.140223218040077,nan,-17.623250528374157,nan,-17.241752459255565,nan,1.2328202939890696,nan,1.232444806815935,nan,1.0006469979296067,nan,1.000709842885838,nan
y U g,3,-11.515182163266815,nan,-12.550097343202815,nan,-12.51118066818059,nan,1.2201244334816563,nan,1.2197796465400554,nan,1.0048988308374673,nan,1.004599812040698,nan
y u g,3,-10.562961606886882,nan,-8.354770201190725,nan,-8.364902260274235,nan,1.3408229771084124,nan,1.3401833492914055,nan,1.1471256030864578,nan,1.134713194617415,nan
y U T,3,-13.108000317397345,nan,-inf,nan,-13.77310281435635,nan,1.1871922388646792,nan,1.186928220181465,nan,1.004575331872664,nan,1.0043039540525325,nan
y U z,3,-11.573242632048949,nan,-13.158168905334575,nan,-12.491333121290477,nan,1.201814392073789,nan,1.20151451164913,nan,1.004575331872664,nan,1.0043039540525325,nan
y x D,3,-9.66244779213204,nan,-15.587838158005752,nan,-15.554487842908062,nan,1.2724153498341886,nan,1.271942913947411,nan,1.0025781687572062,nan,1.00247677195597,nan
z e C,3,-13.03123977773495,nan,-18.79228258685873,nan,-18.691243038262854,nan,1.0781179100144431,nan,1.078120119415237,nan,1.000387164761846,nan,1.0004722913522675,nan
z e D,3,-10.890679420999069,nan,-20.559253044016895,nan,-20.441953228618523,nan,1.101927433823967,nan,1.101871248884709,nan,1.0016164608280986,nan,1.001596551707297,nan
z e S,3,-12.967301676909623,nan,-18.208193942404577,nan,-18.131558016268272,nan,1.0787649079440498,nan,1.0787655305421249,nan,1.000387164761846,nan,1.0004722913522675,nan
z i C,3,-12.617608348328819,nan,-18.29340400723061,nan,-18.237173478722212,nan,1.0801155901278598,nan,1.0801129196209456,nan,1.0004528985507246,nan,1.0005323280929386,nan
z i D,3,-10.477047991592936,nan,-20.278000965997485,nan,-20.165952368118283,nan,1.1039251139373838,nan,1.1038640490904177,nan,1.004399585921325,nan,1.0041417955485599,nan
z i T,3,-12.439899253337067,nan,-17.58550212147388,nan,-17.53131862244304,nan,1.0798567909560173,nan,1.0798547551701905,nan,1.000388198757764,nan,1.0004731564953055,nan
z u f,3,-11.54645054785249,nan,-20.10870523824411,nan,-19.91392016316379,nan,1.1604914616529998,nan,1.1602924069783058,nan,1.0023289340476045,nan,1.00224808813854,nan
z u g,3,-10.976408636350294,nan,-19.810351917267898,nan,-19.610369560148463,nan,1.1887652711768093,nan,1.1884968732233039,nan,1.0177274847722422,nan,1.0163309283752264,nan
z u T,3,-12.569226790480824,nan,-20.137519052173197,nan,-19.960265373236524,nan,1.1558330765598321,nan,1.1556454468647135,nan,1.0016819361179978,nan,1.0016563721622087,nan
