word,word_len,uni_prob,uni_prob_freq_weighted,bi_prob,bi_prob_freq_weighted,bi_prob_smoothed,bi_prob_freq_weighted_smoothed,pos_uni_score,pos_uni_score_freq_weighted,pos_uni_score_smoothed,pos_uni_score_freq_weighted_smoothed,pos_bi_score,pos_bi_score_freq_weighted,pos_bi_score_smoothed,pos_bi_score_freq_weighted_smoothed
f u T,3,-13.241241773887772,nan,-19.32926700600885,nan,-18.65351119665034,nan,1.1170157457126166,nan,1.117010045594808,nan,1.0004015472238228,nan,1.0004236619023266,nan
g i T,3,-12.350833089492795,nan,-14.106065169475245,nan,-14.11160501904211,nan,1.1270670428607765,nan,1.127059017822493,nan,1.000793164774412,nan,1.0008034391927096,nan
z i T,3,-12.54136984554944,nan,-16.42966606794883,nan,-16.416088110399937,nan,1.1011678660874724,nan,1.1011677275852163,nan,1.0006158912413505,nan,1.000628522278244,nan
y c g,3,-10.626430102065324,nan,-13.326366230113047,nan,-13.319463848616643,nan,1.1381183050141628,nan,1.1381037381837138,nan,1.003771385847495,nan,1.003706601172588,nan
l X z,3,-11.706210070224682,nan,-13.51919729662829,nan,-13.491334181369906,nan,1.075062700525239,nan,1.075064553606537,nan,1.000653211985153,nan,1.0006653468918156,nan
J Y p,3,-13.810916687795384,nan,-inf,nan,-16.49412648094948,nan,1.0530540995290238,nan,1.0530654643842818,nan,1.0028894591768844,nan,1.0028399708298903,nan
C x z,3,-12.347519625639805,nan,-13.35449865272783,nan,-13.367142404877562,nan,1.1356310785524704,nan,1.135610187820819,nan,1.0048564289192243,nan,1.0047547657410671,nan
C e J,3,-15.049274564671798,nan,-14.201415097268969,nan,-14.257899103377714,nan,1.0584635425578548,nan,1.058478536766025,nan,1.001939828931107,nan,1.0019287360616682,nan
z i S,3,-12.67367717971144,nan,-16.998931554473273,nan,-16.928434096047887,nan,1.1038862388657256,nan,1.1038841381241296,nan,1.0001216416453047,nan,1.0001474773005388,nan
z u v,3,-12.124527904298475,nan,-16.298631726112035,nan,-16.157378306946388,nan,1.132504940556667,nan,1.1324875980172102,nan,1.0013776721470542,nan,1.0013689491672175,nan
D Y p,3,-11.435839529136164,nan,-14.581426963143066,nan,-14.410774938402271,nan,1.112130835158628,nan,1.1121242106079678,nan,1.0029081195487857,nan,1.0028583831366762,nan
s X k,3,-10.900572189454358,nan,-12.279252012003774,nan,-12.271882454282178,nan,1.1548850036381824,nan,1.1548431371752144,nan,1.002238493850137,nan,1.002216541241248,nan
b X s,3,-11.361420245159024,nan,-11.728118691002324,nan,-11.721889309626183,nan,1.11813431275889,nan,1.1181112770395165,nan,1.001890733405727,nan,1.0018820793328223,nan
T x z,3,-12.119101079188834,nan,-12.412648921604259,nan,-12.426668014463077,nan,1.1401760594346937,nan,1.1401537847148258,nan,1.0048564289192243,nan,1.0047547657410671,nan
S c G,3,-13.47224000337206,nan,-15.50076492571053,nan,-15.316749674911202,nan,1.0645777505551985,nan,1.064586077297152,nan,1.001900261528899,nan,1.0018777020282277,nan
J e J,3,-15.275852016833923,nan,-15.277540335318632,nan,-15.314936052402691,nan,1.059705997649115,nan,1.059720613518355,nan,1.0011934140550587,nan,1.001192243790234,nan
D x z,3,-10.199019919142708,nan,-8.208079345923595,nan,-8.217739191130097,nan,1.1959502692733348,nan,1.195911010796835,nan,1.0298333367089967,nan,1.0293996383739348,nan
S Y p,3,-13.488228023344288,nan,-14.409309381276497,nan,-14.353808682814487,nan,1.053302590547276,nan,1.0533138797347479,nan,1.0029641006644894,nan,1.0029136200570337,nan
n W C,3,-13.200309342827959,nan,-12.194483169894433,nan,-12.211455953381401,nan,1.0587769004170164,nan,1.0587917233682171,nan,1.0041744346273347,nan,1.0041438421043283,nan
l W C,3,-13.7109776906136,nan,-14.1273336423262,nan,-14.127072064116419,nan,1.0508652670294425,nan,1.0508824991453165,nan,1.0005543224784996,nan,1.0005718545878721,nan
S c d,3,-12.40940486579596,nan,-17.172895771420322,nan,-16.961445151304527,nan,1.1301798796303815,nan,1.130140851911061,nan,1.0005885991393924,nan,1.0006010826643172,nan
g i J,3,-12.80582908810589,nan,-16.216604065570824,nan,-16.03888116040867,nan,1.1252611308752238,nan,1.1252544094225159,nan,1.000279905578518,nan,1.0003038924850924,nan
C u T,3,-14.379852995633215,nan,-19.336479549057238,nan,-18.69383138962659,nan,1.1025631874575046,nan,1.1025618882757704,nan,1.0006534622444891,nan,1.0006722280439355,nan
D i g,3,-10.430751929446668,nan,-15.078273318495457,nan,-15.050568519825221,nan,1.1599836650816677,nan,1.1599606741499602,nan,1.0010840477100038,nan,1.001096068792514,nan
w u T,3,-12.29309256302503,nan,-21.36740903390338,nan,-20.4854960058102,nan,1.1606058798176082,nan,1.160586906105582,nan,1.0000563303436505,nan,1.0000830342267883,nan
T c T,3,-14.310380867287503,nan,-17.343225143322346,nan,-17.26900944306976,nan,1.0569864094130725,nan,1.0570014904674445,nan,1.000224622918708,nan,1.0002488344109868,nan
g u T,3,-12.498826560443728,nan,-21.81477849162015,nan,-20.86934640458865,nan,1.141808736662734,nan,1.141795486852591,nan,1.0000376699717493,nan,1.0000646219200025,nan
f X s,3,-12.082407145112638,nan,-13.20214382648669,nan,-13.186304193264272,nan,1.0921389459140045,nan,1.0921238260214143,nan,1.0012189600172834,nan,1.0012192362885315,nan
J Y m,3,-13.233683572870538,nan,-inf,nan,-15.396996101629275,nan,1.1018707519384907,nan,1.1018468788173499,nan,1.0003421727972626,nan,1.0003607390217162,nan
n X z,3,-11.19554172243904,nan,-14.322370877341141,nan,-14.269782029762355,nan,1.0829743339128128,nan,1.0829737778294377,nan,1.0005972308694493,nan,1.0006101099714582,nan
m X n,3,-10.616503878635976,nan,-13.184595015785199,nan,-13.14604897365984,nan,1.1699855312266145,nan,1.169923374335755,nan,1.0026772105270367,nan,1.002635646992728,nan
C u S,3,-14.512160329795215,nan,-15.257863731500542,nan,-15.279265757352647,nan,1.1052815602357577,nan,1.1052782988146836,nan,1.0011096926408392,nan,1.0011162695618174,nan
S e J,3,-14.953163352382829,nan,-14.208826932272457,nan,-14.260327138099901,nan,1.059954488667367,nan,1.059969028868821,nan,1.0019118383732553,nan,1.0019011176014894,nan
T x S,3,-13.713479546032705,nan,-15.113049557053296,nan,-15.1331373664127,nan,1.1214706131843373,nan,1.121461840866641,nan,1.000465211354354,nan,1.0004808661314537,nan
v e D,3,-11.880943447359707,nan,-inf,nan,-24.944896066413087,nan,1.0647834819890423,nan,1.0647932752416458,nan,1.0000093301859505,nan,1.0000369140366976,nan
C x S,3,-13.941898092483676,nan,-16.05489928817687,nan,-16.073611756827187,nan,1.116925632302114,nan,1.1169182439726342,nan,1.000465211354354,nan,1.0004808661314537,nan
n c T,3,-11.72907815873479,nan,-15.273147175906487,nan,-15.216483376329297,nan,1.0859396209590875,nan,1.085945885495932,nan,1.0044325367824312,nan,1.0044008095911972,nan
s X p,3,-11.52872395884702,nan,-12.737890580307653,nan,-12.728302998341393,nan,1.1004034904740343,nan,1.1004009511295862,nan,1.0016111770551557,nan,1.0016059841541605,nan
D i D,3,-10.163278658139056,nan,-16.698139399247278,nan,-16.641620841613776,nan,1.154185737128051,nan,1.1541669313921386,nan,1.0010840477100038,nan,1.001096068792514,nan
S c g,3,-12.790080312710991,nan,-16.731938755865464,nan,-16.545515855423503,nan,1.0657753553456177,nan,1.0657828176045054,nan,1.0031929143185576,nan,1.0031358196622264,nan
C i S,3,-14.364166858844278,nan,-16.28381350327718,nan,-16.253595849613784,nan,1.0905398664338002,nan,1.0905418297845857,nan,1.0006441320585386,nan,1.0006630218905428,nan
g i D,3,-10.430751929446668,nan,-16.25417986612977,nan,-16.20307127789488,nan,1.133112095612416,nan,1.1330997069929432,nan,1.0003749535777577,nan,1.0003964011346513,nan
T c S,3,-14.442688201449503,nan,-14.540361812485719,nan,-14.547590991355758,nan,1.0597047821913257,nan,1.0597179010063578,nan,1.0018214293059335,nan,1.0018029797235735,nan
z u T,3,-12.689363316500373,nan,-21.867046840603795,nan,-21.05606908996451,nan,1.11590955988943,nan,1.1159041966153143,nan,1.0000470001576998,nan,1.0000738280733954,nan
S Y m,3,-12.910994908419442,nan,-13.310850253301666,nan,-13.256678303494281,nan,1.1021192429567428,nan,1.102095294167816,nan,1.0004168142848675,nan,1.0004343882488596,nan
D x v,3,-11.09625563962268,nan,-7.828896882799959,nan,-7.849840884187429,nan,1.1911218309119622,nan,1.191086057811633,nan,1.0266967527340893,nan,1.0263468529384967,nan
t W C,3,-12.886962628007726,nan,-14.157685906479884,nan,-14.158443718064945,nan,1.0766281745346729,nan,1.076637561609757,nan,1.0006756148958573,nan,1.0006915345819802,nan
g Y b,3,-11.536009086755778,nan,-17.61624445383322,nan,-17.48932270801337,nan,1.0830921713067134,nan,1.0830977133709783,nan,1.0002453786582894,nan,1.0002677832565279,nan
r c S,3,-12.125325848336413,nan,-14.002640752438205,nan,-14.023260867588501,nan,1.0714319550849634,nan,1.0714415028686715,nan,1.0020920046985011,nan,1.0020699581719683,nan
d X s,3,-10.959316484753565,nan,-12.392554700288255,nan,-12.383792653170632,nan,1.1110883900155493,nan,1.1110674998440457,nan,1.0021239880544923,nan,1.0021122331676455,nan
S c z,3,-12.980617068767634,nan,-15.66798394429265,nan,-15.477860674757078,nan,1.075356193668971,nan,1.0753567400633317,nan,1.000664637538784,nan,1.0006750895839642,nan
y c d,3,-10.245754655150295,nan,-13.767323245667905,nan,-13.735393144497667,nan,1.2025228292989265,nan,1.2024617724902693,nan,1.0011670706683298,nan,1.0011718641746787,nan
J u S,3,-14.73873778195734,nan,-14.674611335399684,nan,-14.70656209162567,nan,1.106524015327018,nan,1.1065203755670137,nan,1.0010817020829874,nan,1.0010886511016388,nan
h u S,3,-12.636222964113202,nan,-13.601623884541159,nan,-13.601594492158462,nan,1.1528395347934837,nan,1.1528217915345114,nan,1.0019307490044926,nan,1.0019264110603952,nan
g u S,3,-12.631133894605728,nan,-17.73616267406345,nan,-17.454780772314706,nan,1.1445271094409872,nan,1.1445118973915043,nan,1.0004939003680993,nan,1.0005086634378844,nan
y X z,3,-11.745501554508088,nan,-9.14988144178639,nan,-9.155035963187082,nan,1.123310037262632,nan,1.1232971985889477,nan,1.0082106626051437,nan,1.0081223311400873,nan
C e g,3,-12.94167067732019,nan,-16.158968692029543,nan,-16.12210048632704,nan,1.0721124352486637,nan,1.072117577094274,nan,1.000970339338863,nan,1.000985147836169,nan
z i J,3,-12.996365844162534,nan,-18.540204964044406,nan,-18.3433642517665,nan,1.0993619541019197,nan,1.099363119185239,nan,1.0001026320454567,nan,1.0001289755706269,nan
m u S,3,-12.242632806859309,nan,-13.908096387803058,nan,-13.90794103904685,nan,1.1416734706507377,nan,1.1416591275603465,nan,1.002303956442517,nan,1.0022946571961122,nan
D Y m,3,-10.858606414211316,nan,-13.482967835168235,nan,-13.313644559082066,nan,1.160947487568095,nan,1.160905625041036,nan,1.0003608331691638,nan,1.000379151328502,nan
J e g,3,-13.168248129482315,nan,-17.235093930079206,nan,-17.179137435352015,nan,1.073354890339924,nan,1.073359653846604,nan,1.0002239244628146,nan,1.000248655564735,nan
f u v,3,-12.676406361685874,nan,-13.760851891517087,nan,-13.754820413632219,nan,1.1336111263798536,nan,1.133593446996704,nan,1.0017322192131772,nan,1.0017187829961487,nan
v X n,3,-12.09277744291901,nan,-12.01744135844071,nan,-12.033581634229604,nan,1.1320625955056298,nan,1.1320119864952858,nan,1.0025932388534813,nan,1.0025527916121917,nan
g i C,3,-12.579251635943764,nan,-12.605532040996291,nan,-12.63094328545283,nan,1.1299755116375088,nan,1.1299653871403512,nan,1.0015915679680247,nan,1.001580511849003,nan
C i D,3,-12.311778364636153,nan,-17.86266271340726,nan,-17.83271612281861,nan,1.0938665464071866,nan,1.0938661084161225,nan,1.0007201704579303,nan,1.0007370288101898,nan
C Y z,3,-13.586143964511477,nan,-15.227678758662904,nan,-15.174490052644591,nan,1.0597766667740436,nan,1.059782660469746,nan,1.0001793689007417,nan,1.0002031613365256,nan
d c T,3,-12.27709753163396,nan,-15.691762610645414,nan,-15.63334805429552,nan,1.085843430887506,nan,1.0858497247151067,nan,1.0017081224848543,nan,1.0017126128004623,nan
y X v,3,-12.642737274988058,nan,-10.697676962946714,nan,-10.67349397439989,nan,1.1184815989012593,nan,1.1184722456037457,nan,1.0080395762065124,nan,1.0079558155708817,nan
z i g,3,-10.888761956810924,nan,-16.957914683851534,nan,-16.916502047464157,nan,1.1130108467927287,nan,1.113002159513488,nan,1.0001976800446963,nan,1.0002214842201858,nan
S e g,3,-12.845559465031219,nan,-16.16638052703303,nan,-16.124528521049225,nan,1.073603381358176,nan,1.07360806919707,nan,1.0009423487810112,nan,1.0009575293759903,nan
C e D,3,-12.674197406012576,nan,-inf,nan,-19.74607433416054,nan,1.066314507295047,nan,1.0663238343364523,nan,1.000970339338863,nan,1.000985147836169,nan
n W T,3,-12.97189079637699,nan,-11.86968053361173,nan,-11.900486234128898,nan,1.0558684316402842,nan,1.055885354050359,nan,1.0059803466128874,nan,1.0059015064459442,nan
T x J,3,-14.0361682104838,nan,-17.347470147184374,nan,-17.282036697211513,nan,1.1169463284205314,nan,1.1169408219277506,nan,1.0001420481569392,nan,1.000166336722954,nan
T c g,3,-12.65777297854899,nan,-14.718227960059767,nan,-14.704900275703885,nan,1.0688293901183288,nan,1.0688359223957162,nan,1.0033421972937673,nan,1.0032831181165132,nan
n c G,3,-10.758629960657345,nan,-11.416976162488972,nan,-11.423608028451122,nan,1.0965849968739245,nan,1.0965835771168504,nan,1.0062574583678319,nan,1.0061769756627248,nan
s X n,3,-10.411297111854394,nan,-11.518215199623498,nan,-11.51582612747116,nan,1.1924859921373743,nan,1.1924169836505294,nan,1.0032650122419249,nan,1.0032156346564824,nan
s X d,3,-10.959316484753565,nan,-11.847540276756746,nan,-11.84424899202006,nan,1.1631921987717246,nan,1.1631443358151097,nan,1.0024285898486163,nan,1.0024015585403654,nan
J e D,3,-12.900774858174701,nan,-inf,nan,-20.803111283185515,nan,1.0675569623863073,nan,1.0675659110887823,nan,1.0002239244628146,nan,1.000248655564735,nan
b c T,3,-12.67920129203942,nan,-14.348870136209541,nan,-14.295410000397453,nan,1.0928893536308468,nan,1.0928935019105774,nan,1.0035741596749754,nan,1.0035538434790479,nan
y x z,3,-10.087758202705169,nan,-10.294117319058948,nan,-10.300498860978959,nan,1.2094649743305277,nan,1.2094216005028233,nan,1.0073475885680363,nan,1.0072128086969787,nan
y c T,3,-12.279037990803838,nan,-15.951363413375628,nan,-15.883573015982517,nan,1.1262753243089065,nan,1.126269306255442,nan,1.0006538114724357,nan,1.0006723174670615,nan
k X n,3,-10.565585224168158,nan,-13.120476336071246,nan,-13.09411658408405,nan,1.1632682578945104,nan,1.1632081464747714,nan,1.0026585501551355,nan,1.002617234685942,nan
D i C,3,-12.311778364636153,nan,-13.049491574113798,nan,-13.06949284917172,nan,1.1510491531531437,nan,1.1510326115395466,nan,1.0023006621002708,nan,1.0022801795068657,nan
D x S,3,-11.793398385986578,nan,-10.908479981372633,nan,-10.924208543079722,nan,1.1772448230229784,nan,1.1772190669486502,nan,1.0254421191441263,nan,1.0251257387643213,nan
C x J,3,-14.26458675693477,nan,-18.289319878307946,nan,-18.222511087626,nan,1.112401347538308,nan,1.1123972250337437,nan,1.0001420481569392,nan,1.000166336722954,nan
z u S,3,-12.821670650662373,nan,-17.788431023047096,nan,-17.641503457690565,nan,1.1186279326676831,nan,1.1186206071542275,nan,1.0005032305540498,nan,1.0005178695912773,nan
n c d,3,-9.695794823081245,nan,-13.089107008198765,nan,-13.068303504844447,nan,1.1621871259491074,nan,1.1621383517307593,nan,1.0049457959783252,nan,1.0049003562988144,nan
y x J,3,-12.004825334000135,nan,-15.228938544639066,nan,-15.155867543727398,nan,1.1862352433163654,nan,1.1862086377157481,nan,1.0026332078057512,nan,1.0026243796788656,nan
p u S,3,-12.819865921784157,nan,-14.29051170381049,nan,-14.291828394386517,nan,1.1217941891905725,nan,1.121785899523068,nan,1.0014549095210117,nan,1.0014568972373559,nan
y X p,3,-11.743696825629872,nan,-10.010060474659205,nan,-10.0120325259539,nan,1.115345014926352,nan,1.1153379257511535,nan,1.0085528354024065,nan,1.0084553622784989,nan
D Y v,3,-12.33487997849435,nan,-15.225215227461392,nan,-15.052195635964816,nan,1.1152674191335354,nan,1.11525853046056,nan,1.0008740923650579,nan,1.0008786980361193,nan
s X t,3,-10.097950397034161,nan,-11.64420819416568,nan,-11.63815924693781,nan,1.2646654427599389,nan,1.264544332015934,nan,1.0026186858470956,nan,1.002586575839483,nan
y c G,3,-11.308589792726394,nan,-12.095192399958112,nan,-12.090697668104342,nan,1.1369207002237436,nan,1.1369069978763604,nan,1.0024787330578364,nan,1.0024484835385892,nan
z i C,3,-12.76978839200041,nan,-14.929132939469875,nan,-14.935426376810657,nan,1.1040763348642046,nan,1.1040740969030745,nan,1.0014142944349633,nan,1.0014055949345375,nan
S Y v,3,-14.387268472702477,nan,-15.053097645594823,nan,-14.995229380377031,nan,1.0564391745221833,nan,1.05644819958734,nan,1.0009300734807616,nan,1.0009339349564768,nan
D i S,3,-12.215667152347184,nan,-15.119290189117196,nan,-15.06250056840895,nan,1.1508590571546646,nan,1.1508426527606017,nan,1.0010080093106122,nan,1.001022061872867,nan
S c S,3,-14.574995535611503,nan,-16.554072608291413,nan,-16.388206571075376,nan,1.0566507474186146,nan,1.056664796215147,nan,1.0016721463307239,nan,1.0016556812692867,nan
f X t,3,-11.434073465006207,nan,-12.149310691956588,nan,-12.142359342936267,nan,1.220225629689311,nan,1.2201180512745344,nan,1.0022454784090713,nan,1.002218329703766,nan
g i S,3,-12.483140423654795,nan,-14.675330655999689,nan,-14.62395100469006,nan,1.1297854156390297,nan,1.1297754283614063,nan,1.000298915178366,nan,1.0003223942150044,nan
C u v,3,-13.815017583431313,nan,-13.768064434565478,nan,-13.795140606608472,nan,1.1191585681247416,nan,1.1191452896776664,nan,1.0019841342338436,nan,1.0019673491377576,nan
t X t,3,-9.449616716927729,nan,-10.457020986137698,nan,-10.459712309173353,nan,1.2571225379800937,nan,1.257003724119531,nan,1.004717977685982,nan,1.0046579603528918,nan
S X z,3,-13.909151765153755,nan,-12.357814495979941,nan,-12.376503573015677,nan,1.0509670875940869,nan,1.0509762780097394,nan,1.0010824005388808,nan,1.0010888299478904,nan
S x J,3,-14.1684755446458,nan,-17.25666576375812,nan,-17.202134693831212,nan,1.1138922936478204,nan,1.1138877171365398,nan,1.0004686046652105,nan,1.0004885520917064,nan
S u T,3,-14.283741783344244,nan,-18.930624138684546,nan,-18.287138005037505,nan,1.1040541335670169,nan,1.1040523803785665,nan,1.0007187735461434,nan,1.0007366711176862,nan
s X l,3,-10.921965459640035,nan,-11.85137361577118,nan,-11.849308261377676,nan,1.1217132519035562,nan,1.1216953302493173,nan,1.0032650122419249,nan,1.0032156346564824,nan
g u v,3,-11.93399114824183,nan,-16.24636337712839,nan,-15.970655621570529,nan,1.158404117329971,nan,1.158378888254487,nan,1.0013683419611037,nan,1.0013597430138246,nan
w u v,3,-11.728257150823133,nan,-15.798993919411622,nan,-15.58680522279208,nan,1.1772012604848452,nan,1.177170307507478,nan,1.001387002333005,nan,1.0013781553206105,nan
C Y b,3,-13.417035521945262,nan,-18.01107546273197,nan,-17.93484651716389,nan,1.043846622101484,nan,1.0438641147941576,nan,1.0002173881004377,nan,1.000240164796349,nan
z u b,3,-11.05818374125229,nan,-18.5853362636755,nan,-18.42690810520865,nan,1.1214033342454799,nan,1.1213940053268239,nan,1.0010164897499438,nan,1.0010174162988943,nan
J Y z,3,-13.812721416673602,nan,-inf,nan,-17.282807915631906,nan,1.0610191218653038,nan,1.061024737222076,nan,1.0001140575990874,nan,1.0001387182627752,nan
D x d,3,-9.627807716171034,nan,-9.701374779658236,nan,-9.702201673684877,nan,1.2507739552347452,nan,1.2506951226445642,nan,1.026012407139564,nan,1.0256807906616738,nan
f u S,3,-13.373549108049772,nan,-15.250651188452151,nan,-15.238945564376394,nan,1.1197341184908698,nan,1.1197264561337212,nan,1.0008577776201728,nan,1.0008677034202085,nan
S c T,3,-14.442688201449503,nan,-19.356935939128043,nan,-19.109625022789377,nan,1.0539323746403615,nan,1.0539483856762337,nan,1.0000753399434983,nan,1.0001015359567,nan
l W T,3,-13.482559144162629,nan,-13.802531006043495,nan,-13.816102344863918,nan,1.0479567982527103,nan,1.0479761298274584,nan,1.0023602344640523,nan,1.002329518929488,nan
D Y b,3,-11.268535815448166,nan,-18.1750432465631,nan,-17.959812837603998,nan,1.1041658128223484,nan,1.1041649377701737,nan,1.0001707371706847,nan,1.0001941340293845,nan
S Y b,3,-13.320924309656291,nan,-18.00292566469653,nan,-17.902846582016213,nan,1.0453375682109962,nan,1.0453546068969537,nan,1.0002267182863884,nan,1.000249370949742,nan
z i D,3,-10.621288685503313,nan,-18.577780764603357,nan,-18.507554369252713,nan,1.107212918839112,nan,1.1072084167556664,nan,1.0001976800446963,nan,1.0002214842201858,nan
s X m,3,-10.951490843922175,nan,-13.384817190303076,nan,-13.355264598003359,nan,1.1492201428835012,nan,1.1491823655626543,nan,1.0011739562586535,nan,1.0011804443661902,nan
h x s,3,-9.687337649373145,nan,-8.876612428877634,nan,-8.884945906308502,nan,1.2113992992845142,nan,1.21134356333608,nan,1.0194693918727131,nan,1.0191380010019262,nan
T X z,3,-13.776844430991755,nan,-12.557857579461672,nan,-12.561107980809256,nan,1.054021122366798,nan,1.0540293828009502,nan,1.0008398157041651,nan,1.0008494699596744,nan
y x S,3,-11.682136669549038,nan,-12.994517954507986,nan,-13.006968212928584,nan,1.1907595280801713,nan,1.1907296566546386,nan,1.002956371003166,nan,1.0029389090873653,nan
g c T,3,-12.65777297854899,nan,-13.978122905733043,nan,-13.925416524320866,nan,1.0916869777360787,nan,1.0916914921502583,nan,1.005477517608899,nan,1.0054318987712052,nan
n W d,3,-10.938607460723444,nan,-12.258668886965664,nan,-12.237480070785885,nan,1.1321159366303042,nan,1.1320778202851862,nan,1.0044215594253578,nan,1.004384364593181,nan
S u v,3,-13.718906371142342,nan,-13.362209024192786,nan,-13.388447222019384,nan,1.1206495142342539,nan,1.1206357817804624,nan,1.0020494455354978,nan,1.0020317922115083,nan
k X m,3,-11.10577895623594,nan,-14.98707832675082,nan,-14.933555054616251,nan,1.1200024086406373,nan,1.1199735283868963,nan,1.000567494171864,nan,1.00058204439565,nan
D x g,3,-10.008483163086066,nan,-10.178229829512086,nan,-10.185362451465226,nan,1.1863694309499815,nan,1.1863370883380087,nan,1.0261454743384995,nan,1.025810302771056,nan
y c S,3,-12.411345324965838,nan,-13.148500082538996,nan,-13.162154564268516,nan,1.1289936970871597,nan,1.1289857167943553,nan,1.0022506178596613,nan,1.0022264627796482,nan
C X z,3,-14.005262977442726,nan,-13.603708206727031,nan,-13.598746119677388,nan,1.0494761414845746,nan,1.0494857859069433,nan,1.0005412497537456,nan,1.0005548730511007,nan
D i T,3,-12.083359818185183,nan,-14.550024702592752,nan,-14.550154582761,nan,1.1481406843764115,nan,1.1481262422216885,nan,1.001502258906658,nan,1.0015031068505722,nan
s X z,3,-11.530528687725239,nan,-11.877711547434837,nan,-11.871306435574578,nan,1.1083685128103142,nan,1.1083602239673804,nan,1.001269004257893,nan,1.001272953015749,nan
S e D,3,-12.578086193723607,nan,-inf,nan,-19.748502368882725,nan,1.0678054534045593,nan,1.0678143264392483,nan,1.0009423487810112,nan,1.0009575293759903,nan
d Y z,3,-11.324442082406962,nan,-12.901429280111444,nan,-12.882482916167492,nan,1.0931786691307004,nan,1.093174491611415,nan,1.001187028983407,nan,1.001197425902962,nan
b A p,3,-11.269798377784262,nan,-9.617045374970873,nan,-9.629331820009453,nan,1.1125993749100824,nan,1.1125915924789733,nan,1.0086545653791292,nan,1.008522313628348,nan
b i l,3,-10.30162704221615,nan,-9.971503407503484,nan,-9.978447908688459,nan,1.1630379768773962,nan,1.163004488251847,nan,1.0097124676396254,nan,1.0095567114640138,nan
b i s,3,-10.125945659716708,nan,-12.376269681705924,nan,-12.330136227138011,nan,1.177903483958472,nan,1.1778592647653436,nan,1.0059675764695846,nan,1.0059118706713996,nan
b X s,3,-11.361420245159024,nan,-11.728118691002324,nan,-11.721889309626183,nan,1.11813431275889,nan,1.1181112770395165,nan,1.001890733405727,nan,1.0018820793328223,nan
b Y s,3,-10.942301232227775,nan,-9.639207616317075,nan,-9.648214995966113,nan,1.128434838048359,nan,1.1284081516023192,nan,1.0067913743346966,nan,1.006702262944877,nan
b x l,3,-9.879358275855546,nan,-8.748144592578418,nan,-8.757667287735076,nan,1.18942374274571,nan,1.1893809024398956,nan,1.0089678512254256,nan,1.0088411309183167,nan
C A l,3,-12.52263800027633,nan,-14.479276050315738,nan,-14.459805736185935,nan,1.0934612112396067,nan,1.0934503632615646,nan,1.000234651560552,nan,1.0002582194106313,nan
C i D,3,-12.311778364636153,nan,-17.86266271340726,nan,-17.83271612281861,nan,1.0938665464071866,nan,1.0938661084161225,nan,1.0007201704579303,nan,1.0007370288101898,nan
C i n,3,-11.650556816129564,nan,-12.994679872847845,nan,-13.017121081763745,nan,1.1933627920112166,nan,1.1932905333159194,nan,1.0018797560486536,nan,1.0018656343348062,nan
C X J,3,-15.922330108737691,nan,-18.43772473318518,nan,-18.077247101467833,nan,1.0262464104704123,nan,1.0262728231198681,nan,1.0000279905578517,nan,1.0000553263434835,nan
C X g,3,-13.814726221386081,nan,-inf,nan,-19.63606683486598,nan,1.0398953031612213,nan,1.039911863448117,nan,1.0000279905578517,nan,1.0000553263434835,nan
C X T,3,-15.467334110124597,nan,-17.961316362114076,nan,-17.76737704218455,nan,1.028052322455965,nan,1.0280774315198453,nan,1.0000470001576998,nan,1.0000738280733954,nan
C x J,3,-14.26458675693477,nan,-18.289319878307946,nan,-18.222511087626,nan,1.112401347538308,nan,1.1123972250337437,nan,1.0001420481569392,nan,1.000166336722954,nan
C x n,3,-11.22828804976896,nan,-11.566064637323358,nan,-11.577148115189086,nan,1.2197485578795304,nan,1.2196669475039679,nan,1.038047190253698,nan,1.037058786166977,nan
C x S,3,-13.941898092483676,nan,-16.05489928817687,nan,-16.073611756827187,nan,1.116925632302114,nan,1.1169182439726342,nan,1.000465211354354,nan,1.0004808661314537,nan
C x C,3,-14.038009304772645,nan,-14.93853095199708,nan,-14.974320447425573,nan,1.117115728300593,nan,1.117108202751579,nan,1.0018148929435566,nan,1.0017944889551877,nan
d i k,3,-9.878130011625014,nan,-12.188309040341283,nan,-12.186728377957014,nan,1.1891638058686815,nan,1.1891085179822733,nan,1.0035312979305213,nan,1.0034883317563605,nan
d i s,3,-9.723841899311248,nan,-14.046698063010725,nan,-13.996343862014132,nan,1.1708575612151313,nan,1.1708154875698729,nan,1.0020675587422312,nan,1.002063698553156,nan
d i t,3,-9.075508219204817,nan,-10.51223160403759,nan,-10.515261035388237,nan,1.2989442449904378,nan,1.298809712822993,nan,1.0047859315204841,nan,1.0047094459305357,nan
d E p,3,-11.268978068477736,nan,-15.49369838195632,nan,-15.416564596614123,nan,1.098154614707911,nan,1.0981516001310547,nan,1.0007403267102288,nan,1.000749007080485,nan
d X s,3,-10.959316484753565,nan,-12.392554700288255,nan,-12.383792653170632,nan,1.1110883900155493,nan,1.1110674998440457,nan,1.0021239880544923,nan,1.0021122331676455,nan
D i D,3,-10.163278658139056,nan,-16.698139399247278,nan,-16.641620841613776,nan,1.154185737128051,nan,1.1541669313921386,nan,1.0010840477100038,nan,1.001096068792514,nan
D i g,3,-10.430751929446668,nan,-15.078273318495457,nan,-15.050568519825221,nan,1.1599836650816677,nan,1.1599606741499602,nan,1.0010840477100038,nan,1.001096068792514,nan
D i C,3,-12.311778364636153,nan,-13.049491574113798,nan,-13.06949284917172,nan,1.1510491531531437,nan,1.1510326115395466,nan,1.0023006621002708,nan,1.0022801795068657,nan
d I J,3,-12.302305818200619,nan,-14.166296558493771,nan,-14.168376942275549,nan,1.0851478110300754,nan,1.0851550149319533,nan,1.0047404329188012,nan,1.0047046126531638,nan
d I D,3,-9.927228659541395,nan,-12.612783585286815,nan,-12.61776863166983,nan,1.0929987757672677,nan,1.0930003125023806,nan,1.013427820049302,nan,1.013159903222832,nan
d Y p,3,-11.322637353528744,nan,-12.091209700760473,nan,-12.093801481485064,nan,1.0852136467944205,nan,1.0852152187736208,nan,1.003962430561204,nan,1.003898678470077,nan
d Y t,3,-9.891863791715885,nan,-10.370414909715512,nan,-10.372633026961502,nan,1.2494755990803248,nan,1.2493585996599685,nan,1.01141419370159,nan,1.0111513565954815,nan
d I T,3,-11.847309819587522,nan,-13.645436424851829,nan,-13.654679120977342,nan,1.086953723015628,nan,1.0869596233319305,nan,1.0047024137191054,nan,1.0046676091933402,nan
d I Z,3,-16.701681091209114,nan,-inf,nan,-18.63658665085007,nan,1.0831327934461956,nan,1.0831414518751368,nan,1.0047024137191054,nan,1.0046676091933402,nan
f i k,3,-11.001220671984088,nan,-12.120704432098737,nan,-12.125767948104489,nan,1.1702143617671368,nan,1.170164844159642,nan,1.0036992412776322,nan,1.0036540425174332,nan
f i s,3,-10.846932559670321,nan,-13.97909345476818,nan,-13.935383432161608,nan,1.1519081171135865,nan,1.1518718137472415,nan,1.002235502089342,nan,1.0022294093142285,nan
f X s,3,-12.082407145112638,nan,-13.20214382648669,nan,-13.186304193264272,nan,1.0921389459140045,nan,1.0921238260214143,nan,1.0012189600172834,nan,1.0012192362885315,nan
f X t,3,-11.434073465006207,nan,-12.149310691956588,nan,-12.142359342936267,nan,1.220225629689311,nan,1.2201180512745344,nan,1.0022454784090713,nan,1.002218329703766,nan
f Y k,3,-11.817576244495156,nan,-10.198585962584982,nan,-10.212037535293762,nan,1.1207457158570238,nan,1.1207137309966175,nan,1.0096428086362659,nan,1.0094298014824301,nan
f x l,3,-10.60034517580916,nan,-10.23924029520309,nan,-10.250808396923233,nan,1.1634283759008244,nan,1.1633934514217934,nan,1.004246777134419,nan,1.004182817301495,nan
g e s,3,-10.466936387602702,nan,-12.32653504079917,nan,-12.315461775930368,nan,1.1491490689515644,nan,1.1491149809253542,nan,1.0027003118936346,nan,1.0026620135291442,nan
g W d,3,-11.867302280537645,nan,-inf,nan,-17.22187971345466,nan,1.1378632934072954,nan,1.1378234269395124,nan,1.0004562303963502,nan,1.0004717494011865,nan
g W r,3,-11.583223263078096,nan,-inf,nan,-19.156738661073664,nan,1.1882767522039879,nan,1.1882004951157181,nan,1.000019009599848,nan,1.0000462096132166,nan
g W z,3,-12.43851448350932,nan,-inf,nan,-15.977005310476812,nan,1.083039607445885,nan,1.0830393150917832,nan,1.000950479992396,nan,1.000952794378892,nan
g i C,3,-12.579251635943764,nan,-12.605532040996291,nan,-12.63094328545283,nan,1.1299755116375088,nan,1.1299653871403512,nan,1.0015915679680247,nan,1.001580511849003,nan
g i J,3,-12.80582908810589,nan,-16.216604065570824,nan,-16.03888116040867,nan,1.1252611308752238,nan,1.1252544094225159,nan,1.000279905578518,nan,1.0003038924850924,nan
g i D,3,-10.430751929446668,nan,-16.25417986612977,nan,-16.20307127789488,nan,1.133112095612416,nan,1.1330997069929432,nan,1.0003749535777577,nan,1.0003964011346513,nan
g X g,3,-11.933699786196598,nan,-inf,nan,-16.733807252894152,nan,1.0791408523664507,nan,1.0791454620249377,nan,1.0016047919835043,nan,1.0016111662668883,nan
g u v,3,-11.93399114824183,nan,-16.24636337712839,nan,-15.970655621570529,nan,1.158404117329971,nan,1.158378888254487,nan,1.0013683419611037,nan,1.0013597430138246,nan
h e s,3,-10.472025457110174,nan,-10.49772600095039,nan,-10.502986400272261,nan,1.1574614943040609,nan,1.1574248750683613,nan,1.0045570188978052,nan,1.0044940380543368,nan
h e n,3,-10.137038491823976,nan,-11.104511449229593,nan,-11.105085539470759,nan,1.213368727456803,nan,1.2132917519560769,nan,1.0041007885014552,nan,1.0040499965364549,nan
h i n,3,-9.77461945044755,nan,-8.928759884474005,nan,-8.934832170157046,nan,1.2409207665689426,nan,1.240834026035747,nan,1.0183475342514732,nan,1.0181144950733239,nan
h Y s,3,-10.925961988244817,nan,-9.943805687311675,nan,-9.95168853876847,nan,1.1355448875060874,nan,1.1355160359850072,nan,1.005102610677637,nan,1.005035949180757,nan
h x s,3,-9.687337649373145,nan,-8.876612428877634,nan,-8.884945906308502,nan,1.2113992992845142,nan,1.21134356333608,nan,1.0194693918727131,nan,1.0191380010019262,nan
J X T,3,-15.693911562286722,nan,-inf,nan,-20.414691405904552,nan,1.0292947775472252,nan,1.0293195082721753,nan,1.000019009599848,nan,1.0000462096132166,nan
J x n,3,-11.454865501931085,nan,-8.689075705304939,nan,-8.7355247527524,nan,1.2209910129707906,nan,1.2209090242562979,nan,1.0412754345926079,nan,1.04024411524093,nan
k e d,3,-10.240549053001438,nan,-11.623263934251378,nan,-11.611276009288195,nan,1.1661915966163032,nan,1.1661412122855086,nan,1.001340153466031,nan,1.0013457080116337,nan
k X m,3,-11.10577895623594,nan,-14.98707832675082,nan,-14.933555054616251,nan,1.1200024086406373,nan,1.1199735283868963,nan,1.000567494171864,nan,1.00058204439565,nan
l e l,3,-10.224591298073584,nan,-12.070250258881053,nan,-12.06805661795805,nan,1.1206245717059233,nan,1.1206053735346309,nan,1.0017805173140535,nan,1.0017720526077367,nan
m A b,3,-10.692565262859416,nan,-13.887694445239783,nan,-13.88323808674434,nan,1.100578337888785,nan,1.1005775400497022,nan,1.0031156826202194,nan,1.003095592541297,nan
m e p,3,-10.860875181562712,nan,-12.799260822563962,nan,-12.794649379449153,nan,1.110120161650717,nan,1.1101130554609688,nan,1.0024477507391896,nan,1.0024337331513908,nan
m A v,3,-11.7589094259056,nan,-9.870124071405828,nan,-9.88977364084382,nan,1.111679944199972,nan,1.1116711327400886,nan,1.012126232948135,nan,1.0118654125194648,nan
m A z,3,-10.86167370542563,nan,-11.006105714991506,nan,-11.010695141496818,nan,1.1165083825613447,nan,1.1164960857252906,nan,1.0043513066103344,nan,1.0042982049855604,nan
m X n,3,-10.616503878635976,nan,-13.184595015785199,nan,-13.14604897365984,nan,1.1699855312266145,nan,1.169923374335755,nan,1.0026772105270367,nan,1.002635646992728,nan
m X s,3,-10.951490843922175,nan,-14.363421144857483,nan,-14.312326943454496,nan,1.1140782980738724,nan,1.1140564974480396,nan,1.0010043657404195,nan,1.001007494760494,nan
m Y d,3,-10.745404238603898,nan,-9.913491855885724,nan,-9.922213584293427,nan,1.150992263150434,nan,1.150947601063138,nan,1.0064617737435155,nan,1.0063724510389978,nan
m x b,3,-9.908883660137686,nan,-13.554698751895764,nan,-13.557059858310177,nan,1.1560929442948906,nan,1.1560724708908934,nan,1.002268381838448,nan,1.00225827969817,nan
n e s,3,-9.538241567788502,nan,-12.909905776343328,nan,-12.90307533028667,nan,1.1434017121745732,nan,1.143369374271028,nan,1.0029708872862022,nan,1.0029289919775393,nan
n e n,3,-9.203254602502303,nan,-13.51669122462253,nan,-13.505174469485171,nan,1.1993089453273154,nan,1.1992362511587435,nan,1.0025146568898522,nan,1.0024849504596574,nan
n c d,3,-9.695794823081245,nan,-13.089107008198765,nan,-13.068303504844447,nan,1.1621871259491074,nan,1.1621383517307593,nan,1.0049457959783252,nan,1.0049003562988144,nan
n W d,3,-10.938607460723444,nan,-12.258668886965664,nan,-12.237480070785885,nan,1.1321159366303042,nan,1.1320778202851862,nan,1.0044215594253578,nan,1.004384364593181,nan
n c G,3,-10.758629960657345,nan,-11.416976162488972,nan,-11.423608028451122,nan,1.0965849968739245,nan,1.0965835771168504,nan,1.0062574583678319,nan,1.0061769756627248,nan
n i n,3,-8.840835561125878,nan,-11.572470902676868,nan,-11.573313523117962,nan,1.226860984439455,nan,1.2267785252384138,nan,1.003643161193318,nan,1.0036055973260696,nan
p e k,3,-10.809956527094895,nan,-11.45464422234366,nan,-11.45712924171619,nan,1.1447223933547,nan,1.1446820134693185,nan,1.0079295990229364,nan,1.007757228099498,nan
p e m,3,-10.860875181562712,nan,-12.931424585708049,nan,-12.928406073695268,nan,1.1390575326000187,nan,1.1390212418567585,nan,1.0030441318620202,nan,1.003002283512179,nan
p e p,3,-11.43810829648756,nan,-13.608322068759005,nan,-13.601354220954372,nan,1.0902408801905519,nan,1.0902398274236904,nan,1.001561383073882,nan,1.0015591485790627,nan
p i m,3,-10.498456140186287,nan,-13.172346074023674,nan,-13.158511251135415,nan,1.1666095717121583,nan,1.1665635159364287,nan,1.00353414407621,nan,1.0035095117514752,nan
p X b,3,-12.143860126865453,nan,-17.8651666738689,nan,-17.18825057418931,nan,1.0500587257668297,nan,1.0500748409397394,nan,1.0002052640909134,nan,1.000230243257949,nan
p X d,3,-11.741756366459994,nan,-11.42155974503074,nan,-11.428287728017164,nan,1.1208124564007997,nan,1.120777498463057,nan,1.0018781088775306,nan,1.0018583954901827,nan
p X v,3,-13.210204289911637,nan,-12.999526536869157,nan,-12.973803182784486,nan,1.0611603320780167,nan,1.0611684336301257,nan,1.000547436888176,nan,1.0005632743963606,nan
r e m,3,-10.007388690009707,nan,-13.555167958885107,nan,-13.550368511920656,nan,1.138817057421065,nan,1.1387808399046946,nan,1.002904179072761,nan,1.002864191211285,nan
r i g,3,-10.033470736379702,nan,-14.410697611144696,nan,-14.389642283801338,nan,1.1159366281366643,nan,1.1159270499302647,nan,1.006196989610936,nan,1.0061410408518383,nan
r i s,3,-9.4397628818517,nan,-13.750257988072239,nan,-13.701080666598626,nan,1.1537277126343355,nan,1.1536908551845244,nan,1.006406095209263,nan,1.0063445598808674,nan
r i t,3,-8.791429201745268,nan,-10.215791529099103,nan,-10.21999783997273,nan,1.2818143964096422,nan,1.2816850804376445,nan,1.009124467987516,nan,1.0089903072582471,nan
r i z,3,-10.224007492436346,nan,-9.778375024874165,nan,-9.788220536732483,nan,1.1255174664600176,nan,1.125500972389091,nan,1.0119378887650088,nan,1.0117285632851858,nan
r E p,3,-10.98489905101819,nan,-12.983412942651366,nan,-12.97670701684479,nan,1.0810247661271153,nan,1.0810269677457063,nan,1.0041365143962493,nan,1.0041000469155108,nan
r I D,3,-9.643149642081848,nan,-14.792512119268268,nan,-14.791357241925297,nan,1.0758689271864719,nan,1.0758756801170322,nan,1.0093038778591343,nan,1.009090783423158,nan
r I S,3,-11.695538136289976,nan,-13.731245315367056,nan,-13.756214799803367,nan,1.0725422472130854,nan,1.0725514014854953,nan,1.0031257579085593,nan,1.0030777212018402,nan
r I T,3,-11.563230802127975,nan,-15.825164958833282,nan,-15.82826773123281,nan,1.0698238744348323,nan,1.069834990946582,nan,1.0005784715289376,nan,1.0005984893936661,nan
r I Z,3,-16.417602073749563,nan,-inf,nan,-20.810175261105535,nan,1.0660029448653998,nan,1.0660168194897883,nan,1.0005784715289376,nan,1.0005984893936661,nan
r I z,3,-10.101159669446105,nan,-10.921013097078168,nan,-10.92573114788854,nan,1.0912476934634419,nan,1.09124334533368,nan,1.0014909323216379,nan,1.00148657242943,nan
r x l,3,-9.193175497990538,nan,-11.979135711563595,nan,-11.978708451665383,nan,1.1652479714215733,nan,1.1652124928590764,nan,1.0032017963079511,nan,1.0031517281214872,nan
s i g,3,-10.104517346226277,nan,-13.15718278064837,nan,-13.136654968698222,nan,1.158556845686543,nan,1.1585342892343813,nan,1.0086041775861923,nan,1.0085162284272138,nan
s i v,3,-11.192289822762891,nan,-10.23274994926627,nan,-10.246554449982941,nan,1.1633092456485237,nan,1.1632832587080055,nan,1.0104290991715927,nan,1.0102923944987414,nan
s X d,3,-10.959316484753565,nan,-11.847540276756746,nan,-11.84424899202006,nan,1.1631921987717246,nan,1.1631443358151097,nan,1.0024285898486163,nan,1.0024015585403654,nan
s X g,3,-11.339991931668596,nan,-inf,nan,-17.908627150763166,nan,1.098787674486961,nan,1.0987863015085542,nan,1.000755745061999,nan,1.0007734063081317,nan
s X k,3,-10.900572189454358,nan,-12.279252012003774,nan,-12.271882454282178,nan,1.1548850036381824,nan,1.1548431371752144,nan,1.002238493850137,nan,1.002216541241248,nan
s X m,3,-10.951490843922175,nan,-13.384817190303076,nan,-13.355264598003359,nan,1.1492201428835012,nan,1.1491823655626543,nan,1.0011739562586535,nan,1.0011804443661902,nan
S x J,3,-14.1684755446458,nan,-17.25666576375812,nan,-17.202134693831212,nan,1.1138922936478204,nan,1.1138877171365398,nan,1.0004686046652105,nan,1.0004885520917064,nan
S x C,3,-13.941898092483674,nan,-13.905876837447256,nan,-13.953944053630785,nan,1.1186066744101053,nan,1.1185986948543751,nan,1.002141449451828,nan,1.00211670432394,nan
s Y b,3,-10.942301232227775,nan,-15.198900619638067,nan,-15.1575847085624,nan,1.1027389934272236,nan,1.1027385528545948,nan,1.0012063878112019,nan,1.0012160170559994,nan
s Y v,3,-12.008645395273959,nan,-12.24907260053636,nan,-12.24996750692322,nan,1.1138405997384107,nan,1.1138321455449811,nan,1.001909743005575,nan,1.0019005810627342,nan
s x J,3,-11.789852467217283,nan,-15.140525988051573,nan,-15.067955047883043,nan,1.1712937188640478,nan,1.1712716630941808,nan,1.0049937448512545,nan,1.0049535364872764,nan
s x g,3,-9.682248579865675,nan,-12.175855246059946,nan,-12.180209625469734,nan,1.1849426115548567,nan,1.1849107034224298,nan,1.0060202632430424,nan,1.0059526299025106,nan
s x S,3,-11.467163802766187,nan,-12.906105397920493,nan,-12.919055717084227,nan,1.1758180036278536,nan,1.1757926820330713,nan,1.0053169080486692,nan,1.005268065895776,nan
t e s,3,-9.224894852968268,nan,-11.139641435908224,nan,-11.142380060008028,nan,1.1612529862922296,nan,1.1612152125125679,nan,1.0055180280507177,nan,1.0054422718538085,nan
t E m,3,-9.830378865833485,nan,-12.917422810270427,nan,-12.906431627565652,nan,1.1649187313066158,nan,1.164875013586488,nan,1.0047834346027424,nan,1.004688355358547,nan
t X t,3,-9.449616716927729,nan,-10.457020986137698,nan,-10.459712309173353,nan,1.2571225379800937,nan,1.257003724119531,nan,1.004717977685982,nan,1.0046579603528918,nan
T i n,3,-11.422138269678593,nan,-15.04970461985704,nan,-14.897253674979892,nan,1.19790777289344,nan,1.1978341302099262,nan,1.0012826241478148,nan,1.0012764405176589,nan
T X T,3,-15.238915563673626,nan,-16.915465734848716,nan,-16.729738903316417,nan,1.0325973033381883,nan,1.0326210284138522,nan,1.0003455661081193,nan,1.000368424981969,nan
T x J,3,-14.0361682104838,nan,-17.347470147184374,nan,-17.282036697211513,nan,1.1169463284205314,nan,1.1169408219277506,nan,1.0001420481569392,nan,1.000166336722954,nan
T x S,3,-13.713479546032705,nan,-15.113049557053296,nan,-15.1331373664127,nan,1.1214706131843373,nan,1.121461840866641,nan,1.000465211354354,nan,1.0004808661314537,nan
T x C,3,-13.809590758321674,nan,-13.996681220873509,nan,-14.033846057011086,nan,1.1216607091828164,nan,1.121651799645586,nan,1.0018148929435566,nan,1.0017944889551877,nan
t Y s,3,-9.678831384102912,nan,-11.520135341012246,nan,-11.522411118526291,nan,1.1393363794942561,nan,1.1393063734292137,nan,1.0040296392933172,nan,1.0039772415405703,nan
t x l,3,-8.615888427730683,nan,-10.277829046260354,nan,-10.282227608378154,nan,1.200325284191607,nan,1.20027912426679,nan,1.0043307488079745,nan,1.0042656726820316,nan
v e t,3,-10.906375184032886,nan,-18.03887408363412,nan,-17.64342053716922,nan,1.236459178215637,nan,1.2363450485068472,nan,1.0005606085815404,nan,1.0005734642041384,nan
v i n,3,-10.857302857476693,nan,-16.119976622910745,nan,-16.059581940445188,nan,1.1918317667052118,nan,1.191759974221113,nan,1.0013572656354197,nan,1.0013500897448022,nan
v X n,3,-12.09277744291901,nan,-12.01744135844071,nan,-12.033581634229604,nan,1.1320625955056298,nan,1.1320119864952858,nan,1.0025932388534813,nan,1.0025527916121917,nan
v e D,3,-11.880943447359707,nan,-inf,nan,-24.944896066413087,nan,1.0647834819890423,nan,1.0647932752416458,nan,1.0000093301859505,nan,1.0000369140366976,nan
v Y k,3,-12.162933507587725,nan,-16.388799486943686,nan,-16.004868788720334,nan,1.104762132295907,nan,1.1047350145827735,nan,1.0083925637188846,nan,1.0081961769277779,nan
v Y r,3,-11.937598785427383,nan,-18.437750982841507,nan,-18.034896575744728,nan,1.1634827862261417,nan,1.1634132813988745,nan,1.0009217909786507,nan,1.0009249970724614,nan
v Y t,3,-11.360311715167528,nan,-15.96825323154461,nan,-15.582538299478284,nan,1.2145425714176632,nan,1.214436209423493,nan,1.0103505525032208,nan,1.0101018551086878,nan
w e s,3,-10.261202390184005,nan,-9.113616889918974,nan,-9.120763942795046,nan,1.1679462121064386,nan,1.1679064001783452,nan,1.0107522623690075,nan,1.010606923907241,nan
w x J,3,-12.177826324326588,nan,-13.104437069235983,nan,-13.034926978681222,nan,1.1704440398984117,nan,1.1704222428635553,nan,1.0257627387773034,nan,1.0254464339399338,nan
w x S,3,-11.855137659875492,nan,-10.870016479104903,nan,-10.886027647882408,nan,1.1749683246622176,nan,1.1749432618024458,nan,1.0260859019747182,nan,1.0257609633484335,nan
w x C,3,-11.951248872164463,nan,-9.753648142925115,nan,-9.786736338480793,nan,1.1751584206606966,nan,1.1751332205813907,nan,1.0274355835639208,nan,1.0270745861721675,nan
y c d,3,-10.245754655150295,nan,-13.767323245667905,nan,-13.735393144497667,nan,1.2025228292989265,nan,1.2024617724902693,nan,1.0011670706683298,nan,1.0011718641746787,nan
y c g,3,-10.626430102065324,nan,-13.326366230113047,nan,-13.319463848616643,nan,1.1381183050141628,nan,1.1381037381837138,nan,1.003771385847495,nan,1.003706601172588,nan
y c G,3,-11.308589792726394,nan,-12.095192399958112,nan,-12.090697668104342,nan,1.1369207002237436,nan,1.1369069978763604,nan,1.0024787330578364,nan,1.0024484835385892,nan
y X C,3,-13.435991233640928,nan,-13.263197701566172,nan,-12.906620598735977,nan,1.1047946870107546,nan,1.1047952135197079,nan,1.0077164130090979,nan,1.007641286162382,nan
y X g,3,-11.554964798451444,nan,-inf,nan,-15.192356678375676,nan,1.1137291989392786,nan,1.1137232761301215,nan,1.0076974034092498,nan,1.00762278443247,nan
y X T,3,-13.207572687189959,nan,-13.507489597173434,nan,-13.323666885694244,nan,1.1018862182340223,nan,1.1018888442018497,nan,1.0077164130090979,nan,1.007641286162382,nan
y X v,3,-12.642737274988058,nan,-10.697676962946714,nan,-10.67349397439989,nan,1.1184815989012593,nan,1.1184722456037457,nan,1.0080395762065124,nan,1.0079558155708817,nan
y x J,3,-12.004825334000135,nan,-15.228938544639066,nan,-15.155867543727398,nan,1.1862352433163654,nan,1.1862086377157481,nan,1.0026332078057512,nan,1.0026243796788656,nan
y x S,3,-11.682136669549038,nan,-12.994517954507986,nan,-13.006968212928584,nan,1.1907595280801713,nan,1.1907296566546386,nan,1.002956371003166,nan,1.0029389090873653,nan
y x C,3,-11.77824788183801,nan,-11.878149618328198,nan,-11.90767690352697,nan,1.1909496240786503,nan,1.1909196154335835,nan,1.0043060525923686,nan,1.0042525319110993,nan
b O n,3,-13.025131934687028,nan,-11.739697573650368,nan,-11.59535920148804,nan,1.1575737677088127,nan,1.1575162122575342,nan,1.002576528234154,nan,1.0025689639122564,nan
b O r,3,-13.28907229012665,nan,-inf,nan,-12.97973669010071,nan,1.1786934331398555,nan,1.1786206325983202,nan,1.0025004898347625,nan,1.0024949569926094,nan
b O s,3,-13.360118899973227,nan,-11.557547149587052,nan,-11.454895441864762,nan,1.1016665345560706,nan,1.1016493353698187,nan,1.002576528234154,nan,1.0025689639122564,nan
b U n,3,-10.919600896684944,nan,-inf,nan,-15.3023629071209,nan,1.1898188903541072,nan,1.18974990654109,nan,1.0023512068595528,nan,1.0023476585383224,nan
b u r,3,-10.202892520821067,nan,-9.852566524340197,nan,-9.85931328811044,nan,1.2696720763442146,nan,1.269567031023943,nan,1.008393116559672,nan,1.0082304038421248,nan
b U s,3,-11.254587861971142,nan,-inf,nan,-15.344220704291574,nan,1.133911657201365,nan,1.1338830296533744,nan,1.0023512068595528,nan,1.0023476585383224,nan
b W r,3,-11.604651576568529,nan,-14.968149549828182,nan,-14.575015446720505,nan,1.189479128098756,nan,1.1894025048760373,nan,1.0006534622444891,nan,1.0006722280439355,nan
C e D,3,-12.674197406012576,nan,-inf,nan,-19.74607433416054,nan,1.066314507295047,nan,1.0663238343364523,nan,1.000970339338863,nan,1.000985147836169,nan
C i D,3,-12.311778364636153,nan,-17.86266271340726,nan,-17.83271612281861,nan,1.0938665464071866,nan,1.0938661084161225,nan,1.0007201704579303,nan,1.0007370288101898,nan
C O b,3,-15.834853189690714,nan,-inf,nan,-20.574865427341898,nan,1.0170783186091954,nan,1.017105298561657,nan,1.0000093301859505,nan,1.0000369140366976,nan
C O g,3,-15.813424876200283,nan,-inf,nan,-20.18613355935291,nan,1.0234275249584017,nan,1.0234499217784192,nan,1.0000093301859505,nan,1.0000369140366976,nan
C O v,3,-16.901197352736897,nan,-inf,nan,-18.611709834543568,nan,1.0281799249203825,nan,1.0281988912520434,nan,1.0000093301859505,nan,1.0000369140366976,nan
C u D,3,-12.459771835587087,nan,-inf,nan,-20.63114696865211,nan,1.1086082402091442,nan,1.1086025774462205,nan,1.0006344526446411,nan,1.0006537263140236,nan
C u S,3,-14.512160329795215,nan,-15.257863731500542,nan,-15.279265757352647,nan,1.1052815602357577,nan,1.1052782988146836,nan,1.0011096926408392,nan,1.0011162695618174,nan
C u T,3,-14.379852995633215,nan,-19.336479549057238,nan,-18.69383138962659,nan,1.1025631874575046,nan,1.1025618882757704,nan,1.0006534622444891,nan,1.0006722280439355,nan
D e C,3,-12.674197406012576,nan,-12.99522831715107,nan,-12.815877418315177,nan,1.1234971140410042,nan,1.1234903374598764,nan,1.0130529301448978,nan,1.0129071164800107,nan
D e D,3,-10.52569769951548,nan,-inf,nan,-16.597355639939106,nan,1.1266336980159115,nan,1.1266246573124683,nan,1.0130529301448978,nan,1.0129071164800107,nan
D e J,3,-12.900774858174701,nan,-11.076871254214181,nan,-11.10918040915628,nan,1.1187827332787192,nan,1.118779359742041,nan,1.014022419737142,nan,1.0138507047055099,nan
D e S,3,-12.578086193723607,nan,-12.174655174258303,nan,-12.127863608838116,nan,1.123307018042525,nan,1.1233003786809315,nan,1.0130529301448978,nan,1.0129071164800107,nan
D i C,3,-12.311778364636153,nan,-13.049491574113798,nan,-13.06949284917172,nan,1.1510491531531437,nan,1.1510326115395466,nan,1.0023006621002708,nan,1.0022801795068657,nan
D i D,3,-10.163278658139056,nan,-16.698139399247278,nan,-16.641620841613776,nan,1.154185737128051,nan,1.1541669313921386,nan,1.0010840477100038,nan,1.001096068792514,nan
D i S,3,-12.215667152347184,nan,-15.119290189117196,nan,-15.06250056840895,nan,1.1508590571546646,nan,1.1508426527606017,nan,1.0010080093106122,nan,1.001022061872867,nan
D i T,3,-12.083359818185183,nan,-14.550024702592752,nan,-14.550154582761,nan,1.1481406843764115,nan,1.1481262422216885,nan,1.001502258906658,nan,1.0015031068505722,nan
d u r,3,-9.800788760415607,nan,-9.473335110186884,nan,-9.479612468460642,nan,1.2626261536008738,nan,1.2625232538284723,nan,1.0152974541631203,nan,1.0150429573528914,nan
D W C,3,-13.861530891334548,nan,-inf,nan,-17.060209922070488,nan,1.0855978987096426,nan,1.0856045544217388,nan,1.000209105598327,nan,1.000231226912334,nan
D W D,3,-11.713031184837451,nan,-inf,nan,-21.56762514707735,nan,1.08873448268455,nan,1.0887388742743307,nan,1.0000380191996958,nan,1.0000647113431282,nan
D W T,3,-13.633112344883578,nan,-inf,nan,-16.749240202817983,nan,1.0826894299329104,nan,1.0826981851038806,nan,1.0020150175838798,nan,1.0019888912539499,nan
f U n,3,-11.64058779663856,nan,-inf,nan,-16.22818307729228,nan,1.1638235235092216,nan,1.1637624555229877,nan,1.0011196223140728,nan,1.001132446290456,nan
f u r,3,-10.923879420774682,nan,-12.316633572152774,nan,-12.307722318213292,nan,1.243676709499329,nan,1.243579580005841,nan,1.006256503976983,nan,1.0061221947151444,nan
f U s,3,-11.975574761924758,nan,-inf,nan,-16.270040874462953,nan,1.1079162903564794,nan,1.1078955786352722,nan,1.0011196223140728,nan,1.001132446290456,nan
f W r,3,-12.32563847652214,nan,-17.18373402965942,nan,-16.727329352837295,nan,1.1634837612538704,nan,1.163415053857935,nan,1.0001309718312552,nan,1.0001566834539317,nan
f x r,3,-10.353617183463143,nan,-12.145217849093259,nan,-12.1497786732104,nan,1.2553207815656853,nan,1.2552195251637914,nan,1.0018895867532764,nan,1.0018886027924385,nan
g U n,3,-10.898172583194516,nan,-inf,nan,-14.605094933242048,nan,1.188616514459339,nan,1.1885478967807708,nan,1.0047490646488584,nan,1.004713639960305,nan
g U S,3,-13.611782625909232,nan,-11.04646756898421,nan,-11.070780277183111,nan,1.0857935888819226,nan,1.085799193249437,nan,1.005585487042167,nan,1.0055277160764218,nan
g U T,3,-13.479475291747232,nan,-inf,nan,-15.682398270938418,nan,1.0830752161036694,nan,1.0830827827105238,nan,1.0047490646488584,nan,1.004713639960305,nan
g W C,3,-14.12900416264216,nan,-inf,nan,-17.195855596050176,nan,1.0645242571940077,nan,1.0645373300225434,nan,1.000209105598327,nan,1.000231226912334,nan
g W D,3,-11.980504456145063,nan,-inf,nan,-21.70327082105704,nan,1.067660841168915,nan,1.0676716498751353,nan,1.0000380191996958,nan,1.0000647113431282,nan
g W T,3,-13.90058561619119,nan,-inf,nan,-16.88488587679767,nan,1.0616157884172754,nan,1.0616309607046852,nan,1.0020150175838798,nan,1.0019888912539499,nan
g x r,3,-9.6112019700191,nan,-10.647102770631786,nan,-10.64956672687851,nan,1.2801137725158027,nan,1.2800049664215745,nan,1.006825255121147,nan,1.0067586579372974,nan
h U n,3,-10.903261652701985,nan,-inf,nan,-18.921669767644488,nan,1.1969289398118355,nan,1.1968577909237779,nan,1.000046650929753,nan,1.0000737386502692,nan
h u r,3,-10.186553276838108,nan,-10.667606268241782,nan,-10.67037124599536,nan,1.276782125801943,nan,1.276674915406631,nan,1.007329475361303,nan,1.007180902355331,nan
h U s,3,-11.238248617988184,nan,-inf,nan,-18.96352756481516,nan,1.1410217066590933,nan,1.1409909140360623,nan,1.000046650929753,nan,1.0000737386502692,nan
h W r,3,-11.58831233258557,nan,-13.850565780149296,nan,-13.464115488517864,nan,1.1965891775564843,nan,1.1965103892587252,nan,1.0022582542279934,nan,1.0022556864275192,nan
J O b,3,-16.061430641852837,nan,-inf,nan,-18.791362992218588,nan,1.0183207737004556,nan,1.0183473753139871,nan,1.0000279905578517,nan,1.0000553263434835,nan
J x r,3,-11.718805857370707,nan,-11.466374510239968,nan,-11.506890805914436,nan,1.2421106784018334,nan,1.2420134445970838,nan,1.0035223692946325,nan,1.003499679636201,nan
k E G,3,-11.703661436661172,nan,-18.972016299667313,nan,-18.220256090085538,nan,1.0916138286566375,nan,1.0916139799456794,nan,1.000142397384886,nan,1.0001664261460799,nan
k E S,3,-12.806416968900617,nan,-20.3001689079393,nan,-19.515741101973653,nan,1.0836868255200536,nan,1.0836926988636744,nan,1.0000093301859505,nan,1.0000369140366976,nan
k i b,3,-10.280233772030474,nan,-14.940999133772191,nan,-14.929532832998044,nan,1.1229899050944727,nan,1.1229808288418612,nan,1.0012968958471342,nan,1.0013073632049216,nan
k i C,3,-12.139831893729529,nan,-13.027652710487919,nan,-13.052201779453355,nan,1.120404599515155,nan,1.1203973894482098,nan,1.0026085582366409,nan,1.0025839825688323,nan
k i D,3,-9.99133218723243,nan,-16.6763005356214,nan,-16.624329771895408,nan,1.1235411834900624,nan,1.1235317093008017,nan,1.0013919438463739,nan,1.0013998718544805,nan
k i r,3,-9.594050994165466,nan,-9.590976453498577,nan,-9.596051341470414,nan,1.2441570945251352,nan,1.2440605545413845,nan,1.0305906892127839,nan,1.0298185289989235,nan
k u f,3,-11.149214142935023,nan,-18.84348543600542,nan,-18.42912132418561,nan,1.1322568341402284,nan,1.1322464850383442,nan,1.0002615944345639,nan,1.0002855696014326,nan
k U m,3,-10.998946573048059,nan,-16.069462905849587,nan,-15.788197333687755,nan,1.1357797530831122,nan,1.1357452810007542,nan,1.0009154059069996,nan,1.0009301791851892,nan
k U n,3,-10.458752840980278,nan,-inf,nan,-17.02400319963728,nan,1.1790456023369853,nan,1.1789798990886293,nan,1.0008583771074557,nan,1.000874673995454,nan
k U p,3,-11.576179687972907,nan,-13.938180721558059,nan,-13.909749089890026,nan,1.0869631006736453,nan,1.0869638665676862,nan,1.0013526267035018,nan,1.0013557189731594,nan
k u r,3,-9.7420444651164,nan,-13.011040808573046,nan,-12.990621292932017,nan,1.2588987883270928,nan,1.2587970235714825,nan,1.0061165511877241,nan,1.0059841024142504,nan
l U n,3,-10.480146111165954,nan,-inf,nan,-15.17993426383411,nan,1.1749575242947738,nan,1.174893065903544,nan,1.006297875516659,nan,1.006241861423531,nan
l X l,3,-11.097646842139476,nan,-13.492859364964634,nan,-13.469336007173005,nan,1.0884074396184809,nan,1.088399659888474,nan,1.002649219969185,nan,1.0026080285325492,nan
m W l,3,-11.441450167677695,nan,-12.588289851586566,nan,-12.575999177823785,nan,1.0935307077488774,nan,1.0935216515425623,nan,1.0017355135554233,nan,1.0017332606853955,nan
m W r,3,-11.194722175331677,nan,-15.106659746661355,nan,-14.71483649655151,nan,1.1854231134137383,nan,1.1853477252845603,nan,1.0012412639593775,nan,1.0012522157076902,nan
m W t,3,-10.617435105071822,nan,-9.335658636413916,nan,-9.346413349464944,nan,1.23648289860526,nan,1.236370653309179,nan,1.0014123503580088,nan,1.0014187312768958,nan
n c n,3,-9.147775450182074,nan,-9.13256930834646,nan,-9.138595080390173,nan,1.191480919314757,nan,1.191410999566179,nan,1.015876315890881,nan,1.0155388509980687,nan
n W C,3,-13.200309342827959,nan,-12.194483169894433,nan,-12.211455953381401,nan,1.0587769004170164,nan,1.0587917233682171,nan,1.0041744346273347,nan,1.0041438421043283,nan
n W D,3,-11.051809636330862,nan,-17.107728421170286,nan,-16.718871178388266,nan,1.0619134843919238,nan,1.061926043220809,nan,1.0040033482287034,nan,1.0039773265351226,nan
n x r,3,-8.682507150204898,nan,-12.239747271400292,nan,-12.237744701091382,nan,1.2743664157388115,nan,1.2742593597672482,nan,1.0010312096458207,nan,1.0010416366802892,nan
p c k,3,-10.754477374774666,nan,-12.250482031349556,nan,-12.247836522081949,nan,1.1368943673421417,nan,1.136856761876754,nan,1.0059782455695878,nan,1.0058532489579801,nan
p c p,3,-11.382629144167328,nan,-12.554717632543829,nan,-12.554520439762726,nan,1.0824128541779936,nan,1.0824145758311259,nan,1.0015299992051738,nan,1.0015238441586314,nan
p c s,3,-10.6001892624609,nan,-14.343849062980212,nan,-14.320022053095196,nan,1.1185881226885914,nan,1.1185637314643535,nan,1.0006745672120174,nan,1.0006912663126026,nan
p O l,3,-13.703103996160666,nan,-15.965702183040108,nan,-15.734632013958155,nan,1.0628657313298118,nan,1.0628665512275668,nan,1.0001603593008939,nan,1.000184659606614,nan
p O m,3,-13.732629380442805,nan,-inf,nan,-17.501803849847455,nan,1.0903726223097567,nan,1.0903535865409038,nan,1.0000653113016542,nan,1.000092150957055,nan
p O n,3,-13.192435648375024,nan,-16.01519419723442,nan,-15.74187744224299,nan,1.1336384715636298,nan,1.1335882046287789,nan,1.0001413497010458,nan,1.000166157876702,nan
p O r,3,-13.456376003814647,nan,-inf,nan,-17.126254930855655,nan,1.1547581369946727,nan,1.1546926249695648,nan,1.0000653113016542,nan,1.000092150957055,nan
p O s,3,-13.527422613661223,nan,-15.833043773171102,nan,-15.60141368261971,nan,1.0777312384108877,nan,1.0777213277410633,nan,1.0001413497010458,nan,1.000166157876702,nan
p O t,3,-12.879088933554792,nan,-inf,nan,-17.0808417629075,nan,1.2058179221861942,nan,1.2057155529941834,nan,1.0000653113016542,nan,1.000092150957055,nan
p u k,3,-10.595530956669405,nan,-11.874085959490802,nan,-11.878067497288788,nan,1.187016126268797,nan,1.1869607565790867,nan,1.0056560310874028,nan,1.0055457795478517,nan
p U m,3,-11.627098342440721,nan,-14.018632714713586,nan,-13.749414658261934,nan,1.1226177449550512,nan,1.1225872808244595,nan,1.0061589704112401,nan,1.0061040373920147,nan
p U n,3,-11.08690461037294,nan,-inf,nan,-14.985220524211458,nan,1.1658835942089243,nan,1.1658218989123346,nan,1.0061019416116963,nan,1.0060485322022794,nan
p U p,3,-12.20433145736557,nan,-11.88735053042206,nan,-11.870966414464204,nan,1.0738010925455843,nan,1.0738058663913914,nan,1.0065961912077424,nan,1.006529577179985,nan
p U s,3,-11.421891575659139,nan,-inf,nan,-15.027078321382133,nan,1.1099763610561821,nan,1.109955022024619,nan,1.0061019416116963,nan,1.0060485322022794,nan
p u v,3,-12.122723175420255,nan,-12.800712406875425,nan,-12.80770324364234,nan,1.1356711970795563,nan,1.1356528903860508,nan,1.002329351114016,nan,1.002307976813296,nan
r U n,3,-10.233418118819937,nan,-inf,nan,-17.496734697694883,nan,1.1656431190299705,nan,1.1655814969602707,nan,1.0000279905578517,nan,1.0000553263434835,nan
r W r,3,-10.91846879870352,nan,-16.118767563329797,nan,-15.72555674246407,nan,1.1653033567746194,nan,1.165234095295218,nan,1.0003548962940698,nan,1.000377631135362,nan
S c g,3,-12.790080312710991,nan,-16.731938755865464,nan,-16.545515855423503,nan,1.0657753553456177,nan,1.0657828176045054,nan,1.0031929143185576,nan,1.0031358196622264,nan
s c p,3,-10.600189262460901,nan,-11.209282764508572,nan,-11.214560918103672,nan,1.1247925965489185,nan,1.1247814131831786,nan,1.002379046126679,nan,1.0023616041173877,nan
s U g,3,-11.233159548480714,nan,-inf,nan,-19.737178240001825,nan,1.1145650189294358,nan,1.114558054122412,nan,1.0001900959984793,nan,1.0002127251824222,nan
S U g,3,-13.611782625909228,nan,-15.541937774434336,nan,-15.50787616480139,nan,1.0571635937132084,nan,1.057174108164771,nan,1.000955171246429,nan,1.0009676297606422,nan
s U k,3,-10.793739806266476,nan,-inf,nan,-14.136519933295256,nan,1.1706623480806573,nan,1.1706148897890722,nan,1.0186674270506606,nan,1.01819640665664,nan
s U m,3,-10.844658460734292,nan,-inf,nan,-19.87286735721081,nan,1.164997487325976,nan,1.1649541181765122,nan,1.0000570287995438,nan,1.00008321307304,nan
s U n,3,-10.304464728666511,nan,-inf,nan,-21.108673223160338,nan,1.2082633365798492,nan,1.2081887362643873,nan,1,1,1.0000277078833046,1.0
s U p,3,-11.421891575659139,nan,-inf,nan,-17.99441911341308,nan,1.1161808349165092,nan,1.1161727037434441,nan,1.000494249596046,nan,1.0005087528610102,nan
s U s,3,-10.63945169395271,nan,-inf,nan,-21.15053102033101,nan,1.152356103427107,nan,1.1523218593766718,nan,1,1,1.0000277078833046,1.0
S u T,3,-14.283741783344244,nan,-18.930624138684546,nan,-18.287138005037505,nan,1.1040541335670169,nan,1.1040523803785665,nan,1.0007187735461434,nan,1.0007366711176862,nan
s W l,3,-11.236243400896113,nan,-15.443608028661174,nan,-15.284000343650597,nan,1.1160311686596371,nan,1.1160152608573366,nan,1.0005692403115976,nan,1.0005824915112793,nan
s W t,3,-10.41222833829024,nan,-12.190976813488524,nan,-12.054414515291755,nan,1.2589833595160198,nan,1.2588642626239532,nan,1.000246077114183,nan,1.0002679621027797,nan
S x r,3,-11.396117192919611,nan,-13.310709327708562,nan,-13.328137774556334,nan,1.2423591694200855,nan,1.24226185994755,nan,1.000620681463994,nan,1.0006365659310004,nan
T c g,3,-12.65777297854899,nan,-14.718227960059767,nan,-14.704900275703885,nan,1.0688293901183288,nan,1.0688359223957162,nan,1.0033421972937673,nan,1.0032831181165132,nan
T i D,3,-12.083359818185182,nan,-19.917687460416456,nan,-19.712848716034756,nan,1.09841152728941,nan,1.0984097053101294,nan,1.0001230385570914,nan,1.0001478349930424,nan
t O n,3,-11.761662086562163,nan,-13.504200294593817,nan,-13.351739633731196,nan,1.1684753091547098,nan,1.1684144340844287,nan,1.00127963238702,nan,1.0012893085906394,nan
t U n,3,-9.65613104856008,nan,-inf,nan,-18.793561432191975,nan,1.2007204318000042,nan,1.2006481283679844,nan,1.0001959339049626,nan,1.0002210371045561,nan
T W C,3,-15.781612051380675,nan,-17.20419375837258,nan,-16.557221250697673,nan,1.0298236888710015,nan,1.0298473283397296,nan,1.0002184357842776,nan,1.0002404330657269,nan
T W D,3,-13.633112344883578,nan,-22.117439009648432,nan,-21.064636475704535,nan,1.0329602728459089,nan,1.0329816481923215,nan,1.0000473493856463,nan,1.0000739174965212,nan
T W T,3,-15.553193504929705,nan,-16.879391122089874,nan,-16.246251531445168,nan,1.0269152200942693,nan,1.0269409590218714,nan,1.0020243477698303,nan,1.0019980974073428,nan
T W z,3,-14.091122372247835,nan,-15.999598395157157,nan,-15.338370965124309,nan,1.0483390391228788,nan,1.0483493134089694,nan,1.0009598101783466,nan,1.000962000532285,nan
v e r,3,-11.483662254292742,nan,-15.030313542202439,nan,-14.644740359869965,nan,1.1853993930241151,nan,1.1853221204822286,nan,1.0391500962728244,nan,1.0381319759249843,nan
w U S,3,-13.406048628490531,nan,-12.612147563160384,nan,-12.626931590773808,nan,1.1045907320367967,nan,1.104590612502428,nan,1.0016388183850606,nan,1.0016335131912133,nan
w U T,3,-13.27374129432853,nan,-inf,nan,-17.238549584529114,nan,1.1018723592585435,nan,1.1018742019635148,nan,1.000802395991752,nan,1.0008194370750965,nan
w W D,3,-11.774770458726366,nan,-18.262991486592657,nan,-17.85368451947886,nan,1.0864579843237891,nan,1.0864630691281263,nan,1.0004018964517694,nan,1.0004237513254524,nan
w x r,3,-9.405467972600402,nan,-9.158480633186423,nan,-9.160930059406342,nan,1.2989109156706768,nan,1.2987963856745655,nan,1.0259148155760869,nan,1.0255944477792278,nan
y c f,3,-11.368845315509368,nan,-12.26009823943054,nan,-12.260853860399223,nan,1.1262943339087546,nan,1.1262883021333367,nan,1.0007678690715234,nan,1.000783327846532,nan
y c g,3,-10.626430102065324,nan,-13.326366230113047,nan,-13.319463848616643,nan,1.1381183050141628,nan,1.1381037381837138,nan,1.003771385847495,nan,1.003706601172588,nan
y c S,3,-12.411345324965838,nan,-13.148500082538996,nan,-13.162154564268516,nan,1.1289936970871597,nan,1.1289857167943553,nan,1.0022506178596613,nan,1.0022264627796482,nan
y e C,3,-12.562935689575037,nan,-15.842212725056786,nan,-15.649884406263844,nan,1.137011819098197,nan,1.1370009271658648,nan,1.0006997639462953,nan,1.0007181693877742,nan
y e D,3,-10.41443598307794,nan,-inf,nan,-19.431362627887772,nan,1.1401484030731044,nan,1.1401352470184567,nan,1.0006997639462953,nan,1.0007181693877742,nan
y e J,3,-12.789513141737162,nan,-13.923855662119896,nan,-13.943187397104948,nan,1.1322974383359121,nan,1.1322899494480294,nan,1.0016692535385394,nan,1.0016617576132734,nan
y e S,3,-12.466824477286067,nan,-15.02163958216402,nan,-14.961870596786785,nan,1.136821723099718,nan,1.1368109683869199,nan,1.0006997639462953,nan,1.0007181693877742,nan
y i D,3,-10.052016941701517,nan,-21.280395947206838,nan,-20.539674743648273,nan,1.167700442185244,nan,1.167677521098127,nan,1.0001043781851902,nan,1.0001294226862565,nan
y i J,3,-12.427094100360737,nan,-21.24282014664789,nan,-20.37548462616206,nan,1.1598494774480517,nan,1.1598322235276997,nan,1.0000093301859505,nan,1.0000369140366976,nan
y i S,3,-12.104405435909642,nan,-19.701546737076754,nan,-18.960554470443448,nan,1.1643737622118575,nan,1.16435324246659,nan,1.0000283397857985,nan,1.0000554157666095,nan
y U g,3,-11.448132415263565,nan,-12.096639144682298,nan,-12.04526706282047,nan,1.1295065433817535,nan,1.1294950287439793,nan,1.013382978932636,nan,1.0132302260800221,nan
y u g,3,-10.467483683960063,nan,-11.105060418613112,nan,-11.072949325342014,nan,1.1882400639408182,nan,1.1882077328860465,nan,1.0603856619282155,nan,1.0596101114885854,nan
y U T,3,-13.100740304002077,nan,-inf,nan,-14.494065383675348,nan,1.1176635626764972,nan,1.1176605968157076,nan,1.0131928829341568,nan,1.0130452087809045,nan
y U z,3,-11.638669171320208,nan,-12.901036247818922,nan,-12.227541987565107,nan,1.1390873817051068,nan,1.1390689512028056,nan,1.0131928829341568,nan,1.0130452087809045,nan
y x D,3,-9.629748175340913,nan,-13.556432906984227,nan,-13.556469068952248,nan,1.1940862080535577,nan,1.1940539352861754,nan,1.0025191502066637,nan,1.002513369299395,nan
z e C,3,-13.132207433376834,nan,-16.237845379532892,nan,-16.053880517486853,nan,1.076524295752065,nan,1.0765318228234042,nan,1.0012035939876283,nan,1.0012153016709924,nan
z e D,3,-10.983707726879736,nan,-inf,nan,-19.83535873911078,nan,1.0796608797269724,nan,1.0796661426759961,nan,1.0012035939876283,nan,1.0012153016709924,nan
z e S,3,-13.036096221087863,nan,-15.417272236640125,nan,-15.36586670800979,nan,1.076334199753586,nan,1.0763418640444593,nan,1.0012035939876283,nan,1.0012153016709924,nan
z i C,3,-12.76978839200041,nan,-14.929132939469875,nan,-14.935426376810657,nan,1.1040763348642046,nan,1.1040740969030745,nan,1.0014142944349633,nan,1.0014055949345375,nan
z i D,3,-10.621288685503313,nan,-18.577780764603357,nan,-18.507554369252713,nan,1.107212918839112,nan,1.1072084167556664,nan,1.0001976800446963,nan,1.0002214842201858,nan
z i T,3,-12.54136984554944,nan,-16.42966606794883,nan,-16.416088110399937,nan,1.1011678660874724,nan,1.1011677275852163,nan,1.0006158912413505,nan,1.000628522278244,nan
z u f,3,-11.779170641205905,nan,-20.686858034180098,nan,-20.14878024278105,nan,1.115928569489278,nan,1.115923192493209,nan,1.0000470001576998,nan,1.0000738280733954,nan
z u g,3,-11.036755427761861,nan,-19.056416839243603,nan,-18.872973934842637,nan,1.1277525405946862,nan,1.127738628543586,nan,1.0000660097575476,nan,1.000092329803307,nan
z u T,3,-12.689363316500373,nan,-21.867046840603795,nan,-21.05606908996451,nan,1.11590955988943,nan,1.1159041966153143,nan,1.0000470001576998,nan,1.0000738280733954,nan
