word,word_len,uni_prob,uni_prob_freq_weighted,bi_prob,bi_prob_freq_weighted,bi_prob_smoothed,bi_prob_freq_weighted_smoothed,pos_uni_score,pos_uni_score_freq_weighted,pos_uni_score_smoothed,pos_uni_score_freq_weighted_smoothed,pos_bi_score,pos_bi_score_freq_weighted,pos_bi_score_smoothed,pos_bi_score_freq_weighted_smoothed
f u T,3,-13.241241773887772,nan,-15.02636783396639,nan,-15.013687069491779,nan,1.0633706729259251,nan,1.0633881362469833,nan,1.001011756288007,nan,1.001014860755338,nan
g i T,3,-12.350833089492795,nan,-13.387201015294162,nan,-13.401705357769108,nan,1.0782701148944822,nan,1.0782835171565317,nan,1.0014942598551935,nan,1.0014995663855415,nan
z i T,3,-12.54136984554944,nan,-14.567567570140914,nan,-14.571901094587703,nan,1.0725607776848203,nan,1.072575521633876,nan,1.0006895571178402,nan,1.000710405971968,nan
y c g,3,-10.626430102065324,nan,-14.250338579902788,nan,-14.219779824791281,nan,1.1005186807159357,nan,1.1005124275989258,nan,1.0008852022002337,nan,1.0008948173256964,nan
l X z,3,-11.706210070224682,nan,-13.916985347232522,nan,-13.880837695204804,nan,1.073014992931951,nan,1.0730236439242238,nan,1.000750823033747,nan,1.0007657445050921,nan
J Y p,3,-13.810916687795384,nan,-inf,nan,-17.07755743854988,nan,1.040605179392585,nan,1.040623201742018,nan,1.0010866612333604,nan,1.0010835748886922,nan
C x z,3,-12.347519625639805,nan,-13.66977519568287,nan,-13.688729569011475,nan,1.100759936814592,nan,1.100745091226188,nan,1.002278631879541,nan,1.0022321916463306,nan
C e J,3,-15.049274564671798,nan,-14.3272636553019,nan,-14.375640346529915,nan,1.043668113119042,nan,1.0436948355221334,nan,1.0007684843191533,nan,1.0007884864687149,nan
z i S,3,-12.67367717971144,nan,-15.245486969929159,nan,-15.238068162700008,nan,1.0727418878903805,nan,1.0727564243383714,nan,1.0005386319465401,nan,1.0005657844465001,nan
z u v,3,-12.124527904298475,nan,-18.756642791396708,nan,-18.069168139917437,nan,1.075624019136476,nan,1.0756340120956884,nan,1.000436229509087,nan,1.0004606157768636,nan
D Y p,3,-11.435839529136164,nan,-16.32839258543268,nan,-15.9317453605589,nan,1.0703209496582577,nan,1.070331988839351,nan,1.0010866612333604,nan,1.0010835748886922,nan
s X k,3,-10.900572189454358,nan,-13.433157679117448,nan,-13.413808553956944,nan,1.0948287995882802,nan,1.094818029529328,nan,1.0008317613630402,nan,1.0008485081835354,nan
b X s,3,-11.361420245159024,nan,-12.489433106730232,nan,-12.485125138843578,nan,1.0849921689981021,nan,1.0849758758660604,nan,1.0015184115055136,nan,1.0015144411455463,nan
T x z,3,-12.119101079188834,nan,-14.197924947269115,nan,-14.19353180994521,nan,1.1018238653087002,nan,1.101808769698449,nan,1.0021967977028607,nan,1.0021519380449502,nan
S c G,3,-13.47224000337206,nan,-15.984047158486511,nan,-15.899021129799126,nan,1.049173363855851,nan,1.0491911350019159,nan,1.000718626871507,nan,1.0007321370183024,nan
J e J,3,-15.275852016833923,nan,-16.015441184415295,nan,-16.006645086244944,nan,1.0432722327491413,nan,1.0432990481836177,nan,1.0004411476124335,nan,1.0004674720631934,nan
D x z,3,-10.199019919142708,nan,-10.182498651923048,nan,-10.190794745954584,nan,1.130079826710364,nan,1.1300580909850053,nan,1.0114849767560394,nan,1.0112607218016214,nan
S Y p,3,-13.488228023344288,nan,-15.053675319996486,nan,-14.972918589635423,nan,1.0413412694553692,nan,1.0413591188245708,nan,1.0011275783217004,nan,1.0011237016893824,nan
n W C,3,-13.200309342827959,nan,-12.928561910574267,nan,-12.91591388049563,nan,1.0704970579700208,nan,1.0705239986862471,nan,1.002521209319653,nan,1.0025121027661885,nan
l W C,3,-13.7109776906136,nan,-14.671664069897222,nan,-14.638844016700958,nan,1.0500473626123368,nan,1.0500791089810468,nan,1.0003389646081866,nan,1.0003720067293789,nan
S c d,3,-12.40940486579596,nan,-17.02620298928631,nan,-16.91129004726359,nan,1.0742269422916624,nan,1.074216009123784,nan,1.0002658513576068,nan,1.000298272441899,nan
g i J,3,-12.80582908810589,nan,-14.934867982328827,nan,-14.913257897032015,nan,1.0767306781472215,nan,1.0767458441683206,nan,1.0011924095125933,nan,1.0012103233346057,nan
C u T,3,-14.379852995633215,nan,-14.514196383804531,nan,-14.541924385449326,nan,1.0566097784837143,nan,1.0566288306063951,nan,1.0011208685235802,nan,1.0011218655571783,nan
D i g,3,-10.430751929446668,nan,-13.122157582559852,nan,-13.11198879631652,nan,1.1093688870081226,nan,1.1093554356612314,nan,1.0027772425851278,nan,1.002713039309754,nan
w u T,3,-12.29309256302503,nan,-14.696403919690894,nan,-14.678615301776047,nan,1.0881503098293983,nan,1.0881619499671986,nan,1.0011890636708136,nan,1.0011887435583287,nan
T c T,3,-14.310380867287503,nan,-18.180577605349466,nan,-17.954406566996298,nan,1.0415660132013118,nan,1.04159315932335,nan,1.0001558432746467,nan,1.0001937777171213,nan
g u T,3,-12.498826560443728,nan,-17.3472786038789,nan,-16.967570736490423,nan,1.0762924556247158,nan,1.0763068823432214,nan,1.000889005022987,nan,1.0008944803532673,nan
f X s,3,-12.082407145112638,nan,-13.850731513999282,nan,-13.825497972539694,nan,1.071835332329683,nan,1.0718221310375786,nan,1.000972850327647,nan,1.0009794171363438,nan
J Y m,3,-13.233683572870538,nan,-inf,nan,-16.184573776053256,nan,1.0647230217663362,nan,1.0647134118906598,nan,1.0012979564731805,nan,1.0012860450243473,nan
n X z,3,-11.19554172243904,nan,-14.912645975699306,nan,-14.812232360745526,nan,1.093464688289635,nan,1.093468533629424,nan,1.0006144327392803,nan,1.0006319885027917,nan
m X n,3,-10.616503878635976,nan,-14.404764751512763,nan,-14.33036996192268,nan,1.1132532861190065,nan,1.1132129229584313,nan,1.0007760899646603,nan,1.000787812523856,nan
C u S,3,-14.512160329795215,nan,-15.155399768054503,nan,-15.176719332167336,nan,1.0567908886892745,nan,1.0568097333108906,nan,1.0008190181809802,nan,1.0008326225062425,nan
S e J,3,-14.953163352382829,nan,-14.579872415427944,nan,-14.621128904293693,nan,1.0440083228119255,nan,1.0440349652661705,nan,1.0007684843191533,nan,1.0007884864687149,nan
T x S,3,-13.713479546032705,nan,-16.330720851385717,nan,-16.324555852482852,nan,1.0844372855749322,nan,1.0844421100668875,nan,1.00056680585282,nan,1.0005900255698974,nan
v e D,3,-11.880943447359707,nan,-15.084811183300442,nan,-15.059886980169228,nan,1.0731226264191505,nan,1.0731190330027987,nan,1.0005337138431936,nan,1.0005589281601703,nan
C x S,3,-13.941898092483676,nan,-15.802571099799476,nan,-15.819753611549118,nan,1.083373357080824,nan,1.0833784315946264,nan,1.0006486400295003,nan,1.0006702791712778,nan
n c T,3,-11.72907815873479,nan,-15.312052597422758,nan,-15.12046342804657,nan,1.0931912876886776,nan,1.0932063019366596,nan,1.0022426147799863,nan,1.0022402445523204,nan
s X p,3,-11.52872395884702,nan,-13.648351339119998,nan,-13.626954781272087,nan,1.0762348184841115,nan,1.0762453518677968,nan,1.0007713912945202,nan,1.0007906595733485,nan
D i D,3,-10.163278658139056,nan,-13.542062931670706,nan,-13.528697263441513,nan,1.112055355057264,nan,1.1120388257779137,nan,1.0022339119684476,nan,1.00219240181807,nan
S c g,3,-12.790080312710991,nan,-15.78698472094177,nan,-15.701178581471968,nan,1.0623038537589569,nan,1.0623065810778347,nan,1.000748811905767,nan,1.000761061323396,nan
C i S,3,-14.364166858844278,nan,-15.658214614294847,nan,-15.66950640648187,nan,1.058768547959041,nan,1.058786368124201,nan,1.0005386319465401,nan,1.0005657844465001,nan
g i D,3,-10.430751929446668,nan,-12.407558190565036,nan,-12.409094222072957,nan,1.1024181423024935,nan,1.1024038777559226,nan,1.0029431414996741,nan,1.0028879330300329,nan
T c S,3,-14.442688201449503,nan,-15.87197367066903,nan,-15.848791689838766,nan,1.041747123406872,nan,1.0417740620278455,nan,1.000397323548727,nan,1.0004251721578699,nan
z u T,3,-12.689363316500373,nan,-18.133740873018564,nan,-17.467477430825124,nan,1.0705831184150538,nan,1.0705988868205656,nan,1.000889005022987,nan,1.0008944803532673,nan
S Y m,3,-12.910994908419442,nan,-14.158211149929318,nan,-14.079934927138796,nan,1.0654591118291203,nan,1.0654493289732125,nan,1.0013388735615205,nan,1.0013261718250375,nan
D x v,3,-11.09625563962268,nan,-10.169317148754129,nan,-10.18777719298246,nan,1.117553037492458,nan,1.1175456539240711,nan,1.0120584924069798,nan,1.011810283598399,nan
t W C,3,-12.886962628007726,nan,-13.971265503141822,nan,-13.95053059176065,nan,1.0884725010158254,nan,1.0884952175257243,nan,1.0007072184032466,nan,1.0007331479355905,nan
g Y b,3,-11.536009086755778,nan,-16.093129603677134,nan,-15.814655015638767,nan,1.0657246376249097,nan,1.065732166092483,nan,1.0012979564731805,nan,1.0012860450243473,nan
r c S,3,-12.125325848336413,nan,-13.709575815807005,nan,-13.718423836922803,nan,1.0776299675599044,nan,1.0776484737579926,nan,1.00128386046276,nan,1.0012945861728237,nan
d X s,3,-10.959316484753565,nan,-12.251769461288138,nan,-12.248345035009638,nan,1.0946603099067713,nan,1.094641744773873,nan,1.0015866066527468,nan,1.0015813191466965,nan
S c z,3,-12.980617068767634,nan,-16.07317971662988,nan,-15.982419446078941,nan,1.0584099843394152,nan,1.058417172931183,nan,1.0004469615631668,nan,1.0004718182724603,nan
y c d,3,-10.245754655150295,nan,-15.48955684824733,nan,-15.429891290582907,nan,1.1124417692486412,nan,1.112421855644875,nan,1.0004022416520735,nan,1.0004320284441994,nan
J u S,3,-14.73873778195734,nan,-14.869496271145886,nan,-14.904532810958061,nan,1.0563950083193738,nan,1.056413945972375,nan,1.0009144913871069,nan,1.000926251707853,nan
h u S,3,-12.636222964113202,nan,-14.19972063890449,nan,-14.204968983170291,nan,1.0823994001172275,nan,1.0824122267711234,nan,1.0013645793588468,nan,1.0013676465154449,nan
g u S,3,-12.631133894605728,nan,-17.98848198812887,nan,-17.602365683208436,nan,1.076473565830276,nan,1.0764877850477168,nan,1.000587154680387,nan,1.0006052373023315,nan
y X z,3,-11.745501554508088,nan,-10.871245801336125,nan,-10.875308427372534,nan,1.0793305219580234,nan,1.0793376888089816,nan,1.0057427078112262,nan,1.0056612141892942,nan
C e g,3,-12.94167067732019,nan,-13.753529429054336,nan,-13.7726207695707,nan,1.0666691092251726,nan,1.066669478993053,nan,1.0011005196960134,nan,1.0011066538247442,nan
z i J,3,-12.996365844162534,nan,-16.11523453717558,nan,-16.08345363385061,nan,1.0710213409375595,nan,1.0710378486456649,nan,1.00038770677524,nan,1.0004211629210322,nan
m u S,3,-12.242632806859309,nan,-14.057202188916326,nan,-14.065460417074222,nan,1.0858324251999603,nan,1.085844445097314,nan,1.0013918574177403,nan,1.001394397715905,nan
D Y m,3,-10.858606414211316,nan,-15.432928415365513,nan,-15.03876169806227,nan,1.094438792032009,nan,1.0944221989879928,nan,1.0012979564731805,nan,1.0012860450243473,nan
J e g,3,-13.168248129482315,nan,-15.441706958167728,nan,-15.403625509285732,nan,1.0662732288552719,nan,1.0662736916545374,nan,1.0007731829892936,nan,1.0007856394192227,nan
f u v,3,-12.676406361685874,nan,-15.649269752344534,nan,-15.615377778584094,nan,1.0684115736473474,nan,1.068423261522106,nan,1.0005589807741069,nan,1.0005809961789343,nan
v X n,3,-12.09277744291901,nan,-11.965275172628537,nan,-11.976427420111277,nan,1.0879787987531573,nan,1.0879443750650712,nan,1.0017171829964802,nan,1.0017107289397302,nan
g i C,3,-12.579251635943764,nan,-13.35699313846448,nan,-13.37994470948793,nan,1.077998449586142,nan,1.0780121630997885,nan,1.0015848149579734,nan,1.0015863393008222,nan
C i D,3,-12.311778364636153,nan,-14.000652389777477,nan,-14.010728202673414,nan,1.082735465161492,nan,1.0827258260190964,nan,1.002138438762321,nan,1.0020987726164594,nan
C Y z,3,-13.586143964511477,nan,-16.16030670208549,nan,-16.081965987772545,nan,1.0438988230514472,nan,1.0439134323524608,nan,1.0001694823040934,nan,1.0002071533173513,nan
d c T,3,-12.27709753163396,nan,-15.72735417809861,nan,-15.535429610284806,nan,1.0700879567265027,nan,1.0701084002279715,nan,1.0016288584548865,nan,1.0016383425419677,nan
y X v,3,-12.642737274988058,nan,-12.663780207640905,nan,-12.617912907861786,nan,1.0668037327401174,nan,1.0668252517480474,nan,1.005320117331586,nan,1.0052562739179842,nan
z i g,3,-10.888761956810924,nan,-13.168019396300934,nan,-13.16258149176656,nan,1.0940223370436901,nan,1.0940124921165846,nan,1.002681769379001,nan,1.0026194101081436,nan
S e g,3,-12.845559465031219,nan,-14.00613818918038,nan,-14.018109327334479,nan,1.067009318918056,nan,1.0670096087370902,nan,1.0011005196960134,nan,1.0011066538247442,nan
C e D,3,-12.674197406012576,nan,-14.446310495634975,nan,-14.45169350116318,nan,1.069355577274314,nan,1.0693528691097354,nan,1.0007382992848934,nan,1.0007595621636214,nan
n W T,3,-12.97189079637699,nan,-11.605615525964067,nan,-11.629099222832652,nan,1.070768723278361,nan,1.0707953527429903,nan,1.0029437997992932,nan,1.0029170430374985,nan
T x J,3,-14.0361682104838,nan,-17.474420298272022,nan,-17.42483357326224,nan,1.0827167386221113,nan,1.082723534374181,nan,1.00029514054448,nan,1.000329706824055,nan
T c g,3,-12.65777297854899,nan,-15.114686622792885,nan,-15.078225557346475,nan,1.0630275725601817,nan,1.0630301298060587,nan,1.000789728994107,nan,1.0008011881240861,nan
n c G,3,-10.758629960657345,nan,-12.443224052410919,nan,-12.4421249667239,nan,1.1015223571444415,nan,1.1015278263434494,nan,1.0028463154651865,nan,1.0028187306541918,nan
s X n,3,-10.411297111854394,nan,-12.930567292332613,nan,-12.915725210119215,nan,1.1225688460732328,nan,1.1225262937678784,nan,1.0011034266713803,nan,1.0011088269293775,nan
s X d,3,-10.959316484753565,nan,-13.245595883573174,nan,-13.229087701413434,nan,1.0949495397253202,nan,1.0949386313323248,nan,1.0011939817741604,nan,1.0011955998446584,nan
J e D,3,-12.900774858174701,nan,-16.134488024748368,nan,-16.082698240878212,nan,1.0689596969044133,nan,1.0689570817712197,nan,1.0004109625781736,nan,1.0004385477581,nan
b c T,3,-12.67920129203942,nan,-15.504377301568274,nan,-15.315182594744504,nan,1.0604198158178335,nan,1.0604425313201589,nan,1.0016970536021197,nan,1.001705220543118,nan
y x z,3,-10.087758202705169,nan,-12.207493954365518,nan,-12.209675595567184,nan,1.1393149734644543,nan,1.1392910674913161,nan,1.003165168793574,nan,1.0031016056612845,nan
y c T,3,-12.279037990803838,nan,-17.316229562459373,nan,-17.095960834441108,nan,1.0790571213570659,nan,1.079075457116217,nan,1.0002513164807734,nan,1.0002874069187315,nan
k X n,3,-10.565585224168158,nan,-13.425512910270395,nan,-13.398196260319274,nan,1.1171687904025558,nan,1.1171275071034379,nan,1.000871563170787,nan,1.0008814417254663,nan
D i C,3,-12.311778364636153,nan,-14.49149787957015,nan,-14.499547750856486,nan,1.0876356623409127,nan,1.0876471111217796,nan,1.0008755854267468,nan,1.0008908080888592,nan
D x S,3,-11.793398385986578,nan,-12.315294556039651,nan,-12.321818788492225,nan,1.112693246976596,nan,1.1126914313534437,nan,1.0098549849059988,nan,1.0096988093265686,nan
C x J,3,-14.26458675693477,nan,-16.946270546685778,nan,-16.920031332328506,nan,1.081652810128003,nan,1.08165985590192,nan,1.0003769747211602,nan,1.0004099604254355,nan
z u S,3,-12.821670650662373,nan,-18.774944257268533,nan,-18.102272377543134,nan,1.070764228620614,nan,1.070779789525061,nan,1.000587154680387,nan,1.0006052373023315,nan
n c d,3,-9.695794823081245,nan,-13.485379883210717,nan,-13.454393884188368,nan,1.126575935580253,nan,1.1265527004653175,nan,1.0023935399512864,nan,1.0023848660777883,nan
y x J,3,-12.004825334000135,nan,-15.483989305368423,nan,-15.440977358884215,nan,1.1202078467778653,nan,1.120205832167048,nan,1.0012635116351933,nan,1.0012793744403894,nan
p u S,3,-12.819865921784157,nan,-14.169135131167787,nan,-14.17881614024435,nan,1.0723230075770982,nan,1.0723382021704666,nan,1.00131002324106,nan,1.0013141441145248,nan
y X p,3,-11.743696825629872,nan,-11.361788968465508,nan,-11.3584357378028,nan,1.0764327586690619,nan,1.0764432455370545,nan,1.005531412571406,nan,1.0054587440536393,nan
D Y v,3,-12.33487997849435,nan,-17.73859740924831,nan,-17.325690515986715,nan,1.0606919237293133,nan,1.060713995050344,nan,1.00033203537686,nan,1.0003604672613529,nan
s X t,3,-10.097950397034161,nan,-12.670343669376813,nan,-12.657471720502194,nan,1.151033333380426,nan,1.1509581688244104,nan,1.0013147219112004,nan,1.0013112970650326,nan
y c G,3,-11.308589792726394,nan,-14.447401017447532,nan,-14.417622373118439,nan,1.0873881908128298,nan,1.087396981523007,nan,1.0008550171659736,nan,1.000865893020603,nan
z i C,3,-12.76978839200041,nan,-14.537359693311233,nan,-14.550140446306525,nan,1.0722891123764802,nan,1.0723041675771328,nan,1.0007801122206201,nan,1.0007971788872487,nan
S Y v,3,-14.387268472702477,nan,-16.463880143812116,nan,-16.36686374506324,nan,1.0317122435264248,nan,1.0317411250355637,nan,1.0003729524652,nan,1.000400594062043,nan
D i S,3,-12.215667152347184,nan,-15.199625156188077,nan,-15.18747546724997,nan,1.088088437854813,nan,1.0880993678830182,nan,1.0006341051526668,nan,1.0006594136481106,nan
S c S,3,-14.574995535611503,nan,-16.54427176881791,nan,-16.47174471396426,nan,1.0410234046056472,nan,1.0410505132996215,nan,1.000356406460387,nan,1.0003850453571796,nan
f X t,3,-11.434073465006207,nan,-13.399933888519927,nan,-13.377613551703362,nan,1.1194371313577247,nan,1.119369391869128,nan,1.001123775498947,nan,1.0011240386618117,nan
g i S,3,-12.483140423654795,nan,-14.065120415082406,nan,-14.067872425881413,nan,1.0784512251000424,nan,1.0784644198610271,nan,1.0013433346838934,nan,1.0013549448600736,nan
C u v,3,-13.815017583431313,nan,-15.137098302182675,nan,-15.14361509454164,nan,1.0616506792051366,nan,1.061663955881518,nan,1.00066809300968,nan,1.0006880009807746,nan
t X t,3,-9.449616716927729,nan,-10.914843945099914,nan,-10.917108770093332,nan,1.1833408829427925,nan,1.1832581261535877,nan,1.0031287128276067,nan,1.0030902518956306,nan
S X z,3,-13.909151765153755,nan,-13.697726037307433,nan,-13.700161386496617,nan,1.0411156950010445,nan,1.0411318422878906,nan,1.000791740122087,nan,1.0008058713057824,nan
S x J,3,-14.1684755446458,nan,-17.087326820906075,nan,-17.054687251784195,nan,1.0819930198208865,nan,1.081999985645957,nan,1.0003769747211602,nan,1.0004099604254355,nan
S u T,3,-14.283741783344244,nan,-14.333169158855714,nan,-14.362323592661811,nan,1.0569499881765978,nan,1.0569689603504322,nan,1.0011617856119204,nan,1.0011619923578685,nan
s X l,3,-10.921965459640035,nan,-13.153897316281238,nan,-13.138693267124928,nan,1.0915386308539385,nan,1.091531630397661,nan,1.0013449069454603,nan,1.0013402213701261,nan
g u v,3,-11.93399114824183,nan,-17.970180522257046,nan,-17.56926144558274,nan,1.081333356346138,nan,1.0813420076183442,nan,1.000436229509087,nan,1.0004606157768636,nan
w u v,3,-11.728257150823133,nan,-15.319305838069038,nan,-15.280306010868362,nan,1.0931912105508206,nan,1.0931970752423215,nan,1.0007362881569135,nan,1.000754878981925,nan
C Y b,3,-13.417035521945262,nan,-14.82296528040197,nan,-14.77530302571756,nan,1.0460419604839082,nan,1.0460541143556568,nan,1.001407068708754,nan,1.0013930498261878,nan
z u b,3,-11.05818374125229,nan,-17.908967319914257,nan,-17.22321506860086,nan,1.090293945786843,nan,1.0902871311598186,nan,1.0014323356396675,nan,1.0014151178449515,nan
J Y z,3,-13.812721416673602,nan,-inf,nan,-18.47236729358872,nan,1.0435029426815465,nan,1.0435176450139452,nan,1.00006037006852,nan,1.0001001485155108,nan
D x d,3,-9.627807716171034,nan,-10.482432627585878,nan,-10.486949905764208,nan,1.1458967846626111,nan,1.1458569271776062,nan,1.0107605359337992,nan,1.0105665384793756,nan
f u S,3,-13.373549108049772,nan,-15.667571218216361,nan,-15.648482016209789,nan,1.0635517831314854,nan,1.0635690389514787,nan,1.000709905945407,nan,1.0007256177044022,nan
S c T,3,-14.442688201449503,nan,-18.852875703498352,nan,-18.57735959112179,nan,1.040842294400087,nan,1.040869610595126,nan,1.0001149261863067,nan,1.000153650916431,nan
l W T,3,-13.482559144162629,nan,-13.348717685287022,nan,-13.352029359037978,nan,1.0503190279206769,nan,1.05035046303779,nan,1.0007615550878268,nan,1.0007769470006889,nan
D Y b,3,-11.268535815448166,nan,-16.41743060880184,nan,-16.019892253542753,nan,1.0753618503796802,nan,1.075367114114474,nan,1.0012979564731805,nan,1.0012860450243473,nan
S Y b,3,-13.320924309656291,nan,-15.142713343365646,nan,-15.061065482619279,nan,1.0463821701767917,nan,1.0463942440996938,nan,1.0013388735615205,nan,1.0013261718250375,nan
z i D,3,-10.621288685503313,nan,-13.587924745411788,nan,-13.579289958891552,nan,1.0967088050928315,nan,1.0966958822332669,nan,1.002138438762321,nan,1.0020987726164594,nan
s X m,3,-10.951490843922175,nan,-13.617121538970931,nan,-13.593271063503117,nan,1.1003526608578627,nan,1.1003355620164386,nan,1.00074120626026,nan,1.0007617352682547,nan
h x s,3,-9.687337649373145,nan,-10.295420960965858,nan,-10.302435328712598,nan,1.150667400821856,nan,1.1506186975395578,nan,1.0109023194271474,nan,1.0106439105989489,nan
T X z,3,-13.776844430991755,nan,-14.2826452580033,nan,-14.253346367703617,nan,1.0418394138022693,nan,1.0418553910161146,nan,1.0007235449748537,nan,1.000738993304632,nan
y x S,3,-11.682136669549038,nan,-14.340289858482121,nan,-14.340699638104823,nan,1.1219283937306863,nan,1.1219244078597546,nan,1.0015351769435334,nan,1.0015396931862317,nan
g c T,3,-12.65777297854899,nan,-15.06417380531201,nan,-14.876601827887775,nan,1.060184761848205,nan,1.0602075325879152,nan,1.0027745369284062,nan,1.0027618929612927,nan
n W d,3,-10.938607460723444,nan,-12.259809052003023,nan,-12.244135740291371,nan,1.1041533711699363,nan,1.1041417512716483,nan,1.0027023195252132,nan,1.00268564859675,nan
S u v,3,-13.718906371142342,nan,-14.956071077233858,nan,-14.964014301754128,nan,1.06199088889802,nan,1.062004085625555,nan,1.0007090100980203,nan,1.0007281277814648,nan
k X m,3,-11.10577895623594,nan,-14.112067156908711,nan,-14.075742113703177,nan,1.0949526051871856,nan,1.094936775351998,nan,1.0005093427596667,nan,1.0005343500643435,nan
D x g,3,-10.008483163086066,nan,-9.953892879079302,nan,-9.962385707193903,nan,1.1339736961299056,nan,1.133947499131657,nan,1.01263200805792,nan,1.012359845395177,nan
y c S,3,-12.411345324965838,nan,-15.007625627778934,nan,-14.990345957283573,nan,1.079238231562626,nan,1.0792563598207126,nan,1.0004927967548536,nan,1.0005188013594801,nan
C X z,3,-14.005262977442726,nan,-14.207257329228288,nan,-14.191629227365386,nan,1.040775485308161,nan,1.0407917125438535,nan,1.0006962669159603,nan,1.000712242104172,nan
D i T,3,-12.083359818185183,nan,-14.521705756399832,nan,-14.521308399137665,nan,1.0879073276492528,nan,1.0879184651785228,nan,1.000785030323967,nan,1.0008040351735785,nan
s X z,3,-11.530528687725239,nan,-13.157808171990613,nan,-13.14382747084182,nan,1.079132581773073,nan,1.079139795139724,nan,1.0009826865343403,nan,1.0009931297090033,nan
S e D,3,-12.578086193723607,nan,-14.69891925576102,nan,-14.697182058926959,nan,1.0696957869671975,nan,1.0696929988537724,nan,1.0007382992848934,nan,1.0007595621636214,nan
d Y z,3,-11.324442082406962,nan,-14.020430777761995,nan,-13.986510368644065,nan,1.0734846950707464,nan,1.0734923517293433,nan,1.0007695995997465,nan,1.000795679727474,nan
b A p,3,-11.269798377784262,nan,-11.388048691930813,nan,-11.395643089803226,nan,1.075553469469387,nan,1.0755591371680995,nan,1.0032610808661135,nan,1.0032146415345387,nan
b i l,3,-10.30162704221615,nan,-11.281388175049514,nan,-11.286408448827288,nan,1.1084789078843045,nan,1.1084579134827695,nan,1.0049675318085136,nan,1.0048718680733486,nan
b i s,3,-10.125945659716708,nan,-11.171073919278566,nan,-11.175912242494267,nan,1.12037181138275,nan,1.1203371910779694,nan,1.0047562365686935,nan,1.0046693979376937,nan
b X s,3,-11.361420245159024,nan,-12.489433106730232,nan,-12.485125138843578,nan,1.0849921689981021,nan,1.0849758758660604,nan,1.0015184115055136,nan,1.0015144411455463,nan
b Y s,3,-10.942301232227775,nan,-11.19541187032211,nan,-11.200815767251342,nan,1.0881155067413883,nan,1.0880975956746677,nan,1.0032378250631802,nan,1.003197256697471,nan
b x l,3,-9.879358275855546,nan,-10.396098323031376,nan,-10.403766179183869,nan,1.1330837170060875,nan,1.133049976953195,nan,1.0092567136488024,nan,1.0089812925012691,nan
C A l,3,-12.52263800027633,nan,-15.328722650881009,nan,-15.28669318251729,nan,1.070939550728584,nan,1.0709323652288938,nan,1.00045478664188,nan,1.0004808476634235,nan
C i D,3,-12.311778364636153,nan,-14.000652389777477,nan,-14.010728202673414,nan,1.082735465161492,nan,1.0827258260190964,nan,1.002138438762321,nan,1.0020987726164594,nan
C i n,3,-11.650556816129564,nan,-13.531945150424777,nan,-13.541620864768452,nan,1.1195913919929688,nan,1.119539526383917,nan,1.002198808830841,nan,1.0021566212266464,nan
C X J,3,-15.922330108737691,nan,-16.832932637046106,nan,-16.715395072670372,nan,1.021668358621572,nan,1.0217064772195854,nan,1.00015293629928,nan,1.000191604612488,nan
C X g,3,-13.814726221386081,nan,-16.045624310500482,nan,-15.969274652070485,nan,1.0446693547277026,nan,1.0446811206905051,nan,1.00018312133354,nan,1.0002205289175814,nan
C X T,3,-15.467334110124597,nan,-17.399798531502544,nan,-17.132945564146397,nan,1.0232077953688328,nan,1.0232441502077965,nan,1.00012275126502,nan,1.0001626803073942,nan
C x J,3,-14.26458675693477,nan,-16.946270546685778,nan,-16.920031332328506,nan,1.081652810128003,nan,1.08165985590192,nan,1.0003769747211602,nan,1.0004099604254355,nan
C x n,3,-11.22828804976896,nan,-11.86563061514745,nan,-11.883583463665772,nan,1.1441962011147517,nan,1.1441315898543425,nan,1.0129339489733258,nan,1.0124424713443607,nan
C x S,3,-13.941898092483676,nan,-15.802571099799476,nan,-15.819753611549118,nan,1.083373357080824,nan,1.0833784315946264,nan,1.0006486400295003,nan,1.0006702791712778,nan
C x C,3,-14.038009304772645,nan,-14.827717115905756,nan,-14.868110380576377,nan,1.0829205815669236,nan,1.0829261748333878,nan,1.0009203053378404,nan,1.00093059791712,nan
d i k,3,-9.878130011625014,nan,-11.752580927024928,nan,-11.754716740469357,nan,1.1214372175273153,nan,1.121410181522249,nan,1.0041489706085074,nan,1.0040596287237231,nan
d i s,3,-9.723841899311248,nan,-11.791709425172606,nan,-11.792997274235116,nan,1.1300399522914193,nan,1.130003059985782,nan,1.003515084889047,nan,1.0034522183167582,nan
d i t,3,-9.075508219204817,nan,-10.860055447449337,nan,-10.862834415018384,nan,1.177641751319461,nan,1.1775503208173315,nan,1.005446927081688,nan,1.0053033738427466,nan
d E p,3,-11.268978068477736,nan,-15.73121484855466,nan,-15.657069728490264,nan,1.0775155587406906,nan,1.077522946286117,nan,1.0003642315391001,nan,1.0003940747481428,nan
d X s,3,-10.959316484753565,nan,-12.251769461288138,nan,-12.248345035009638,nan,1.0946603099067713,nan,1.094641744773873,nan,1.0015866066527468,nan,1.0015813191466965,nan
D i D,3,-10.163278658139056,nan,-13.542062931670706,nan,-13.528697263441513,nan,1.112055355057264,nan,1.1120388257779137,nan,1.0022339119684476,nan,1.00219240181807,nan
D i g,3,-10.430751929446668,nan,-13.122157582559852,nan,-13.11198879631652,nan,1.1093688870081226,nan,1.1093554356612314,nan,1.0027772425851278,nan,1.002713039309754,nan
D i C,3,-12.311778364636153,nan,-14.49149787957015,nan,-14.499547750856486,nan,1.0876356623409127,nan,1.0876471111217796,nan,1.0008755854267468,nan,1.0008908080888592,nan
d I J,3,-12.302305818200619,nan,-14.579680109220353,nan,-14.52313547572474,nan,1.0849153553152395,nan,1.0849290843154316,nan,1.0035052305677927,nan,1.003479829164449,nan
d I D,3,-9.927228659541395,nan,-11.28638581294435,nan,-11.290929244355123,nan,1.1106028194705115,nan,1.1105871179030335,nan,1.0054370727604336,nan,1.0053309846904377,nan
d Y p,3,-11.322637353528744,nan,-12.594051332709316,nan,-12.591700513605225,nan,1.0705869317817849,nan,1.0705979084574162,nan,1.001795890764587,nan,1.0017791061006553,nan
d Y t,3,-9.891863791715885,nan,-11.409849669965695,nan,-11.40878450575933,nan,1.1453854466780993,nan,1.1453107254140298,nan,1.003576807785928,nan,1.003485640101176,nan
d I T,3,-11.847309819587522,nan,-13.606100962729643,nan,-13.592612818901072,nan,1.0864547920625003,nan,1.0864667573036426,nan,1.0036863407733527,nan,1.0036533749950105,nan
d I Z,3,-16.701681091209114,nan,-inf,nan,-18.198045199459205,nan,1.0824099974716586,nan,1.0824265969032447,nan,1.0035052305677927,nan,1.003479829164449,nan
f i k,3,-11.001220671984088,nan,-12.631190239233577,nan,-12.636151801936366,nan,1.098612239950227,nan,1.0985905677859547,nan,1.0029623750466476,nan,1.002895951503708,nan
f i s,3,-10.846932559670321,nan,-12.670318737381255,nan,-12.674432335702125,nan,1.107214974714331,nan,1.1071834462494876,nan,1.0023284893271873,nan,1.002288541096743,nan
f X s,3,-12.082407145112638,nan,-13.850731513999282,nan,-13.825497972539694,nan,1.071835332329683,nan,1.0718221310375786,nan,1.000972850327647,nan,1.0009794171363438,nan
f X t,3,-11.434073465006207,nan,-13.399933888519927,nan,-13.377613551703362,nan,1.1194371313577247,nan,1.119369391869128,nan,1.001123775498947,nan,1.0011240386618117,nan
f Y k,3,-11.817576244495156,nan,-11.857009591773222,nan,-11.863147447468307,nan,1.0663559353088652,nan,1.066350972382653,nan,1.003341141462581,nan,1.0032585918696943,nan
f x l,3,-10.60034517580916,nan,-11.33246198064211,nan,-11.342576671425604,nan,1.1199268803376683,nan,1.1198962321247132,nan,1.0074018056440561,nan,1.007162210869981,nan
g e s,3,-10.466936387602702,nan,-13.765434095698225,nan,-13.732916703298539,nan,1.1067568695259435,nan,1.1067292354363647,nan,1.0018072992328473,nan,1.001778095183367,nan
g W d,3,-11.867302280537645,nan,-17.656528234160046,nan,-16.955396724298573,nan,1.0711468453294637,nan,1.071142981922904,nan,1.0003018503426002,nan,1.0003315429562594,nan
g W r,3,-11.583223263078096,nan,-20.34255575794458,nan,-19.266780782040136,nan,1.0915519284892332,nan,1.0915246866293893,nan,1.00003018503426,nan,1.0000712242104173,nan
g W z,3,-12.43851448350932,nan,-17.4772326287229,nan,-16.78093849946647,nan,1.0553298873772166,nan,1.055344145730303,nan,1.00039240544538,nan,1.00041831587154,nan
g i C,3,-12.579251635943764,nan,-13.35699313846448,nan,-13.37994470948793,nan,1.077998449586142,nan,1.0780121630997885,nan,1.0015848149579734,nan,1.0015863393008222,nan
g i J,3,-12.80582908810589,nan,-14.934867982328827,nan,-14.913257897032015,nan,1.0767306781472215,nan,1.0767458441683206,nan,1.0011924095125933,nan,1.0012103233346057,nan
g i D,3,-10.430751929446668,nan,-12.407558190565036,nan,-12.409094222072957,nan,1.1024181423024935,nan,1.1024038777559226,nan,1.0029431414996741,nan,1.0028879330300329,nan
g X g,3,-11.933699786196598,nan,-14.153287216435183,nan,-14.092279397692266,nan,1.064352031868704,nan,1.0643591724273314,nan,1.0009469069825532,nan,1.0009695625304647,nan
g u v,3,-11.93399114824183,nan,-17.970180522257046,nan,-17.56926144558274,nan,1.081333356346138,nan,1.0813420076183442,nan,1.000436229509087,nan,1.0004606157768636,nan
h e s,3,-10.472025457110174,nan,-11.865887551852609,nan,-11.866433152582186,nan,1.112682703812895,nan,1.1126536771597713,nan,1.0030075338241538,nan,1.0029551480036125,nan
h e n,3,-10.137038491823976,nan,-12.335399867628114,nan,-12.331871359478265,nan,1.1318200155337437,nan,1.1317690629347887,nan,1.0024642032074735,nan,1.0024345105119283,nan
h i n,3,-9.77461945044755,nan,-9.99963304710474,nan,-10.005594864745815,nan,1.1451999034209217,nan,1.1451420198441498,nan,1.0114324317662327,nan,1.0112119025823971,nan
h Y s,3,-10.925961988244817,nan,-11.444432106273917,nan,-11.447603360634393,nan,1.0938062870587113,nan,1.0937870386658306,nan,1.0026649858264203,nan,1.0026354814878085,nan
h x s,3,-9.687337649373145,nan,-10.295420960965858,nan,-10.302435328712598,nan,1.150667400821856,nan,1.1506186975395578,nan,1.0109023194271474,nan,1.0106439105989489,nan
J X T,3,-15.693911562286722,nan,-inf,nan,-19.982879199341014,nan,1.022811914998932,nan,1.0228483628692808,nan,1,1,1.0000422999053236,1.0
J x n,3,-11.454865501931085,nan,-10.22005204339422,nan,-10.263947313719843,nan,1.143800320744851,nan,1.1437358025158268,nan,1.0145297154185855,nan,1.0140074165712778,nan
k e d,3,-10.240549053001438,nan,-11.095887276459763,nan,-11.097679299161475,nan,1.111549238552113,nan,1.1115282029704323,nan,1.0054871496412865,nan,1.0053970374766719,nan
k X m,3,-11.10577895623594,nan,-14.112067156908711,nan,-14.075742113703177,nan,1.0949526051871856,nan,1.094936775351998,nan,1.0005093427596667,nan,1.0005343500643435,nan
l e l,3,-10.224591298073584,nan,-11.91347278562519,nan,-11.913736560097714,nan,1.1074207965102865,nan,1.1074038374847088,nan,1.002980475198467,nan,1.002938100138974,nan
m A b,3,-10.692565262859416,nan,-13.326214170301808,nan,-13.313039856881716,nan,1.0897181755908651,nan,1.089715923760576,nan,1.00185669969952,nan,1.0018563613824862,nan
m e p,3,-10.860875181562712,nan,-13.109356301653737,nan,-13.104041792538208,nan,1.0889190130273552,nan,1.0889203393608977,nan,1.0016188028149868,nan,1.0016149266334864,nan
m A v,3,-11.7589094259056,nan,-11.479965538605388,nan,-11.495773349303954,nan,1.0750482489404982,nan,1.0750628046964459,nan,1.0036074316866006,nan,1.0035339710779132,nan
m A z,3,-10.86167370542563,nan,-12.67112542729512,nan,-12.667230397833272,nan,1.0875750381584042,nan,1.08757524175738,nan,1.00206799493934,nan,1.0020588315181411,nan
m X n,3,-10.616503878635976,nan,-14.404764751512763,nan,-14.33036996192268,nan,1.1132532861190065,nan,1.1132129229584313,nan,1.0007760899646603,nan,1.000787812523856,nan
m X s,3,-10.951490843922175,nan,-14.595338754036316,nan,-14.52000089314199,nan,1.0941159743981579,nan,1.0940975371834138,nan,1.0008364600331803,nan,1.0008456611340433,nan
m Y d,3,-10.745404238603898,nan,-10.837263306178007,nan,-10.843853616093552,nan,1.08875731751438,nan,1.088746980331485,nan,1.0036038482970537,nan,1.0035440113861644,nan
m x b,3,-9.908883660137686,nan,-11.378320965465814,nan,-11.38411720924981,nan,1.1319446107577387,nan,1.1319204850158073,nan,1.0061675650811748,nan,1.0059978941374217,nan
n e s,3,-9.538241567788502,nan,-12.680782959608177,nan,-12.672313960585075,nan,1.1397633953664161,nan,1.139728004785109,nan,1.0021346359395673,nan,1.0020991095888885,nan
n e n,3,-9.203254602502303,nan,-13.150295275383682,nan,-13.137752167481155,nan,1.1589007070872648,nan,1.1588433905601265,nan,1.001591305322887,nan,1.0015784720972043,nan
n c d,3,-9.695794823081245,nan,-13.485379883210717,nan,-13.454393884188368,nan,1.126575935580253,nan,1.1265527004653175,nan,1.0023935399512864,nan,1.0023848660777883,nan
n W d,3,-10.938607460723444,nan,-12.259809052003023,nan,-12.244135740291371,nan,1.1041533711699363,nan,1.1041417512716483,nan,1.0027023195252132,nan,1.00268564859675,nan
n c G,3,-10.758629960657345,nan,-12.443224052410919,nan,-12.4421249667239,nan,1.1015223571444415,nan,1.1015278263434494,nan,1.0028463154651865,nan,1.0028187306541918,nan
n i n,3,-8.840835561125878,nan,-11.475216374523313,nan,-11.475296213800567,nan,1.1722805949744428,nan,1.1722163474694876,nan,1.0037672972172071,nan,1.0036948152531033,nan
p e k,3,-10.809956527094895,nan,-12.56826444455884,nan,-12.561284248841663,nan,1.0940035765086618,nan,1.0939867740955815,nan,1.0034744053484748,nan,1.0033804714315395,nan
p e m,3,-10.860875181562712,nan,-13.05903720693912,nan,-13.04993503606058,nan,1.0995274377782442,nan,1.0995043065826922,nan,1.001874598532694,nan,1.0018474832615805,nan
p e p,3,-11.43810829648756,nan,-13.80043743873263,nan,-13.788411936485431,nan,1.075409595404493,nan,1.0754140964340504,nan,1.0010596026076735,nan,1.001066527024054,nan
p i m,3,-10.498456140186287,nan,-12.304354235299066,nan,-12.30603322740873,nan,1.1129073256654223,nan,1.1128772634920532,nan,1.003430563170207,nan,1.0033794949465662,nan
p X b,3,-12.143860126865453,nan,-13.323023047958994,nan,-13.309182349009491,nan,1.0584507416284457,nan,1.0584608634066255,nan,1.00074522851622,nan,1.0007711016316472,nan
p X d,3,-11.741756366459994,nan,-12.64380410033088,nan,-12.639906306724344,nan,1.0721245621482318,nan,1.0721190175960305,nan,1.0014394843042003,nan,1.0014363606487995,nan
p X v,3,-13.210204289911637,nan,-14.3485507950531,nan,-14.297250556641984,nan,1.0437808149780787,nan,1.0438077443424953,nan,1.00080559858474,nan,1.0008289502418344,nan
r e m,3,-10.007388690009707,nan,-12.322721621018207,nan,-12.320304568314652,nan,1.1209420915375612,nan,1.1209139279255242,nan,1.0022701303866473,nan,1.002235375668252,nan
r i g,3,-10.033470736379702,nan,-10.884013136547766,nan,-10.890110983356646,nan,1.1169957697594912,nan,1.1169805261048222,nan,1.006746200154107,nan,1.0066053389767016,nan
r i s,3,-9.4397628818517,nan,-11.069587871487867,nan,-11.072066157745127,nan,1.1374008529192607,nan,1.1373622308113076,nan,1.0060519443661267,nan,1.0059400799595495,nan
r i t,3,-8.791429201745268,nan,-10.137933893764599,nan,-10.141903298528394,nan,1.1850026519473025,nan,1.184909491642857,nan,1.0079837865587675,nan,1.0077912354855378,nan
r i z,3,-10.224007492436346,nan,-10.266005375566174,nan,-10.274650651337268,nan,1.1131019003399496,nan,1.1130911179581706,nan,1.0083761920041476,nan,1.0081672514517543,nan
r E p,3,-10.98489905101819,nan,-13.501440552609187,nan,-13.47020087765475,nan,1.084876459368532,nan,1.0848821171116425,nan,1.0018918028371266,nan,1.0018921419739095,nan
r I D,3,-9.643149642081848,nan,-11.692135827130016,nan,-11.694872581753092,nan,1.117963720098353,nan,1.117946288728559,nan,1.004086808845214,nan,1.0040068002676616,nan
r I S,3,-11.695538136289976,nan,-12.57523751521245,nan,-12.599355931832243,nan,1.093996802895902,nan,1.0940068308336635,nan,1.0030001476118535,nan,1.002965525284293,nan
r I T,3,-11.563230802127975,nan,-14.011850976915312,nan,-13.996556156299041,nan,1.0938156926903417,nan,1.093825928129168,nan,1.002336076858133,nan,1.0023291905722345,nan
r I Z,3,-16.417602073749563,nan,-inf,nan,-18.601988536857174,nan,1.0897708980995,nan,1.0897857677287701,nan,1.002154966652573,nan,1.002155644741673,nan
r I z,3,-10.101159669446105,nan,-10.535838234725619,nan,-10.54362399420954,nan,1.11138338262967,nan,1.111373490465225,nan,1.005988466003595,nan,1.0058290314885565,nan
r x l,3,-9.193175497990538,nan,-11.09934948867923,nan,-11.102160175861261,nan,1.150112758542598,nan,1.1500750166865332,nan,1.0077018642918827,nan,1.0074564740750422,nan
s i g,3,-10.104517346226277,nan,-10.792587635290712,nan,-10.79888618439837,nan,1.1184060935772626,nan,1.1183905184982845,nan,1.0073054003614204,nan,1.007153738586134,nan
s i v,3,-11.192289822762891,nan,-11.98817575221473,nan,-11.995988921475158,nan,1.101985434939815,nan,1.1019886732906987,nan,1.0054942983058195,nan,1.0054182802805198,nan
s X d,3,-10.959316484753565,nan,-13.245595883573174,nan,-13.229087701413434,nan,1.0949495397253202,nan,1.0949386313323248,nan,1.0011939817741604,nan,1.0011955998446584,nan
s X g,3,-11.339991931668596,nan,-14.99617515326281,nan,-14.92147289554692,nan,1.0830264511926146,nan,1.0830292032863755,nan,1.00046954095192,nan,1.0005014165224126,nan
s X k,3,-10.900572189454358,nan,-13.433157679117448,nan,-13.413808553956944,nan,1.0948287995882802,nan,1.094818029529328,nan,1.0008317613630402,nan,1.0008485081835354,nan
s X m,3,-10.951490843922175,nan,-13.617121538970931,nan,-13.593271063503117,nan,1.1003526608578627,nan,1.1003355620164386,nan,1.00074120626026,nan,1.0007617352682547,nan
S x J,3,-14.1684755446458,nan,-17.087326820906075,nan,-17.054687251784195,nan,1.0819930198208865,nan,1.081999985645957,nan,1.0003769747211602,nan,1.0004099604254355,nan
S x C,3,-13.941898092483674,nan,-14.968773390126053,nan,-15.002766300032066,nan,1.0832607912598071,nan,1.083266304577425,nan,1.0009203053378404,nan,1.00093059791712,nan
s Y b,3,-10.942301232227775,nan,-12.693252973164387,nan,-12.688935066023031,nan,1.0843990569488202,nan,1.0844021969515272,nan,1.001966268916067,nan,1.0019414494356202,nan
s Y v,3,-12.008645395273959,nan,-14.014419773610857,nan,-13.994733328466996,nan,1.0697291302984533,nan,1.069749077887397,nan,1.0010003478197467,nan,1.0010158716726258,nan
s x J,3,-11.789852467217283,nan,-14.80694278074875,nan,-14.766964455946184,nan,1.120009906592915,nan,1.1200079384977903,nan,1.0028320000215596,nan,1.0028175684668463,nan
s x g,3,-9.682248579865675,nan,-11.301841656902099,nan,-11.307253653868472,nan,1.1430109026990456,nan,1.14298258196871,nan,1.005880688481821,nan,1.005738923281297,nan
s x S,3,-11.467163802766187,nan,-13.663243333862448,nan,-13.666686735166794,nan,1.121730453545736,nan,1.1217265141904968,nan,1.0031036653298997,nan,1.0030778872126886,nan
t e s,3,-9.224894852968268,nan,-11.142553353520377,nan,-11.144119344954227,nan,1.1577388384122207,nan,1.1576992236245862,nan,1.0045078270632868,nan,1.004426464028919,nan
t E m,3,-9.830378865833485,nan,-11.87782056303741,nan,-11.876626624667885,nan,1.1427121751224212,nan,1.142682276982924,nan,1.0028584003476273,nan,1.002805506324019,nan
t X t,3,-9.449616716927729,nan,-10.914843945099914,nan,-10.917108770093332,nan,1.1833408829427925,nan,1.1832581261535877,nan,1.0031287128276067,nan,1.0030902518956306,nan
T i n,3,-11.422138269678593,nan,-15.974456693331408,nan,-15.716735921520792,nan,1.120655320487077,nan,1.120603204856178,nan,1.001898750183014,nan,1.001862358021585,nan
T X T,3,-15.238915563673626,nan,-17.47518646027756,nan,-17.194662704484628,nan,1.024271723862941,nan,1.0243078286800575,nan,1.0001500293239134,nan,1.000189431507854,nan
T x J,3,-14.0361682104838,nan,-17.474420298272022,nan,-17.42483357326224,nan,1.0827167386221113,nan,1.082723534374181,nan,1.00029514054448,nan,1.000329706824055,nan
T x S,3,-13.713479546032705,nan,-16.330720851385717,nan,-16.324555852482852,nan,1.0844372855749322,nan,1.0844421100668875,nan,1.00056680585282,nan,1.0005900255698974,nan
T x C,3,-13.809590758321674,nan,-15.355866867492,nan,-15.372912621510112,nan,1.083984510061032,nan,1.083989853305649,nan,1.0008384711611602,nan,1.0008503443157395,nan
t Y s,3,-9.678831384102912,nan,-11.629483460308728,nan,-11.629338101014113,nan,1.138862421658037,nan,1.1388325851306456,nan,1.00262406873808,nan,1.0025953546871182,nan
t x l,3,-8.615888427730683,nan,-9.717944803963789,nan,-9.723000301917299,nan,1.183830631922736,nan,1.1837849664091729,nan,1.0120527146853686,nan,1.0117232905484315,nan
v e t,3,-10.906375184032886,nan,-13.530427989530718,nan,-13.5220898855642,nan,1.1384430405578203,nan,1.1383646084241512,nan,1.001710930179334,nan,1.0016869760588196,nan
v i n,3,-10.857302857476693,nan,-13.947302286776035,nan,-13.925748343953158,nan,1.1233584411378053,nan,1.1233056902769802,nan,1.0020215014480343,nan,1.0019827384236555,nan
v X n,3,-12.09277744291901,nan,-11.965275172628537,nan,-11.976427420111277,nan,1.0879787987531573,nan,1.0879443750650712,nan,1.0017171829964802,nan,1.0017107289397302,nan
v e D,3,-11.880943447359707,nan,-15.084811183300442,nan,-15.059886980169228,nan,1.0731226264191505,nan,1.0731190330027987,nan,1.0005337138431936,nan,1.0005589281601703,nan
v Y k,3,-12.162933507587725,nan,-16.216566599195403,nan,-15.547016262421852,nan,1.0633620900114908,nan,1.0633578306351281,nan,1.0026864680491412,nan,1.0026165630586514,nan
v Y r,3,-11.937598785427383,nan,-17.957112278199673,nan,-17.269978427628235,nan,1.0838879133083004,nan,1.0838601371446104,nan,1.0004829605481602,nan,1.0005050887868208,nan
v Y t,3,-11.360311715167528,nan,-15.99833488985091,nan,-15.327305698677828,nan,1.1195666238036366,nan,1.1194979699302106,nan,1.0028675782547014,nan,1.0027901088892128,nan
w e s,3,-10.261202390184005,nan,-10.53445110318468,nan,-10.539743117944276,nan,1.118614723730626,nan,1.118584303060342,nan,1.0069082962459,nan,1.0067805696694097,nan
w x J,3,-12.177826324326588,nan,-13.33311634146503,nan,-13.296512232052448,nan,1.113193341473687,nan,1.1131929752627234,nan,1.013224940459918,nan,1.0130097758421523,nan
w x S,3,-11.855137659875492,nan,-12.18941689457873,nan,-12.196234511273058,nan,1.114913888426508,nan,1.11491155095543,nan,1.0134966057682582,nan,1.0132700945879947,nan
w x C,3,-11.951248872164463,nan,-11.21456291068501,nan,-11.244591280300318,nan,1.1144611129126076,nan,1.1144592941941913,nan,1.0137682710765983,nan,1.0135304133338368,nan
y c d,3,-10.245754655150295,nan,-15.48955684824733,nan,-15.429891290582907,nan,1.1124417692486412,nan,1.112421855644875,nan,1.0004022416520735,nan,1.0004320284441994,nan
y c g,3,-10.626430102065324,nan,-14.250338579902788,nan,-14.219779824791281,nan,1.1005186807159357,nan,1.1005124275989258,nan,1.0008852022002337,nan,1.0008948173256964,nan
y c G,3,-11.308589792726394,nan,-14.447401017447532,nan,-14.417622373118439,nan,1.0873881908128298,nan,1.087396981523007,nan,1.0008550171659736,nan,1.000865893020603,nan
y X C,3,-13.435991233640928,nan,-13.268972982238608,nan,-13.183062574766375,nan,1.061491166710355,nan,1.0615187724161814,nan,1.0052295622288059,nan,1.0051695010027035,nan
y X g,3,-11.554964798451444,nan,-12.709612782608321,nan,-12.652953852077632,nan,1.083224391377565,nan,1.0832270969556332,nan,1.0052295622288059,nan,1.0051695010027035,nan
y X T,3,-13.207572687189959,nan,-14.063787003610381,nan,-13.816624764153545,nan,1.0617628320186951,nan,1.0617901264729246,nan,1.0051691921602859,nan,1.0051116523925163,nan
y X v,3,-12.642737274988058,nan,-12.663780207640905,nan,-12.617912907861786,nan,1.0668037327401174,nan,1.0668252517480474,nan,1.005320117331586,nan,1.0052562739179842,nan
y x J,3,-12.004825334000135,nan,-15.483989305368423,nan,-15.440977358884215,nan,1.1202078467778653,nan,1.120205832167048,nan,1.0012635116351933,nan,1.0012793744403894,nan
y x S,3,-11.682136669549038,nan,-14.340289858482121,nan,-14.340699638104823,nan,1.1219283937306863,nan,1.1219244078597546,nan,1.0015351769435334,nan,1.0015396931862317,nan
y x C,3,-11.77824788183801,nan,-13.365435874588403,nan,-13.389056407132085,nan,1.121475618216786,nan,1.121472151098516,nan,1.0018068422518736,nan,1.0018000119320738,nan
b O n,3,-13.025131934687028,nan,-12.749596919732168,nan,-12.642658667617228,nan,1.090463173213393,nan,1.0904320334828927,nan,1.0011787704831465,nan,1.0011969477343756,nan
b O r,3,-13.28907229012665,nan,-inf,nan,-14.432932371741723,nan,1.0832489500252498,nan,1.0832260757538246,nan,1.0011184004146265,nan,1.0011390991241884,nan
b O s,3,-13.360118899973227,nan,-13.296845866194456,nan,-13.085413982362684,nan,1.0713258614925443,nan,1.0713166477078753,nan,1.0011485854488866,nan,1.0011680234292821,nan
b U n,3,-10.919600896684944,nan,-inf,nan,-16.640834808486648,nan,1.1060116667825906,nan,1.1059724727047802,nan,1.0008183417668,nan,1.000844835919127,nan
b u r,3,-10.202892520821067,nan,-11.289367082769058,nan,-11.29375516282007,nan,1.1303172406456892,nan,1.1302699843106083,nan,1.0059104346496681,nan,1.0057484409147468,nan
b U s,3,-11.254587861971142,nan,-inf,nan,-16.678125015123943,nan,1.086874355061742,nan,1.0868570869297627,nan,1.0008183417668,nan,1.000844835919127,nan
b W r,3,-11.604651576568529,nan,-15.657044471899233,nan,-15.265066006099007,nan,1.0917869824588617,nan,1.091759685361633,nan,1.0009030829188466,nan,1.000927262625141,nan
C e D,3,-12.674197406012576,nan,-14.446310495634975,nan,-14.45169350116318,nan,1.069355577274314,nan,1.0693528691097354,nan,1.0007382992848934,nan,1.0007595621636214,nan
C i D,3,-12.311778364636153,nan,-14.000652389777477,nan,-14.010728202673414,nan,1.082735465161492,nan,1.0827258260190964,nan,1.002138438762321,nan,1.0020987726164594,nan
C O b,3,-15.834853189690714,nan,-inf,nan,-17.673416051161855,nan,1.029252315235064,nan,1.0292731663888643,nan,1.00006037006852,nan,1.0001001485155108,nan
C O g,3,-15.813424876200283,nan,-inf,nan,-18.924783854991173,nan,1.0310030472221448,nan,1.03102189253232,nan,1,1,1.0000422999053236,1.0
C O v,3,-16.901197352736897,nan,-inf,nan,-19.58289009133527,nan,1.0145823885846972,nan,1.0146200473247342,nan,1,1,1.0000422999053236,1.0
C u D,3,-12.459771835587087,nan,-14.082771139456845,nan,-14.091287109106204,nan,1.0807578058917255,nan,1.080749191205786,nan,1.0013925338319203,nan,1.0013821843030204,nan
C u S,3,-14.512160329795215,nan,-15.155399768054503,nan,-15.176719332167336,nan,1.0567908886892745,nan,1.0568097333108906,nan,1.0008190181809802,nan,1.0008326225062425,nan
C u T,3,-14.379852995633215,nan,-14.514196383804531,nan,-14.541924385449326,nan,1.0566097784837143,nan,1.0566288306063951,nan,1.0011208685235802,nan,1.0011218655571783,nan
D e C,3,-12.674197406012576,nan,-13.712779387919852,nan,-13.622349886426946,nan,1.0742557744537347,nan,1.0742741542124186,nan,1.0073192407095124,nan,1.0072181409425363,nan
D e D,3,-10.52569769951548,nan,-12.067344190478057,nan,-12.053662398256353,nan,1.098675467170086,nan,1.0986658688685527,nan,1.0075305359493325,nan,1.0074206110781914,nan
D e J,3,-12.900774858174701,nan,-11.948297350144978,nan,-11.977609243623085,nan,1.072988003014814,nan,1.0730078352809507,nan,1.0075607209835924,nan,1.0074495353832849,nan
D e S,3,-12.578086193723607,nan,-12.985822139248455,nan,-12.95677306452353,nan,1.074708549967635,nan,1.0747264109736572,nan,1.0074097958122923,nan,1.007304913857817,nan
D i C,3,-12.311778364636153,nan,-14.49149787957015,nan,-14.499547750856486,nan,1.0876356623409127,nan,1.0876471111217796,nan,1.0008755854267468,nan,1.0008908080888592,nan
D i D,3,-10.163278658139056,nan,-13.542062931670706,nan,-13.528697263441513,nan,1.112055355057264,nan,1.1120388257779137,nan,1.0022339119684476,nan,1.00219240181807,nan
D i S,3,-12.215667152347184,nan,-15.199625156188077,nan,-15.18747546724997,nan,1.088088437854813,nan,1.0880993678830182,nan,1.0006341051526668,nan,1.0006594136481106,nan
D i T,3,-12.083359818185183,nan,-14.521705756399832,nan,-14.521308399137665,nan,1.0879073276492528,nan,1.0879184651785228,nan,1.000785030323967,nan,1.0008040351735785,nan
d u r,3,-9.800788760415607,nan,-10.391585674299872,nan,-10.397050356849038,nan,1.1399853815543584,nan,1.139935853218421,nan,1.008229069655601,nan,1.008022292953857,nan
D W C,3,-13.861530891334548,nan,-16.63467907731373,nan,-16.44611774128693,nan,1.0471277448843188,nan,1.0471601773594938,nan,1.0001889352842732,nan,1.0002248751268483,nan
D W D,3,-11.713031184837451,nan,-17.176899006192006,nan,-16.92218623680828,nan,1.0715474376006702,nan,1.071551892015628,nan,1.0000983801814933,nan,1.0001381022115676,nan
D W T,3,-13.633112344883578,nan,-15.311732692703531,nan,-15.15930308362395,nan,1.047399410192659,nan,1.047431531416237,nan,1.0006115257639134,nan,1.0006298153981583,nan
f U n,3,-11.64058779663856,nan,-inf,nan,-17.432142590826214,nan,1.0928548301141714,nan,1.0928187278762984,nan,1.00036825379506,nan,1.0004034411115352,nan
f u r,3,-10.923879420774682,nan,-13.639578861449792,nan,-13.61022014924364,nan,1.11716040397727,nan,1.1171162394821266,nan,1.0041509998510485,nan,1.004022988485069,nan
f U s,3,-11.975574761924758,nan,-inf,nan,-17.469432797463508,nan,1.0737175183933227,nan,1.073703342101281,nan,1.00036825379506,nan,1.0004034411115352,nan
f W r,3,-12.32563847652214,nan,-17.93463361104244,nan,-17.47797686540094,nan,1.0786301457904426,nan,1.0786059405331512,nan,1.00015293629928,nan,1.000191604612488,nan
f x r,3,-10.353617183463143,nan,-12.849294977139962,nan,-12.85398719756698,nan,1.1437428723688194,nan,1.1436849377658624,nan,1.0026627552652339,nan,1.0026210949702903,nan
g U n,3,-10.898172583194516,nan,-inf,nan,-15.881567336007071,nan,1.105776612812962,nan,1.1057374739725365,nan,1.0024686643298464,nan,1.0024632835469645,nan
g U S,3,-13.611782625909232,nan,-12.561978580617518,nan,-12.5708127162868,nan,1.0449537687790342,nan,1.0449843157128205,nan,1.0027403296381865,nan,1.0027236022928068,nan
g U T,3,-13.479475291747232,nan,-inf,nan,-15.91549171758154,nan,1.044772658573474,nan,1.044803413008325,nan,1.0024686643298464,nan,1.0024632835469645,nan
g W C,3,-14.12900416264216,nan,-18.325281092731288,nan,-17.627174864502834,nan,1.0374905321295482,nan,1.0375252293375028,nan,1.00012074013704,nan,1.000157997125698,nan
g W D,3,-11.980504456145063,nan,-18.86750102160956,nan,-18.103243360024187,nan,1.0619102248458996,nan,1.061916943993637,nan,1.00003018503426,nan,1.0000712242104173,nan
g W T,3,-13.90058561619119,nan,-17.00233470812109,nan,-16.340360206839854,nan,1.0377621974378883,nan,1.037796583394246,nan,1.0005433306166802,nan,1.000562937397008,nan
g x r,3,-9.6112019700191,nan,-11.915418122473138,nan,-11.917612030841,nan,1.15666465506761,nan,1.1566036838621006,nan,1.0041084923865802,nan,1.0040389085946766,nan
h U n,3,-10.903261652701985,nan,-inf,nan,-20.144337315275862,nan,1.1117024470999135,nan,1.111661915695943,nan,1.0000272780588932,nan,1.0000690511057837,nan
h u r,3,-10.186553276838108,nan,-12.17172828213792,nan,-12.166707116204142,nan,1.1360080209630121,nan,1.1359594273017712,nan,1.0048056732644883,nan,1.0046650172961118,nan
h U s,3,-11.238248617988184,nan,-inf,nan,-20.181627521913157,nan,1.0925651353790649,nan,1.0925465299209256,nan,1.0000272780588932,nan,1.0000690511057837,nan
h W r,3,-11.58831233258557,nan,-15.338457845743946,nan,-14.947475357823615,nan,1.0974777627761847,nan,1.0974491283527958,nan,1.0012031415666733,nan,1.0012215258302024,nan
J O b,3,-16.061430641852837,nan,-17.60818184190459,nan,-16.885763526630086,nan,1.0288564348651634,nan,1.0288773790503487,nan,1.0000740090979667,nan,1.0001135241157408,nan
J x r,3,-11.718805857370707,nan,-12.420959367673639,nan,-12.460331912219699,nan,1.136586097556708,nan,1.1365298447867587,nan,1.0033310677081204,nan,1.0032764993815633,nan
k E G,3,-11.703661436661172,nan,-17.50391955436051,nan,-17.29635242434084,nan,1.0745478703210236,nan,1.0745617281833242,nan,1.0000983801814933,nan,1.0001381022115676,nan
k E S,3,-12.806416968900617,nan,-17.588061489369792,nan,-17.402053007398376,nan,1.06639791107082,nan,1.0664211064810298,nan,1.0001587502500133,nan,1.0001959508217546,nan
k i b,3,-10.280233772030474,nan,-12.68078015947468,nan,-12.679600272548885,nan,1.111255305919505,nan,1.1112430056903884,nan,1.0025031091678338,nan,1.002469954130922,nan
k i C,3,-12.139831893729529,nan,-13.26418168688593,nan,-13.285605504873224,nan,1.0912728132393756,nan,1.0912834072943922,nan,1.0017484833113333,nan,1.001746846503583,nan
k i D,3,-9.99133218723243,nan,-12.314746738986486,nan,-12.314755017458252,nan,1.115692505955727,nan,1.1156751219505263,nan,1.003106809853034,nan,1.0030484402327937,nan
k i r,3,-9.594050994165466,nan,-10.585894266147225,nan,-10.589078759298664,nan,1.1453342095990606,nan,1.1452828645862787,nan,1.0106228833837774,nan,1.0102505922010925,nan
k u f,3,-11.149214142935023,nan,-14.92248701952191,nan,-14.885397169915969,nan,1.0972036329457329,nan,1.0972061905773824,nan,1.0009679322243004,nan,1.0009725608500142,nan
k U m,3,-10.998946573048059,nan,-16.52148463309064,nan,-16.11855388067847,nan,1.0968347912508254,nan,1.0968179864157004,nan,1.0005864782662066,nan,1.0006174507152161,nan
k U n,3,-10.458752840980278,nan,-inf,nan,-17.211261291301653,nan,1.1190509764661956,nan,1.1190087181671402,nan,1.0005864782662066,nan,1.0006174507152161,nan
k U p,3,-11.576179687972907,nan,-14.279443727914435,nan,-14.233611408340593,nan,1.0727169488770743,nan,1.0727277762670586,nan,1.0008883286088068,nan,1.000906693766152,nan
k u r,3,-9.7420444651164,nan,-13.54803510388513,nan,-13.510699706723347,nan,1.1433565503292942,nan,1.1433062297729684,nan,1.0041373608216018,nan,1.004009612884839,nan
l U n,3,-10.480146111165954,nan,-inf,nan,-15.662304582611364,nan,1.1183334432957506,nan,1.1182913536160806,nan,1.0035325086266862,nan,1.0035065803649093,nan
l X l,3,-11.097646842139476,nan,-13.913074491523147,nan,-13.875703491487911,nan,1.0854210420128165,nan,1.0854154791821609,nan,1.001113043444867,nan,1.001112836166215,nan
m W l,3,-11.441450167677695,nan,-13.26634790364739,nan,-13.243470146301933,nan,1.0770947958277663,nan,1.0770926410378372,nan,1.0009594307314067,nan,1.0009757448719356,nan
m W r,3,-11.194722175331677,nan,-15.869169035584953,nan,-15.473942141768722,nan,1.1009107878589175,nan,1.1008813466789864,nan,1.0006575803888067,nan,1.000686501821,nan
m W t,3,-10.617435105071822,nan,-10.816762539564461,nan,-10.822588097779098,nan,1.1365894983542537,nan,1.1365191794645866,nan,1.0030421980953477,nan,1.0029715219233921,nan
n c n,3,-9.147775450182074,nan,-9.923468969193738,nan,-9.927483747257572,nan,1.1541952419281656,nan,1.154140362900871,nan,1.0093662828653496,nan,1.009066380554403,nan
n W C,3,-13.200309342827959,nan,-12.928561910574267,nan,-12.91591388049563,nan,1.0704970579700208,nan,1.0705239986862471,nan,1.002521209319653,nan,1.0025121027661885,nan
n W D,3,-11.051809636330862,nan,-13.47078183945254,nan,-13.391982376016983,nan,1.0949167506863722,nan,1.0949157133423812,nan,1.002430654216873,nan,1.0024253298509078,nan
n x r,3,-8.682507150204898,nan,-11.27541902443141,nan,-11.275546477803053,nan,1.1896711809080827,nan,1.189602453210845,nan,1.0066862689519998,nan,1.006566897038158,nan
p c k,3,-10.754477374774666,nan,-12.688932947847618,nan,-12.686080027255727,nan,1.0892981113495626,nan,1.089283746436326,nan,1.0023313963025542,nan,1.0022907142013764,nan
p c p,3,-11.382629144167328,nan,-12.944784941988729,nan,-12.943221291854023,nan,1.070704130245394,nan,1.070711068774795,nan,1.001848435754394,nan,1.0018279253198792,nan
p c s,3,-10.6001892624609,nan,-14.206685358781375,nan,-14.184835613913162,nan,1.0979008461136666,nan,1.097876624899859,nan,1.0007919595552934,nan,1.0008155746416043,nan
p O l,3,-13.703103996160666,nan,-15.4429202353991,nan,-15.26822405070569,nan,1.0550473457712923,nan,1.0550527885031815,nan,1.0002220272939,nan,1.0002559725365752,nan
p O m,3,-13.732629380442805,nan,-inf,nan,-17.506086689320963,nan,1.0638613757752164,nan,1.063856720121959,nan,1.00004091708834,nan,1.0000824267060138,nan
p O n,3,-13.192435648375024,nan,-15.96152755617985,nan,-15.708422342047987,nan,1.0860775609905866,nan,1.086047451873399,nan,1.00010128715686,nan,1.000140275316201,nan
p O r,3,-13.456376003814647,nan,-inf,nan,-17.498696046172483,nan,1.0788633378024435,nan,1.0788414941443307,nan,1.00004091708834,nan,1.0000824267060138,nan
p O s,3,-13.527422613661223,nan,-16.50877650264214,nan,-16.151177656793443,nan,1.066940249269738,nan,1.0669320660983814,nan,1.0000711021226,nan,1.0001113510111075,nan
p O t,3,-12.879088933554792,nan,-inf,nan,-17.507631487392025,nan,1.1145420482977797,nan,1.114479326929931,nan,1.00004091708834,nan,1.0000824267060138,nan
p u k,3,-10.595530956669405,nan,-12.250181263732104,nan,-12.250183762851005,nan,1.1054058051260733,nan,1.1053830961916322,nan,1.0042077865300214,nan,1.0040908774035076,nan
p U m,3,-11.627098342440721,nan,-14.915813756296611,nan,-14.52754090957349,nan,1.079409869344414,nan,1.0793971593438465,nan,1.0030278645371595,nan,1.0030116831563969,nan
p U n,3,-11.08690461037294,nan,-inf,nan,-15.620248320196678,nan,1.1016260545597842,nan,1.1015878910952863,nan,1.0030278645371595,nan,1.0030116831563969,nan
p U p,3,-12.20433145736557,nan,-12.673772851120408,nan,-12.642598437235616,nan,1.055292026970663,nan,1.0553069491952047,nan,1.0033297148797597,nan,1.0033009262073327,nan
p U s,3,-11.421891575659139,nan,-inf,nan,-15.65753852683397,nan,1.0824887428389356,nan,1.0824725053202688,nan,1.0030278645371595,nan,1.0030116831563969,nan
p u v,3,-12.122723175420255,nan,-14.15083366529596,nan,-14.145711902618656,nan,1.0771827980929602,nan,1.077192424741094,nan,1.00115909806976,nan,1.001169522589057,nan
r U n,3,-10.233418118819937,nan,-inf,nan,-17.453151833147096,nan,1.1230407083191012,nan,1.1229975124381184,nan,1.0003955318539532,nan,1.0004301923119954,nan
r W r,3,-10.91846879870352,nan,-15.983355724078226,nan,-15.586598650705154,nan,1.1088160239953724,nan,1.1087847250949712,nan,1.0006712194182534,nan,1.0006998774212301,nan
S c g,3,-12.790080312710991,nan,-15.78698472094177,nan,-15.701178581471968,nan,1.0623038537589569,nan,1.0623065810778347,nan,1.000748811905767,nan,1.000761061323396,nan
s c p,3,-10.600189262460901,nan,-12.125880937393799,nan,-12.127580949520794,nan,1.0935291078224822,nan,1.0935306825110893,nan,1.0026667775211937,nan,1.0026304613336827,nan
s U g,3,-11.233159548480714,nan,-inf,nan,-19.03319099192252,nan,1.0849086372562544,nan,1.0849104143500778,nan,1.0001509251713,nan,1.0001869214307915,nan
S U g,3,-13.611782625909228,nan,-15.362965375409638,nan,-15.307496845419879,nan,1.046891750484226,nan,1.0469024614982445,nan,1.0004782618780201,nan,1.000507935836313,nan
s U k,3,-10.793739806266476,nan,-inf,nan,-15.18446076282793,nan,1.09671098565192,nan,1.0966992405930303,nan,1.0063388571946028,nan,1.0061164039749733,nan
s U m,3,-10.844658460734292,nan,-inf,nan,-20.382416500766947,nan,1.1022348469215024,nan,1.1022167730801409,nan,1,1,1.0000422999053236,1.0
s U n,3,-10.304464728666511,nan,-inf,nan,-21.47512391139013,nan,1.1244510321368726,nan,1.1244075048315807,nan,1,1,1.0000422999053236,1.0
s U p,3,-11.421891575659139,nan,-inf,nan,-18.49747402842907,nan,1.0781170045477513,nan,1.078126562931499,nan,1.0003018503426002,nan,1.0003315429562594,nan
s U s,3,-10.63945169395271,nan,-inf,nan,-21.512414118027426,nan,1.105313720416024,nan,1.1052921190565632,nan,1,1,1.0000422999053236,1.0
S u T,3,-14.283741783344244,nan,-14.333169158855714,nan,-14.362323592661811,nan,1.0569499881765978,nan,1.0569689603504322,nan,1.0011617856119204,nan,1.0011619923578685,nan
s W l,3,-11.236243400896113,nan,-14.307068172671276,nan,-14.262565260114789,nan,1.0864103557819926,nan,1.0864060118472842,nan,1.0005638988774535,nan,1.0005878524652638,nan
s W t,3,-10.41222833829024,nan,-11.85748280858835,nan,-11.841683211591954,nan,1.14590505830848,nan,1.1458325502740336,nan,1.0026466662413944,nan,1.0025836295167203,nan
S x r,3,-11.396117192919611,nan,-14.207594213647166,nan,-14.214623981621317,nan,1.137322187619492,nan,1.1372657618693114,nan,1.0017353012628607,nan,1.0017115541546462,nan
T c g,3,-12.65777297854899,nan,-15.114686622792885,nan,-15.078225557346475,nan,1.0630275725601817,nan,1.0630301298060587,nan,1.000789728994107,nan,1.0008011881240861,nan
T i D,3,-12.083359818185182,nan,-16.443163932684108,nan,-16.185843259425756,nan,1.0837993936556003,nan,1.0837895044913575,nan,1.001838380114494,nan,1.001804509411398,nan
t O n,3,-11.761662086562163,nan,-13.572298453084384,nan,-13.454074755729112,nan,1.1412100881300415,nan,1.1411670229388706,nan,1.0005377360991532,nan,1.0005682945235628,nan
t U n,3,-9.65613104856008,nan,-inf,nan,-18.841088317694886,nan,1.1567585816992392,nan,1.156707462160758,nan,1.00008183417668,nan,1.000122553506704,nan
T W C,3,-15.781612051380675,nan,-inf,nan,-18.33007384903769,nan,1.018871783482655,nan,1.0189108560729376,nan,1.00012074013704,nan,1.000157997125698,nan
T W D,3,-13.633112344883578,nan,-inf,nan,-18.806142344559042,nan,1.0432914761990064,nan,1.0433025707290717,nan,1.00003018503426,nan,1.0000712242104173,nan
T W T,3,-15.553193504929705,nan,-inf,nan,-17.04325919137471,nan,1.0191434487909952,nan,1.0191822101296808,nan,1.0005433306166802,nan,1.000562937397008,nan
T W z,3,-14.091122372247835,nan,-inf,nan,-17.483837484001324,nan,1.0367111387303234,nan,1.0367297724657378,nan,1.00039240544538,nan,1.00041831587154,nan
v e r,3,-11.483662254292742,nan,-11.507383515603705,nan,-11.50559539805815,nan,1.102764330062484,nan,1.102726775638551,nan,1.0133321683694394,nan,1.0128228335198441,nan
w U S,3,-13.406048628490531,nan,-13.993194193728145,nan,-13.985718289301978,nan,1.0568116229837168,nan,1.0568393833367977,nan,1.0008581435745467,nan,1.0008777694610584,nan
w U T,3,-13.27374129432853,nan,-inf,nan,-17.330397290596714,nan,1.0566305127781566,nan,1.0566584806323023,nan,1.0005864782662066,nan,1.0006174507152161,nan
w W D,3,-11.774770458726366,nan,-15.480919542442814,nan,-15.368000822681388,nan,1.0737680790505821,nan,1.0737720116176142,nan,1.0003166046526402,nan,1.0003521118152485,nan
w x r,3,-9.405467972600402,nan,-10.453383734206124,nan,-10.456448961889569,nan,1.1685225092722926,nan,1.1684587514860778,nan,1.0145832670016186,nan,1.014311369571363,nan
y c f,3,-11.368845315509368,nan,-13.69438979876945,nan,-13.673840793428141,nan,1.0866939350248495,nan,1.0867035211557745,nan,1.001458717851174,nan,1.0014443791224743,nan
y c g,3,-10.626430102065324,nan,-14.250338579902788,nan,-14.219779824791281,nan,1.1005186807159357,nan,1.1005124275989258,nan,1.0008852022002337,nan,1.0008948173256964,nan
y c S,3,-12.411345324965838,nan,-15.007625627778934,nan,-14.990345957283573,nan,1.079238231562626,nan,1.0792563598207126,nan,1.0004927967548536,nan,1.0005188013594801,nan
y e C,3,-12.562935689575037,nan,-16.483328131479237,nan,-16.367933216447707,nan,1.083490921207825,nan,1.0835071307187294,nan,1.0005951991923068,nan,1.0006239700291164,nan
y e D,3,-10.41443598307794,nan,-14.837892934037441,nan,-14.799245728277114,nan,1.1079106139241763,nan,1.1078988453748635,nan,1.0008064944321269,nan,1.0008264401647715,nan
y e J,3,-12.789513141737162,nan,-14.718846093704363,nan,-14.723192573643846,nan,1.0822231497689043,nan,1.0822408117872615,nan,1.0008366794663868,nan,1.000855364469865,nan
y e S,3,-12.466824477286067,nan,-15.75637088280784,nan,-15.70235639454429,nan,1.0839436967217253,nan,1.083959387479968,nan,1.0006857542950867,nan,1.000710742944397,nan
y i D,3,-10.052016941701517,nan,-16.64352662678644,nan,-16.243688258744715,nan,1.1212905018113544,nan,1.1212718022842245,nan,1.0018247410850476,nan,1.001791133811168,nan
y i J,3,-12.427094100360737,nan,-19.170836418550234,nan,-18.74785193370377,nan,1.0956030376560824,nan,1.0956137686966225,nan,1.0000740090979667,nan,1.0001135241157408,nan
y i S,3,-12.104405435909642,nan,-18.30108885130381,nan,-17.90246646255317,nan,1.0973235846089033,nan,1.097332344389329,nan,1.0002249342692668,nan,1.0002581456412087,nan
y U g,3,-11.448132415263565,nan,-12.287823623546062,nan,-12.225334049449868,nan,1.0851065774412048,nan,1.0851083080193356,nan,1.0054974247143926,nan,1.0054301567209751,nan
y u g,3,-10.467483683960063,nan,-7.78556041987903,nan,-7.796750150620285,nan,1.1166263744924465,nan,1.116611777354232,nan,1.0383818554681647,nan,1.0375425452017146,nan
y U T,3,-13.100740304002077,nan,-inf,nan,-14.70119135049195,nan,1.063645018082335,nan,1.063671337536627,nan,1.0053464995430925,nan,1.0052855351955072,nan
y U z,3,-11.638669171320208,nan,-14.588921639776437,nan,-13.914539976628362,nan,1.0812127080216631,nan,1.081218899872684,nan,1.0053464995430925,nan,1.0052855351955072,nan
y x D,3,-9.629748175340913,nan,-13.305592452207872,nan,-13.299186648978527,nan,1.1458953109331373,nan,1.14586386575465,nan,1.0019275823889136,nan,1.001915709152448,nan
z e C,3,-13.132207433376834,nan,-15.687676111454197,nan,-15.592431526855435,nan,1.0589092244893021,nan,1.0589312106677717,nan,1.0009225358990266,nan,1.0009449844346379,nan
z e D,3,-10.983707726879736,nan,-14.0422409140124,nan,-14.023744038684843,nan,1.0833289172056535,nan,1.0833229253239058,nan,1.0011338311388467,nan,1.001147454570293,nan
z e S,3,-13.036096221087863,nan,-14.9607188627828,nan,-14.926854704952019,nan,1.0593620000032025,nan,1.0593834674290104,nan,1.0010130910018065,nan,1.0010317573499186,nan
z i C,3,-12.76978839200041,nan,-14.537359693311233,nan,-14.550140446306525,nan,1.0722891123764802,nan,1.0723041675771328,nan,1.0007801122206201,nan,1.0007971788872487,nan
z i D,3,-10.621288685503313,nan,-13.587924745411788,nan,-13.579289958891552,nan,1.0967088050928315,nan,1.0966958822332669,nan,1.002138438762321,nan,1.0020987726164594,nan
z i T,3,-12.54136984554944,nan,-14.567567570140914,nan,-14.571901094587703,nan,1.0725607776848203,nan,1.072575521633876,nan,1.0006895571178402,nan,1.000710405971968,nan
z u f,3,-11.779170641205905,nan,-18.121403816138745,nan,-17.438707973769606,nan,1.0782199320828374,nan,1.078226950860123,nan,1.0008588199887272,nan,1.0008655560481736,nan
z u g,3,-11.036755427761861,nan,-16.226134510616493,nan,-15.547304822356582,nan,1.0920446777739237,nan,1.0920358573032742,nan,1.0062619411212697,nan,1.0060430066599226,nan
z u T,3,-12.689363316500373,nan,-18.133740873018564,nan,-17.467477430825124,nan,1.0705831184150538,nan,1.0705988868205656,nan,1.000889005022987,nan,1.0008944803532673,nan
