word,word_len,uni_prob,uni_prob_freq_weighted,bi_prob,bi_prob_freq_weighted,bi_prob_smoothed,bi_prob_freq_weighted_smoothed,pos_uni_score,pos_uni_score_freq_weighted,pos_uni_score_smoothed,pos_uni_score_freq_weighted_smoothed,pos_bi_score,pos_bi_score_freq_weighted,pos_bi_score_smoothed,pos_bi_score_freq_weighted_smoothed
f u T,3,-13.241241773887772,nan,-inf,nan,-19.331222023236226,nan,1.1411231844378662,nan,1.141099788083435,nan,1.0004917659194223,nan,1.0005124540108763,nan
g i T,3,-12.350833089492795,nan,-12.386950521796127,nan,-12.409456647525271,nan,1.1359923352434795,nan,1.1359721869943078,nan,1.0006387487195623,nan,1.0006524492818214,nan
z i T,3,-12.54136984554944,nan,-18.533196115761044,nan,-18.519386841791242,nan,1.077757699888676,nan,1.0777625735884575,nan,1.0005667829752565,nan,1.0005817087463154,nan
y c g,3,-10.626430102065324,nan,-13.771908556326805,nan,-13.764469090105308,nan,1.1774231305419793,nan,1.1773838299963801,nan,1.0036598441271996,nan,1.003603329254302,nan
l X z,3,-11.706210070224682,nan,-12.255888183376165,nan,-12.248826341134782,nan,1.083350064585044,nan,1.083346911644761,nan,1.0004856176212298,nan,1.0005033268369703,nan
J Y p,3,-13.810916687795384,nan,-16.442337960402522,nan,-15.803019730883035,nan,1.0541902615177117,nan,1.0542028719349816,nan,1.0028459091669994,nan,1.002804092414483,nan
C x z,3,-12.347519625639805,nan,-11.769134828142835,nan,-11.801155382528457,nan,1.1724123065163061,nan,1.1723679021995888,nan,1.0073567433238146,nan,1.0072025291368962,nan
C e J,3,-15.049274564671798,nan,-14.508019551678803,nan,-14.564573089497122,nan,1.0646340721238394,nan,1.0646454843347117,nan,1.0009722247995922,nan,1.0009820700662584,nan
z i S,3,-12.67367717971144,nan,-inf,nan,-22.629738021350683,nan,1.0783953307358394,nan,1.0783997755637837,nan,1,1,1.0000290603515862,1.0
z u v,3,-12.124527904298475,nan,-19.90976099005842,nan,-19.76211567981065,nan,1.1350854356028013,nan,1.1350604942974558,nan,1.001464375664812,nan,1.0014570119523307,nan
D Y p,3,-11.435839529136164,nan,-14.54960408771309,nan,-14.380405789420886,nan,1.1388725614916937,nan,1.1388487860678866,nan,1.00289388632987,nan,1.0028512527714868,nan
s X k,3,-10.900572189454358,nan,-13.116926399659455,nan,-13.113971221195671,nan,1.1240907509994569,nan,1.124065609380769,nan,1.0019104001661614,nan,1.001896564226946,nan
b X s,3,-11.361420245159024,nan,-10.824985101653542,nan,-10.832496935951484,nan,1.1381029998035674,nan,1.138070090570981,nan,1.0033297673395014,nan,1.0032907857023985,nan
T x z,3,-12.119101079188834,nan,-11.668235345093102,nan,-11.685664412401726,nan,1.1780909753096456,nan,1.178044131012669,nan,1.0073687376145322,nan,1.0072143192261471,nan
S c G,3,-13.47224000337206,nan,-13.476178814384633,nan,-13.469708253321432,nan,1.0846038976611512,nan,1.084603158255039,nan,1.0016197425079418,nan,1.0016094533695108,nan
J e J,3,-15.275852016833923,nan,-15.16434743680136,nan,-15.202987202085527,nan,1.0680390109819973,nan,1.0680489601768177,nan,1.000636384659499,nan,1.000651947567231,nan
D x z,3,-10.199019919142708,nan,-7.307670918814642,nan,-7.318768050392094,nan,1.260499545348446,nan,1.2604172921745997,nan,1.0401491341457834,nan,1.0394366331490636,nan
S Y p,3,-13.488228023344288,nan,-13.998439921298834,nan,-13.965794094233479,nan,1.0556155847606612,nan,1.0556275827526072,nan,1.002953857783458,nan,1.0029102032177417,nan
n W C,3,-13.200309342827959,nan,-12.848131036854653,nan,-12.864793368187229,nan,1.0544470660852419,nan,1.0544627117399177,nan,1.0045482002420405,nan,1.0044980058922963,nan
l W C,3,-13.7109776906136,nan,-14.022691732946294,nan,-14.031766104020868,nan,1.0531235516453599,nan,1.0531397659806938,nan,1.0003382042001565,nan,1.0003596845652039,nan
S c d,3,-12.40940486579596,nan,-15.228066510054672,nan,-15.200468429952227,nan,1.1173710384181608,nan,1.1173482597648539,nan,1.0008404159169644,nan,1.0008495618267583,nan
g i J,3,-12.80582908810589,nan,-inf,nan,-17.199969802498337,nan,1.133725203342454,nan,1.133706579970926,nan,1.0000719657443058,nan,1.0000998008870923,nan
C u T,3,-14.379852995633215,nan,-inf,nan,-19.814435419448742,nan,1.1206596150212307,nan,1.120645011344666,nan,1.0003958115936815,nan,1.0004181332968685,nan
D i g,3,-10.430751929446668,nan,-inf,nan,-19.029855129203053,nan,1.175401122779781,nan,1.1753623549048888,nan,1.0012713948160676,nan,1.0012788098121896,nan
w u T,3,-12.29309256302503,nan,-inf,nan,-19.149174052180292,nan,1.2011225057125126,nan,1.2010733291682507,nan,1.0004437887565518,nan,1.0004652936538725,nan
T c T,3,-14.310380867287503,nan,-17.105355851425745,nan,-17.05634512584295,nan,1.0730716387376267,nan,1.073078862054139,nan,1.0002278915236347,nan,1.0002530720473548,nan
g u T,3,-12.498826560443728,nan,-inf,nan,-21.549177850564284,nan,1.1762811577639598,nan,1.1762426549182026,nan,1.0000359828721528,nan,1.0000644306193391,nan
f X s,3,-12.082407145112638,nan,-12.275174887549396,nan,-12.274187543855389,nan,1.1033296375112855,nan,1.1033116695123983,nan,1.001902446744105,nan,1.0018877650815323,nan
J Y m,3,-13.233683572870538,nan,-15.381996708742017,nan,-14.742764536014885,nan,1.1085128673024403,nan,1.1084889402217932,nan,1.0017123432164867,nan,1.0016987956250247,nan
n X z,3,-11.19554172243904,nan,-13.502246428397239,nan,-13.469840736701432,nan,1.084673579024926,nan,1.0846698574039848,nan,1.0004856176212298,nan,1.0005033268369703,nan
m X n,3,-10.616503878635976,nan,-13.166732643208531,nan,-13.139250865812894,nan,1.1967067572113295,nan,1.196631809361713,nan,1.0021105188702315,nan,1.002088370284897,nan
C u S,3,-14.512160329795215,nan,-inf,nan,-19.12899605341144,nan,1.121297245868394,nan,1.1212822133199922,nan,1.0003958115936815,nan,1.0004181332968685,nan
S e J,3,-14.953163352382829,nan,-13.946506632933904,nan,-13.999485325525116,nan,1.0694643342249468,nan,1.0694736709944432,nan,1.0014879793004499,nan,1.0014890439040505,nan
T x S,3,-13.713479546032705,nan,-14.65636205114515,nan,-14.687818985340456,nan,1.1500529300024314,nan,1.1500249441531898,nan,1.0007621735592,nan,1.0007725113750858,nan
v e D,3,-11.880943447359707,nan,-inf,nan,-26.513351300879236,nan,1.0704332949414543,nan,1.0704404383487758,nan,1,1,1.0000290603515862,1.0
C x S,3,-13.941898092483676,nan,-14.757261534194884,nan,-14.803309955467187,nan,1.144374261209092,nan,1.1443487153401095,nan,1.0007501792684825,nan,1.000760721285835,nan
n c T,3,-11.72907815873479,nan,-15.343454025104263,nan,-15.303715403154841,nan,1.0948474105049144,nan,1.0948452773234205,nan,1.0052055221714464,nan,1.0051459590865097,nan
s X p,3,-11.52872395884702,nan,-12.992380006059292,nan,-12.990261615120831,nan,1.091500729922215,nan,1.091497508419656,nan,1.0016092967105563,nan,1.0016029697672462,nan
D i D,3,-10.163278658139056,nan,-inf,nan,-19.418163036914933,nan,1.1735059422062675,nan,1.1734684490337808,nan,1.0012713948160676,nan,1.0012788098121896,nan
S c g,3,-12.790080312710991,nan,-15.392460527359312,nan,-15.381888402357097,nan,1.0791663234922853,nan,1.0791692414098968,nan,1.0030721238820364,nan,1.0030256148810042,nan
C i S,3,-14.364166858844278,nan,-inf,nan,-19.13055290400584,nan,1.0810084233479138,nan,1.0810117453960975,nan,1.0006356974080337,nan,1.000653935081888,nan
g i D,3,-10.430751929446668,nan,-inf,nan,-18.387940560191872,nan,1.1410402461168567,nan,1.1410167026323064,nan,1.0000719657443058,nan,1.0000998008870923,nan
T c S,3,-14.442688201449503,nan,-14.56385368921144,nan,-14.579146290577595,nan,1.07370926958479,nan,1.0737160640294652,nan,1.0012020497623566,nan,1.0012029364757955,nan
z u T,3,-12.689363316500373,nan,-inf,nan,-25.72295407072031,nan,1.1180465224091563,nan,1.1180330415123523,nan,1.0000119942907175,nan,1.0000408504408373,nan
S Y m,3,-12.910994908419442,nan,-12.93809866963833,nan,-12.905538899365329,nan,1.1099381905453898,nan,1.1099136510394187,nan,1.0018202918329453,nan,1.0018049064282835,nan
D x v,3,-11.09625563962268,nan,-7.641271483133423,nan,-7.662257999853029,nan,1.2488627823877134,nan,1.2487883561248978,nan,1.0348355437527548,nan,1.0342555544484782,nan
t W C,3,-12.886962628007726,nan,-inf,nan,-19.16572956151468,nan,1.0587456599925507,nan,1.0587594586502174,nan,1.000230255583698,nan,1.000253573761945,nan
g Y b,3,-11.536009086755778,nan,-16.629878665195314,nan,-16.54000165279769,nan,1.1035198146220706,nan,1.1035119307225745,nan,1.0029184338475046,nan,1.002875662693071,nan
r c S,3,-12.125325848336413,nan,-14.821378429733956,nan,-14.843643261032033,nan,1.0702930186374027,nan,1.070301280958648,nan,1.0013939584138385,nan,1.0013915779038112,nan
d X s,3,-10.959316484753565,nan,-11.023851014597692,nan,-11.030811808514297,nan,1.1335442278439742,nan,1.133513277400321,nan,1.0022742697563511,nan,1.0022532578483125,nan
S c z,3,-12.980617068767634,nan,-13.270899446899996,nan,-13.259701997084012,nan,1.1008989081997722,nan,1.1008872087355956,nan,1.002044829739384,nan,1.0020239396655577,nan
y c d,3,-10.245754655150295,nan,-13.607514539022164,nan,-13.58304911770044,nan,1.2156278454678549,nan,1.2155628483513372,nan,1.0014281361621276,nan,1.0014272762000562,nan
J u S,3,-14.73873778195734,nan,-inf,nan,-18.108890586697854,nan,1.124702184726552,nan,1.1246856891620982,nan,1.0008635889316686,nan,1.0008779467776565,nan
h u S,3,-12.636222964113202,nan,-inf,nan,-16.9182277500626,nan,1.1936833048496274,nan,1.1936371698436978,nan,1.0019070922241013,nan,1.0019036845424913,nan
g u S,3,-12.631133894605728,nan,-inf,nan,-20.863738484526984,nan,1.1769187886111232,nan,1.1768798568935288,nan,1.0000359828721528,nan,1.0000644306193391,nan
y X z,3,-11.745501554508088,nan,-8.078122236944619,nan,-8.09090470253784,nan,1.1603062076151003,nan,1.160269988567838,nan,1.010188998811783,nan,1.0100415090410095,nan
C e g,3,-12.94167067732019,nan,-inf,nan,-19.694969279765107,nan,1.0738442954717555,nan,1.0738495128672,nan,1.0006356974080337,nan,1.000653935081888,nan
z i J,3,-12.996365844162534,nan,-inf,nan,-23.309899996764308,nan,1.0754905679876505,nan,1.0754969665650758,nan,1,1,1.0000290603515862,1.0
m u S,3,-12.242632806859309,nan,-inf,nan,-17.44107842805625,nan,1.1657424444521205,nan,1.1657083149267495,nan,1.0024108524342412,nan,1.0023988682910323,nan
D Y m,3,-10.858606414211316,nan,-13.489262836052587,nan,-13.320150594552736,nan,1.1931951672764223,nan,1.1931348543546982,nan,1.0017603203793572,nan,1.0017459559820285,nan
J e g,3,-13.168248129482315,nan,-inf,nan,-20.333383392353515,nan,1.0772492343299134,nan,1.077252988709306,nan,1.0002998572679405,nan,1.0003238125828606,nan
f u v,3,-12.676406361685874,nan,-13.372058865453123,nan,-13.370383632326565,nan,1.1581620976315112,nan,1.1581272408685386,nan,1.0019441472935169,nan,1.0019286155223697,nan
v X n,3,-12.09277744291901,nan,-12.59744211704876,nan,-12.611844972037515,nan,1.1507457386708153,nan,1.1506905391076396,nan,1.0019306045094671,nan,1.0019115189461323,nan
g i C,3,-12.579251635943764,nan,-11.837118202598145,nan,-11.867963823611259,nan,1.1388793860236919,nan,1.1388572959381456,nan,1.0007450205274226,nan,1.000756070855833,nan
C i D,3,-12.311778364636153,nan,-inf,nan,-20.998685637113,nan,1.0854187033741276,nan,1.0854190590587698,nan,1.0006356974080337,nan,1.000653935081888,nan
C Y z,3,-13.586143964511477,nan,-inf,nan,-17.451111108072123,nan,1.0649194731050098,nan,1.0649240398792714,nan,1.0001594077117908,nan,1.0001844927126038,nan
d c T,3,-12.27709753163396,nan,-14.664103494880795,nan,-14.625241546504448,nan,1.1180711296936114,nan,1.1180590178677505,nan,1.00277068115577,nan,1.0027525709685616,nan
y X v,3,-12.642737274988058,nan,-10.428771441315934,nan,-10.412122860985484,nan,1.1486694446543677,nan,1.148641052518136,nan,1.0101535748758295,nan,1.0100069685163389,nan
z i g,3,-10.888761956810924,nan,-inf,nan,-24.109562846745966,nan,1.0847007913355666,nan,1.0847009950975641,nan,1,1,1.0000290603515862,1.0
S e g,3,-12.845559465031219,nan,-inf,nan,-19.129881515793105,nan,1.078674557572863,nan,1.0786776995269316,nan,1.0011514519088913,nan,1.00116090891968,nan
C e D,3,-12.674197406012576,nan,-inf,nan,-20.083277187476988,nan,1.071949114898242,nan,1.071955606996092,nan,1.0006356974080337,nan,1.000653935081888,nan
n W T,3,-12.97189079637699,nan,-12.292653118700398,nan,-12.322242319261422,nan,1.0515600153050295,nan,1.05157760279608,nan,1.005929733744228,nan,1.0058450863544486,nan
T x J,3,-14.0361682104838,nan,-inf,nan,-19.774700208018334,nan,1.1471481672542425,nan,1.1471221351544818,nan,1.0000359828721528,nan,1.0000644306193391,nan
T c g,3,-12.65777297854899,nan,-15.20800952498802,nan,-15.202194511631129,nan,1.0800147301845173,nan,1.0800172835632456,nan,1.0031680782077772,nan,1.003119935595012,nan
n c G,3,-10.758629960657345,nan,-11.52982598569186,nan,-11.537384639907357,nan,1.107228076120671,nan,1.1072176156776694,nan,1.0066933274814944,nan,1.0065966611226735,nan
s X n,3,-10.411297111854394,nan,-11.999546088582939,nan,-11.999644526156434,nan,1.2006773005309754,nan,1.2006006466393846,nan,1.002530319045348,nan,1.002501023408681,nan
s X d,3,-10.959316484753565,nan,-12.02788357000528,nan,-12.028414481020075,nan,1.1221070105860596,nan,1.12208320323531,nan,1.002370911333557,nan,1.0023455910476635,nan
J e D,3,-12.900774858174701,nan,-inf,nan,-20.721691300065395,nan,1.0753540537564,nan,1.075359082838198,nan,1.0002998572679405,nan,1.0003238125828606,nan
b c T,3,-12.67920129203942,nan,-14.004033392604986,nan,-13.967586179762591,nan,1.1226299016532046,nan,1.1226158310384104,nan,1.0046657790891536,nan,1.0046154050702159,nan
y x z,3,-10.087758202705169,nan,-9.407978044606375,nan,-9.41588949147865,nan,1.2754993756671076,nan,1.2754106774458036,nan,1.011146939190582,nan,1.0109281973402044,nan
y c T,3,-12.279037990803838,nan,-15.66925488276453,nan,-15.618619704317128,nan,1.1704800390950887,nan,1.1704454084872735,nan,1.000719657443057,nan,1.0007364657066449,nan
k X n,3,-10.565585224168158,nan,-12.546519496086372,nan,-12.538999925012334,nan,1.1938900469931193,nan,1.1938163094125958,nan,1.0020985245795138,nan,1.002076580195646,nan
D i C,3,-12.311778364636153,nan,-12.87521607548664,nan,-12.898186300334316,nan,1.1713450821131026,nan,1.17130904233962,nan,1.0019444495991845,nan,1.0019350797809303,nan
D x S,3,-11.793398385986578,nan,-10.29579762486669,nan,-10.320922623330825,nan,1.2324615000412318,nan,1.2323981053151205,nan,1.0335425700904513,nan,1.0329948252980024,nan
C x J,3,-14.26458675693477,nan,-inf,nan,-19.890191178145063,nan,1.141469498460903,nan,1.1414459063414015,nan,1.0000239885814353,nan,1.0000526405300882,nan
z u S,3,-12.821670650662373,nan,-inf,nan,-25.037514704683012,nan,1.1186841532563196,nan,1.1186702434876785,nan,1.0000119942907175,nan,1.0000408504408373,nan
n c d,3,-9.695794823081245,nan,-13.281713681361898,nan,-13.268144816538154,nan,1.1399952168776806,nan,1.1399627171874842,nan,1.005914000890517,nan,1.005836769579921,nan
y x J,3,-12.004825334000135,nan,-inf,nan,-17.504925287095258,nan,1.2445565676117045,nan,1.2444886815876164,nan,1.0038141844482027,nan,1.0037783087333965,nan
p u S,3,-12.819865921784157,nan,-inf,nan,-17.906763887293316,nan,1.1401771227928632,nan,1.1401539780391772,nan,1.00075564031521,nan,1.0007718359743978,nan
y X p,3,-11.743696825629872,nan,-9.847106226214924,nan,-9.855588877497867,nan,1.1461720571696443,nan,1.1461453447814423,nan,1.0108089176909696,nan,1.0106459682227444,nan
D Y v,3,-12.33487997849435,nan,-14.997737910189578,nan,-14.826010376705726,nan,1.141369948976417,nan,1.1413444938045805,nan,1.000803874108612,nan,1.0008133618159232,nan
s X t,3,-10.097950397034161,nan,-11.222313847805324,nan,-11.222471842155436,nan,1.2537246446213772,nan,1.253612310975544,nan,1.003628461059907,nan,1.0035717796734687,nan
y c G,3,-11.308589792726394,nan,-11.855626843352127,nan,-11.852288941069643,nan,1.1828607047108453,nan,1.1828177468415224,nan,1.002207462753105,nan,1.0021871677428087,nan
z i C,3,-12.76978839200041,nan,-17.98336379656306,nan,-17.97789401787723,nan,1.0806447506688883,nan,1.0806476825322953,nan,1.0006730547831169,nan,1.000685330320327,nan
S Y v,3,-14.387268472702477,nan,-14.446573743775321,nan,-14.41139868151832,nan,1.0581129722453846,nan,1.058123290489301,nan,1.0008638455622,nan,1.000872312262178,nan
D i S,3,-12.215667152347184,nan,-inf,nan,-17.550030303807773,nan,1.1690956621800537,nan,1.1690611353711085,nan,1.0012713948160676,nan,1.0012788098121896,nan
S c S,3,-14.574995535611503,nan,-14.748304691582733,nan,-14.758840181303563,nan,1.072860862892558,nan,1.0728680218761164,nan,1.0011060954366158,nan,1.0011086157617877,nan
f X t,3,-11.434073465006207,nan,-11.29030325061953,nan,-11.289873806006051,nan,1.2257724721346406,nan,1.2256721488298843,nan,1.0034965238620133,nan,1.003442088691708,nan
g i S,3,-12.483140423654795,nan,-inf,nan,-16.519807827084712,nan,1.136629966090643,nan,1.136609388969634,nan,1.0000719657443058,nan,1.0000998008870923,nan
C u v,3,-13.815017583431313,nan,-13.824656826005594,nan,-13.853597028539081,nan,1.1376985282148757,nan,1.1376724641297695,nan,1.001848192967776,nan,1.0018342948083618,nan
t X t,3,-9.449616716927729,nan,-10.348548035701379,nan,-10.356379671544026,nan,1.237061937185941,nan,1.2369567630837768,nan,1.004288147049376,nan,1.0042202345822724,nan
S X z,3,-13.909151765153755,nan,-11.035591094654455,nan,-11.06355695339827,nan,1.0620494005654062,nan,1.0620553999813545,nan,1.0010853321571107,nan,1.001092831299519,nan
S x J,3,-14.1684755446458,nan,-inf,nan,-19.27959605685255,nan,1.1462997605620104,nan,1.146274093001133,nan,1.000911566094539,nan,1.0009251071346605,nan
S u T,3,-14.283741783344244,nan,-inf,nan,-18.811447271615418,nan,1.125489877122338,nan,1.1254731980043975,nan,1.0008755832223861,nan,1.0008897368669076,nan
s X l,3,-10.921965459640035,nan,-12.270084314107873,nan,-12.270873466775535,nan,1.1235771039281308,nan,1.1235523077895342,nan,1.0033804935082324,nan,1.0033299960007747,nan
g u v,3,-11.93399114824183,nan,-15.860771174048464,nan,-15.588339459654623,nan,1.1933200709576048,nan,1.193270107703306,nan,1.0014883642462473,nan,1.0014805921308325,nan
w u v,3,-11.728257150823133,nan,-13.200773117508147,nan,-13.188335661270632,nan,1.2181614189061576,nan,1.2181007819533543,nan,1.0018961701306464,nan,1.0018814551653659,nan
C Y b,3,-13.417035521945262,nan,-inf,nan,-20.06535537540999,nan,1.0478982718793415,nan,1.047914287149038,nan,1.0027984909403285,nan,1.0027577618005612,nan
z u b,3,-11.05818374125229,nan,-inf,nan,-27.849995574746,nan,1.1297009973378656,nan,1.1296796776169242,nan,1.0000119942907175,nan,1.0000408504408373,nan
J Y z,3,-13.812721416673602,nan,-16.432169284640917,nan,-15.779822659897617,nan,1.0683244119631676,nan,1.0683275157213774,nan,1.0001714020025083,nan,1.000196282801855,nan
D x d,3,-9.627807716171034,nan,-inf,nan,-14.498101845402573,nan,1.2769716755668346,nan,1.276878343203858,nan,1.032816379403404,nan,1.0322867445422557,nan
f u S,3,-13.373549108049772,nan,-inf,nan,-18.64578265719893,nan,1.1417608152850296,nan,1.1417369900587613,nan,1.0004917659194223,nan,1.0005124540108763,nan
S c T,3,-14.442688201449503,nan,-17.28980685379704,nan,-17.236039016568917,nan,1.0722232320453946,nan,1.0722308199007902,nan,1.0001319371978938,nan,1.000158751333347,nan
l W T,3,-13.482559144162629,nan,-13.46721381479204,nan,-13.48921505509506,nan,1.0502365008651475,nan,1.050254657036856,nan,1.001719737702344,nan,1.0017067650273561,nan
D Y b,3,-11.268535815448166,nan,-17.14963208190379,nan,-16.971452985773336,nan,1.1359855107114813,nan,1.1359636771240489,nan,1.0028584623939165,nan,1.0028167122468161,nan
S Y b,3,-13.320924309656291,nan,-16.598467915489536,nan,-16.55684129058593,nan,1.0527285339804489,nan,1.0527424738087694,nan,1.0029184338475046,nan,1.002875662693071,nan
z i D,3,-10.621288685503313,nan,-inf,nan,-24.497870754457843,nan,1.0828056107620532,nan,1.082807089226456,nan,1,1,1.0000290603515862,1.0
s X m,3,-10.951490843922175,nan,-inf,nan,-17.284141355018875,nan,1.1458233357069436,nan,1.1457835767064677,nan,1.000599714535881,nan,1.000618564814135,nan
h x s,3,-9.687337649373145,nan,-8.494266478809006,nan,-8.503445176766,nan,1.2704452951278906,nan,1.2703525381753005,nan,1.0279887197718398,nan,1.0274420410402245,nan
T X z,3,-13.776844430991755,nan,-11.68588787351608,nan,-11.697247267850198,nan,1.0628978072576383,nan,1.0629034421347032,nan,1.0007135091448645,nan,1.0007273385327389,nan
y x S,3,-11.682136669549038,nan,-12.396104750658424,nan,-12.41804406441738,nan,1.2474613303598934,nan,1.2473914905863244,nan,1.00454037513525,nan,1.0044863894891431,nan
g c T,3,-12.65777297854899,nan,-13.638787473068788,nan,-13.60293505108449,nan,1.1230145126870164,nan,1.1230002768145952,nan,1.0075204202799468,nan,1.007421446311948,nan
n W d,3,-10.938607460723444,nan,-11.9770022073529,nan,-11.978520290982528,nan,1.0967078216777957,nan,1.0966950426601436,nan,1.0050795592813433,nan,1.0050161137623548,nan
S u v,3,-13.718906371142342,nan,-12.820889125011263,nan,-12.850608880705757,nan,1.142528790315983,nan,1.142500650789501,nan,1.0023279645964807,nan,1.002305898378401,nan
k X m,3,-11.10577895623594,nan,-inf,nan,-17.82349675387477,nan,1.1390360821690877,nan,1.1389992394796788,nan,1.0001679200700466,nan,1.0001941216010999,nan
D x g,3,-10.008483163086066,nan,-inf,nan,-16.20746669599036,nan,1.238766960640959,nan,1.2386993248489009,nan,1.032816379403404,nan,1.0322867445422557,nan
y c S,3,-12.411345324965838,nan,-13.127752720550225,nan,-13.141420869051773,nan,1.171117669942252,nan,1.1710826104625998,nan,1.001693815681779,nan,1.0016863301350856,nan
C X z,3,-14.005262977442726,nan,-12.674722862684844,nan,-12.686785510983452,nan,1.0572191384642988,nan,1.057227213321623,nan,1.000473623330512,nan,1.0004915367477194,nan
D i T,3,-12.083359818185183,nan,-13.425048394684621,nan,-13.439679124248329,nan,1.1684580313328903,nan,1.1684239333957822,nan,1.0018381777913241,nan,1.0018314582069188,nan
s X z,3,-11.530528687725239,nan,-11.223396016788989,nan,-11.225577440160803,nan,1.105634880367671,nan,1.1056221522060519,nan,1.0009893778313697,nan,1.0009985105855113,nan
S e D,3,-12.578086193723607,nan,-inf,nan,-19.518189423504985,nan,1.0767793769993494,nan,1.0767837936558236,nan,1.0011514519088913,nan,1.00116090891968,nan
d Y z,3,-11.324442082406962,nan,-11.570721919449708,nan,-11.564864399767862,nan,1.115597632854334,nan,1.1155804245059633,nan,1.001658694051493,nan,1.0016582538689758,nan
b A p,3,-11.269798377784262,nan,-9.84525911470066,nan,-9.857612196024515,nan,1.1482181691130529,nan,1.1481892852139137,nan,1.0090953652518122,nan,1.0089503759150629,nan
b i l,3,-10.30162704221615,nan,-9.734295265049653,nan,-9.743178395849194,nan,1.1822256239245053,nan,1.1821742856364108,nan,1.0097308429943082,nan,1.0095538703550249,nan
b i s,3,-10.125945659716708,nan,-inf,nan,-15.49424303024508,nan,1.1899303299943966,nan,1.1898738095049346,nan,1.0046297962170008,nan,1.004580034802463,nan
b X s,3,-11.361420245159024,nan,-10.824985101653542,nan,-10.832496935951484,nan,1.1381029998035674,nan,1.138070090570981,nan,1.0033297673395014,nan,1.0032907857023985,nan
b Y s,3,-10.942301232227775,nan,-inf,nan,-15.221329802908777,nan,1.1458033344442784,nan,1.1457669171286293,nan,1.0036822472503089,nan,1.0036486177516357,nan
b x l,3,-9.879358275855546,nan,-8.75042823554703,nan,-8.76020282412966,nan,1.2455914617856834,nan,1.2455112555804229,nan,1.014676357648226,nan,1.014405096553964,nan
C A l,3,-12.52263800027633,nan,-14.743964601360467,nan,-14.742750845287116,nan,1.1250576114100512,nan,1.12503088678644,nan,1.00047530013911,nan,1.0004940259769664,nan
C i D,3,-12.311778364636153,nan,-inf,nan,-20.998685637113,nan,1.0854187033741276,nan,1.0854190590587698,nan,1.0006356974080337,nan,1.000653935081888,nan
C i n,3,-11.650556816129564,nan,-12.839821982491726,nan,-12.864664995039828,nan,1.2040888888184322,nan,1.2040094266889094,nan,1.0040895311635023,nan,1.0040216362372685,nan
C X J,3,-15.922330108737691,nan,-inf,nan,-19.511312340805393,nan,1.0262763304088958,nan,1.0263052174634357,nan,1.0000839600350233,nan,1.0001115909763432,nan
C X g,3,-13.814726221386081,nan,-inf,nan,-20.31097519078705,nan,1.0354865537568119,nan,1.035509245995924,nan,1.0000839600350233,nan,1.0001115909763432,nan
C X T,3,-15.467334110124597,nan,-17.176705980394974,nan,-17.1186944586307,nan,1.0285434623099212,nan,1.0285708244868175,nan,1.0002079438108606,nan,1.00023248281269,nan
C x J,3,-14.26458675693477,nan,-inf,nan,-19.890191178145063,nan,1.141469498460903,nan,1.1414459063414015,nan,1.0000239885814353,nan,1.0000526405300882,nan
C x n,3,-11.22828804976896,nan,-11.11339397822137,nan,-11.14247094063792,nan,1.2674547266796106,nan,1.2673463966329215,nan,1.0352885168231682,nan,1.0344377328396404,nan
C x S,3,-13.941898092483676,nan,-14.757261534194884,nan,-14.803309955467187,nan,1.144374261209092,nan,1.1443487153401095,nan,1.0007501792684825,nan,1.000760721285835,nan
C x C,3,-14.038009304772645,nan,-13.995484125218727,nan,-14.051140298331902,nan,1.1466236811421409,nan,1.146596622308621,nan,1.002503664098182,nan,1.002470477257028,nan
d i k,3,-9.878130011625014,nan,-inf,nan,-17.06808590976662,nan,1.1781804990362381,nan,1.1781307740569857,nan,1.0015232749211376,nan,1.0015264016864602,nan
d i s,3,-9.723841899311248,nan,-inf,nan,-16.532774432247848,nan,1.1853715580348034,nan,1.1853169963342747,nan,1.0015232749211376,nan,1.0015264016864602,nan
d i t,3,-9.075508219204817,nan,-9.037721928477245,nan,-9.043582965052403,nan,1.3078143926581585,nan,1.3076774756517606,nan,1.0065888977624915,nan,1.0064656967143517,nan
d E p,3,-11.268978068477736,nan,-14.758856427261147,nan,-14.72704479942747,nan,1.1273231731960633,nan,1.127303690467682,nan,1.0009437647285624,nan,1.0009518519430975,nan
d X s,3,-10.959316484753565,nan,-11.023851014597692,nan,-11.030811808514297,nan,1.1335442278439742,nan,1.133513277400321,nan,1.0022742697563511,nan,1.0022532578483125,nan
D i D,3,-10.163278658139056,nan,-inf,nan,-19.418163036914933,nan,1.1735059422062675,nan,1.1734684490337808,nan,1.0012713948160676,nan,1.0012788098121896,nan
D i g,3,-10.430751929446668,nan,-inf,nan,-19.029855129203053,nan,1.175401122779781,nan,1.1753623549048888,nan,1.0012713948160676,nan,1.0012788098121896,nan
D i C,3,-12.311778364636153,nan,-12.87521607548664,nan,-12.898186300334316,nan,1.1713450821131026,nan,1.17130904233962,nan,1.0019444495991845,nan,1.0019350797809303,nan
d I J,3,-12.302305818200619,nan,-13.787924651445564,nan,-13.787608431291837,nan,1.1149524031516351,nan,1.1149422041689903,nan,1.0068658930315375,nan,1.0067776418331462,nan
d I D,3,-9.927228659541395,nan,-11.974528403124191,nan,-11.97984691543138,nan,1.1222674459260378,nan,1.1222523268303706,nan,1.0140923759660565,nan,1.0138239088659424,nan
d Y p,3,-11.322637353528744,nan,-11.580890595211311,nan,-11.58806147075328,nan,1.101463482408878,nan,1.1014557807195675,nan,1.0043332012159842,nan,1.0042660634816039,nan
d Y t,3,-9.891863791715885,nan,-9.505900558071055,nan,-9.511811326127626,nan,1.2636873971080402,nan,1.2635705832754554,nan,1.0078578828433598,nan,1.0077028456863255,nan
d I T,3,-11.847309819587522,nan,-13.026949828011627,nan,-13.036559739734033,nan,1.1172195350526606,nan,1.117207811192372,nan,1.0068127571276073,nan,1.0067258310461404,nan
d I Z,3,-16.701681091209114,nan,-inf,nan,-18.85365514062198,nan,1.1140845167207738,nan,1.114074901480352,nan,1.0068127571276073,nan,1.0067258310461404,nan
f i k,3,-11.001220671984088,nan,-inf,nan,-17.61050718300126,nan,1.1479659087035494,nan,1.147929166169063,nan,1.0023148981085004,nan,1.0023045475770247,nan
f i s,3,-10.846932559670321,nan,-inf,nan,-17.075195705482493,nan,1.1551569677021147,nan,1.1551153884463519,nan,1.0023148981085004,nan,1.0023045475770247,nan
f X s,3,-12.082407145112638,nan,-12.275174887549396,nan,-12.274187543855389,nan,1.1033296375112855,nan,1.1033116695123983,nan,1.001902446744105,nan,1.0018877650815323,nan
f X t,3,-11.434073465006207,nan,-11.29030325061953,nan,-11.289873806006051,nan,1.2257724721346406,nan,1.2256721488298843,nan,1.0034965238620133,nan,1.003442088691708,nan
f Y k,3,-11.817576244495156,nan,-10.76896790269937,nan,-10.78295260613759,nan,1.1038389131534312,nan,1.1038222737927577,nan,1.008313235269696,nan,1.008147222077041,nan
f x l,3,-10.60034517580916,nan,-9.920811749114854,nan,-9.934439609357254,nan,1.2108180994934015,nan,1.2107528345218401,nan,1.0093748811510388,nan,1.0091938771050326,nan
g e s,3,-10.466936387602702,nan,-inf,nan,-18.022867912629863,nan,1.1768453525523228,nan,1.1767948032184417,nan,1.0005397430822929,nan,1.0005596143678803,nan
g W d,3,-11.867302280537645,nan,-15.817993542362458,nan,-15.41993343260404,nan,1.1248749238598976,nan,1.1248500421513183,nan,1.0007616146230007,nan,1.0007716816320034,nan
g W r,3,-11.583223263078096,nan,-inf,nan,-19.142220472865496,nan,1.2187837780726891,nan,1.21869573307296,nan,1,1,1.0000290603515862,1.0
g W z,3,-12.43851448350932,nan,-14.757572615008966,nan,-14.363196869391757,nan,1.108402793641509,nan,1.1083889911220601,nan,1.0010804300465825,nan,1.0010825463540385,nan
g i C,3,-12.579251635943764,nan,-11.837118202598145,nan,-11.867963823611259,nan,1.1388793860236919,nan,1.1388572959381456,nan,1.0007450205274226,nan,1.000756070855833,nan
g i J,3,-12.80582908810589,nan,-inf,nan,-17.199969802498337,nan,1.133725203342454,nan,1.133706579970926,nan,1.0000719657443058,nan,1.0000998008870923,nan
g i D,3,-10.430751929446668,nan,-inf,nan,-18.387940560191872,nan,1.1410402461168567,nan,1.1410167026323064,nan,1.0000719657443058,nan,1.0000998008870923,nan
g X g,3,-11.933699786196598,nan,-inf,nan,-17.233152241568433,nan,1.091108096499541,nan,1.091106889569461,nan,1.0015592577932904,nan,1.0015617719542131,nan
g u v,3,-11.93399114824183,nan,-15.860771174048464,nan,-15.588339459654623,nan,1.1933200709576048,nan,1.193270107703306,nan,1.0014883642462473,nan,1.0014805921308325,nan
h e s,3,-10.472025457110174,nan,-inf,nan,-16.042070454183882,nan,1.193609868790827,nan,1.1935521161686107,nan,1.0034183728545212,nan,1.0033892357881145,nan
h e n,3,-10.137038491823976,nan,-10.574401432371003,nan,-10.579366789196285,nan,1.2630053593237802,nan,1.2629009311499373,nan,1.0045342268370572,nan,1.0044772623152374,nan
h i n,3,-9.77461945044755,nan,-8.349875911056635,nan,-8.358591116632258,nan,1.2764749477996657,nan,1.276364383212615,nan,1.0254873458037337,nan,1.025055155461009,nan
h Y s,3,-10.925961988244817,nan,-inf,nan,-15.411807202684294,nan,1.1629524617165943,nan,1.1629086758549831,nan,1.004090053134708,nan,1.004049480786169,nan
h x s,3,-9.687337649373145,nan,-8.494266478809006,nan,-8.503445176766,nan,1.2704452951278906,nan,1.2703525381753005,nan,1.0279887197718398,nan,1.0274420410402245,nan
J X T,3,-15.693911562286722,nan,-inf,nan,-19.60628909381587,nan,1.031948401168079,nan,1.0319743003289237,nan,1.0001239837758373,nan,1.0001499521879331,nan
J x n,3,-11.454865501931085,nan,-8.911132872730862,nan,-8.957728746291158,nan,1.2708596655377682,nan,1.2707498724750275,nan,1.039414552830029,nan,1.0384935235419759,nan
k e d,3,-10.240549053001438,nan,-inf,nan,-15.417040491711878,nan,1.1536774987631473,nan,1.153639132879797,nan,1.001415326304679,nan,1.0014202908832015,nan
k X m,3,-11.10577895623594,nan,-inf,nan,-17.82349675387477,nan,1.1390360821690877,nan,1.1389992394796788,nan,1.0001679200700466,nan,1.0001941216010999,nan
l e l,3,-10.224591298073584,nan,-inf,nan,-17.10512851601357,nan,1.1396500298604475,nan,1.1396173340995193,nan,1.0008515946409509,nan,1.0008661566884056,nan
m A b,3,-10.692565262859416,nan,-15.007622980141452,nan,-14.99948932532639,nan,1.1345393852076495,nan,1.1345170800794815,nan,1.004187381963379,nan,1.0041398264708628,nan
m e p,3,-10.860875181562712,nan,-inf,nan,-17.336447167627295,nan,1.125887928317513,nan,1.1258689380132605,nan,1.0020870065848657,nan,1.0020805358812561,nan
m A v,3,-11.7589094259056,nan,-9.657090340310909,nan,-9.67743070068046,nan,1.1399238234725853,nan,1.139897896760013,nan,1.013344469407365,nan,1.013068552098205,nan
m A z,3,-10.86167370542563,nan,-10.514928844170807,nan,-10.520460453745576,nan,1.1515605864333178,nan,1.151526832809715,nan,1.0051261162661476,nan,1.005055150374633,nan
m X n,3,-10.616503878635976,nan,-13.166732643208531,nan,-13.139250865812894,nan,1.1967067572113295,nan,1.196631809361713,nan,1.0021105188702315,nan,1.002088370284897,nan
m X s,3,-10.951490843922175,nan,-13.374372039360782,nan,-13.346391919661235,nan,1.1273112666783764,nan,1.1272829943803864,nan,1.0016145837668822,nan,1.001604802939509,nan
m Y d,3,-10.745404238603898,nan,-inf,nan,-15.699850086778747,nan,1.1258368019071248,nan,1.125811192515287,nan,1.0055413623115397,nan,1.005476081585537,nan
m x b,3,-9.908883660137686,nan,-inf,nan,-19.98142455073606,nan,1.1998363038743642,nan,1.1997842510761125,nan,1.0018591150612308,nan,1.0018565241854875,nan
n e s,3,-9.538241567788502,nan,-inf,nan,-18.565152234439516,nan,1.1486782503702209,nan,1.148639803727267,nan,1.0005397430822929,nan,1.0005596143678803,nan
n e n,3,-9.203254602502303,nan,-13.104708417859158,nan,-13.102448569451916,nan,1.2180737409031739,nan,1.2179886187085935,nan,1.0016555970648289,nan,1.0016476408950032,nan
n c d,3,-9.695794823081245,nan,-13.281713681361898,nan,-13.268144816538154,nan,1.1399952168776806,nan,1.1399627171874842,nan,1.005914000890517,nan,1.005836769579921,nan
n W d,3,-10.938607460723444,nan,-11.9770022073529,nan,-11.978520290982528,nan,1.0967078216777957,nan,1.0966950426601436,nan,1.0050795592813433,nan,1.0050161137623548,nan
n c G,3,-10.758629960657345,nan,-11.52982598569186,nan,-11.537384639907357,nan,1.107228076120671,nan,1.1072176156776694,nan,1.0066933274814944,nan,1.0065966611226735,nan
n i n,3,-8.840835561125878,nan,-11.297898640691676,nan,-11.301752806593502,nan,1.2315433293790594,nan,1.2314520707712713,nan,1.0050970515837823,nan,1.0050120037343506,nan
p e k,3,-10.809956527094895,nan,-12.079377053575836,nan,-12.083563038281268,nan,1.1329126277354975,nan,1.132882702086801,nan,1.0075022233057582,nan,1.0073493166948944,nan
p e m,3,-10.860875181562712,nan,-inf,nan,-18.00410742516967,nan,1.1546452124429842,nan,1.1546006694124997,nan,1.0006476916987515,nan,1.000665725171139,nan
p e p,3,-11.43810829648756,nan,-inf,nan,-18.19886405500377,nan,1.1003226066582557,nan,1.1003146011256881,nan,1.0006476916987515,nan,1.000665725171139,nan
p i m,3,-10.498456140186287,nan,-inf,nan,-17.034791236374517,nan,1.1681148009188698,nan,1.1680641214751775,nan,1.002794669737205,nan,1.0027761511470636,nan
p X b,3,-12.143860126865453,nan,-inf,nan,-19.41432727156781,nan,1.0590778141630997,nan,1.0590892253105746,nan,1.0006716802801867,nan,1.0006893053496408,nan
p X d,3,-11.741756366459994,nan,-11.250042880093215,nan,-11.260318587955773,nan,1.0925711456071565,nan,1.0925600290700663,nan,1.0024428770778628,nan,1.0024163315831693,nan
p X v,3,-13.210204289911637,nan,-12.79620453124824,nan,-12.778699705544145,nan,1.0644622524280354,nan,1.0644700419911062,nan,1.001025919639722,nan,1.0010347105963464,nan
r e m,3,-10.007388690009707,nan,-inf,nan,-19.423334350962413,nan,1.1380277533644672,nan,1.137990350435578,nan,1.000119942907176,nan,1.000146961244096,nan
r i g,3,-10.033470736379702,nan,-inf,nan,-19.912516300855852,nan,1.089576301793593,nan,1.089574410672141,nan,1.0005877202451634,nan,1.0006067747248841,nan
r i s,3,-9.4397628818517,nan,-inf,nan,-18.350939125880686,nan,1.1369558161314313,nan,1.136922057449846,nan,1.0005877202451634,nan,1.0006067747248841,nan
r i t,3,-8.791429201745268,nan,-10.857758350848028,nan,-10.86174765868524,nan,1.2593986507547863,nan,1.259282536767332,nan,1.0056533430865173,nan,1.0055460697527756,nan
r i z,3,-10.224007492436346,nan,-10.45181613794475,nan,-10.460871054250314,nan,1.11130888650108,nan,1.1112923779978399,nan,1.0073536920122865,nan,1.007204014936963,nan
r E p,3,-10.98489905101819,nan,-14.80016947869598,nan,-14.792168379986073,nan,1.0789074312926912,nan,1.0789087515832534,nan,1.001927296567407,nan,1.0019186392616775,nan
r I D,3,-9.643149642081848,nan,-14.8016912685962,nan,-14.803797985355608,nan,1.0738517040226656,nan,1.0738573879459419,nan,1.0077354018857188,nan,1.0075751615629254,nan
r I S,3,-11.695538136289976,nan,-13.846004776453348,nan,-13.873934890841378,nan,1.0694414239964518,nan,1.0694500742832695,nan,1.0018018926135035,nan,1.001789623680605,nan
r I T,3,-11.563230802127975,nan,-15.854112693483636,nan,-15.86051080965826,nan,1.0688037931492884,nan,1.0688128723079433,nan,1.0004557830472696,nan,1.0004770837431234,nan
r I Z,3,-16.417602073749563,nan,-inf,nan,-21.677606210546205,nan,1.0656687748174016,nan,1.0656799625959232,nan,1.0004557830472696,nan,1.0004770837431234,nan
r I z,3,-10.101159669446105,nan,-10.624239446769687,nan,-10.632806141242225,nan,1.097479469303666,nan,1.0974692611427488,nan,1.0035908013791563,nan,1.0035339201764688,nan
r x l,3,-9.193175497990538,nan,-12.447034354521712,nan,-12.450871944624994,nan,1.192616947922718,nan,1.1925595035253342,nan,1.006820097228186,nan,1.006682588094575,nan
s i g,3,-10.104517346226277,nan,-inf,nan,-17.610336221525664,nan,1.1357296258510132,nan,1.1357079038143068,nan,1.0094515010854832,nan,1.009319650681355,nan
s i v,3,-11.192289822762891,nan,-10.449234883686097,nan,-10.46393322039733,nan,1.1458254475977676,nan,1.1457969350903037,nan,1.0104256593242051,nan,1.0102695151097958,nan
s X d,3,-10.959316484753565,nan,-12.02788357000528,nan,-12.028414481020075,nan,1.1221070105860596,nan,1.12208320323531,nan,1.002370911333557,nan,1.0023455910476635,nan
s X g,3,-11.339991931668596,nan,-inf,nan,-18.849767119964405,nan,1.083902295660184,nan,1.083904184880353,nan,1.000599714535881,nan,1.000618564814135,nan
s X k,3,-10.900572189454358,nan,-13.116926399659455,nan,-13.113971221195671,nan,1.1240907509994569,nan,1.124065609380769,nan,1.0019104001661614,nan,1.001896564226946,nan
s X m,3,-10.951490843922175,nan,-inf,nan,-17.284141355018875,nan,1.1458233357069436,nan,1.1457835767064677,nan,1.000599714535881,nan,1.000618564814135,nan
S x J,3,-14.1684755446458,nan,-inf,nan,-19.27959605685255,nan,1.1462997605620104,nan,1.146274093001133,nan,1.000911566094539,nan,1.0009251071346605,nan
S x C,3,-13.941898092483674,nan,-13.388537472151913,nan,-13.44054517703939,nan,1.1514539432432482,nan,1.1514248089683525,nan,1.0033912416112856,nan,1.0033429438616004,nan
s Y b,3,-10.942301232227775,nan,-14.55752265438729,nan,-14.554254504936075,nan,1.0963140137827136,nan,1.0963092260334668,nan,1.0028824509753518,nan,1.0028402924253181,nan
s Y v,3,-12.008645395273959,nan,-12.405628482673077,nan,-12.408811895868464,nan,1.1016984520476494,nan,1.1016900427139984,nan,1.0008278626900473,nan,1.0008369419944252,nan
s x J,3,-11.789852467217283,nan,-inf,nan,-17.574843715118497,nan,1.1898852403642752,nan,1.1898408452258304,nan,1.0048336991592002,nan,1.0047804663197295,nan
s x g,3,-9.682248579865675,nan,-inf,nan,-18.374506565100152,nan,1.1990954637121913,nan,1.1990448737583188,nan,1.0048336991592002,nan,1.0047804663197295,nan
s x S,3,-11.467163802766187,nan,-12.465103839537429,nan,-12.48796249244062,nan,1.192790003112464,nan,1.1927436542245384,nan,1.0055598898462474,nan,1.0054885470754762,nan
t e s,3,-9.224894852968268,nan,-inf,nan,-17.058877784213625,nan,1.1529768442775297,nan,1.1529365506375666,nan,1.0022909095270651,nan,1.0022809673985227,nan
t E m,3,-9.830378865833485,nan,-11.795823483842048,nan,-11.801359125321488,nan,1.1627206536994037,nan,1.1626727651204634,nan,1.0068220763424518,nan,1.0066915415823827,nan
t X t,3,-9.449616716927729,nan,-10.348548035701379,nan,-10.356379671544026,nan,1.237061937185941,nan,1.2369567630837768,nan,1.004288147049376,nan,1.0042202345822724,nan
T i n,3,-11.422138269678593,nan,-14.303103820287973,nan,-14.217533339087293,nan,1.2097675576117717,nan,1.2096856555019897,nan,1.0035138052090566,nan,1.0034557119532217,nan
T X T,3,-15.238915563673626,nan,-16.18787099122621,nan,-16.129156215497446,nan,1.0342221311032607,nan,1.0342470532998977,nan,1.000447829625213,nan,1.0004682845977095,nan
T x J,3,-14.0361682104838,nan,-inf,nan,-19.774700208018334,nan,1.1471481672542425,nan,1.1471221351544818,nan,1.0000359828721528,nan,1.0000644306193391,nan
T x S,3,-13.713479546032705,nan,-14.65636205114515,nan,-14.687818985340456,nan,1.1500529300024314,nan,1.1500249441531898,nan,1.0007621735592,nan,1.0007725113750858,nan
T x C,3,-13.809590758321674,nan,-13.894584642168992,nan,-13.93564932820517,nan,1.1523023499354803,nan,1.1522728511217013,nan,1.0025156583888994,nan,1.002482267346279,nan
t Y s,3,-9.678831384102912,nan,-inf,nan,-17.34526612886203,nan,1.122319437203297,nan,1.122293110323939,nan,1.0027227039928994,nan,1.0027054106115578,nan
t x l,3,-8.615888427730683,nan,-9.863318008768815,nan,-9.869319696842638,nan,1.222107564544702,nan,1.2220374487757326,nan,1.0083673607307588,nan,1.0082035096079507,nan
v e t,3,-10.906375184032886,nan,-inf,nan,-18.219854049272772,nan,1.242150824476161,nan,1.2420424703150748,nan,1.0022848438690022,nan,1.0022569241928379,nan
v i n,3,-10.857302857476693,nan,-14.898802807145476,nan,-14.890280771026287,nan,1.2025730688616445,nan,1.2024942580415932,nan,1.0034658280461861,nan,1.003408551596218,nan
v X n,3,-12.09277744291901,nan,-12.59744211704876,nan,-12.611844972037515,nan,1.1507457386708153,nan,1.1506905391076396,nan,1.0019306045094671,nan,1.0019115189461323,nan
v e D,3,-11.880943447359707,nan,-inf,nan,-26.513351300879236,nan,1.0704332949414543,nan,1.0704404383487758,nan,1,1,1.0000290603515862,1.0
v Y k,3,-12.162933507587725,nan,-17.13189347134883,nan,-16.862444074799022,nan,1.081859523780008,nan,1.0818523284066723,nan,1.0067899603485584,nan,1.006649880742167,nan
v Y r,3,-11.937598785427383,nan,-17.775365649015807,nan,-17.498005150061843,nan,1.173784637579402,nan,1.1737156131828552,nan,1.0016003537313671,nan,1.0015896938779285,nan
v Y t,3,-11.360311715167528,nan,-15.763808892545535,nan,-15.493077896336073,nan,1.2114934174019283,nan,1.2113990300014472,nan,1.0063825850850927,nan,1.0062526647084555,nan
w e s,3,-10.261202390184005,nan,-inf,nan,-14.84373808131048,nan,1.2016867005008756,nan,1.2016254774684898,nan,1.012066256461924,nan,1.0118898901380677,nan
w x J,3,-12.177826324326588,nan,-inf,nan,-15.42614685202472,nan,1.221932389152185,nan,1.2218742241649863,nan,1.0309212814700204,nan,1.0304239104406014,nan
w x S,3,-11.855137659875492,nan,-10.313866718487503,nan,-10.339265629346842,nan,1.2248371519003738,nan,1.2247770331636942,nan,1.0316474721570676,nan,1.0311319911963481,nan
w x C,3,-11.951248872164463,nan,-9.552089309511347,nan,-9.587095972211557,nan,1.2270865718334227,nan,1.2270249401322058,nan,1.033400956986767,nan,1.0328417471675413,nan
y c d,3,-10.245754655150295,nan,-13.607514539022164,nan,-13.58304911770044,nan,1.2156278454678549,nan,1.2155628483513372,nan,1.0014281361621276,nan,1.0014272762000562,nan
y c g,3,-10.626430102065324,nan,-13.771908556326805,nan,-13.764469090105308,nan,1.1774231305419793,nan,1.1773838299963801,nan,1.0036598441271996,nan,1.003603329254302,nan
y c G,3,-11.308589792726394,nan,-11.855626843352127,nan,-11.852288941069643,nan,1.1828607047108453,nan,1.1828177468415224,nan,1.002207462753105,nan,1.0021871677428087,nan
y X C,3,-13.435991233640928,nan,-inf,nan,-14.246864647584772,nan,1.134517582240935,nan,1.1344987086768703,nan,1.0097993355162942,nan,1.0096615632696333,nan
y X g,3,-11.554964798451444,nan,-inf,nan,-15.71509438234144,nan,1.1385736229076133,nan,1.1385520212421392,nan,1.0097993355162942,nan,1.0096615632696333,nan
y X T,3,-13.207572687189959,nan,-12.58010535465475,nan,-12.522813650185087,nan,1.1316305314607227,nan,1.1316135997330325,nan,1.0099233192921315,nan,1.0097824551059802,nan
y X v,3,-12.642737274988058,nan,-10.428771441315934,nan,-10.412122860985484,nan,1.1486694446543677,nan,1.148641052518136,nan,1.0101535748758295,nan,1.0100069685163389,nan
y x J,3,-12.004825334000135,nan,-inf,nan,-17.504925287095258,nan,1.2445565676117045,nan,1.2444886815876164,nan,1.0038141844482027,nan,1.0037783087333965,nan
y x S,3,-11.682136669549038,nan,-12.396104750658424,nan,-12.41804406441738,nan,1.2474613303598934,nan,1.2473914905863244,nan,1.00454037513525,nan,1.0044863894891431,nan
y x C,3,-11.77824788183801,nan,-11.634327341682265,nan,-11.665874407282093,nan,1.2497107502929423,nan,1.2496393975548359,nan,1.0062938599649494,nan,1.0061961454603363,nan
b O n,3,-13.025131934687028,nan,-11.09374140723234,nan,-11.085555764487314,nan,1.1896269971672693,nan,1.1895555541957719,nan,1.0032122341675245,nan,1.0031854852985183,nan
b O r,3,-13.28907229012665,nan,-inf,nan,-12.999623354445234,nan,1.2049655614351449,nan,1.204883801713339,nan,1.0030705384237104,nan,1.003047323199836,nan
b O s,3,-13.360118899973227,nan,-11.664570428344515,nan,-11.590087704914396,nan,1.120231506634316,nan,1.1202067392144452,nan,1.0031236743276406,nan,1.0030991339868418,nan
b U n,3,-10.919600896684944,nan,-inf,nan,-15.660246067032018,nan,1.2276488987421197,nan,1.227560133927462,nan,1.0027466925743347,nan,1.0027289907900598,nan
b u r,3,-10.202892520821067,nan,-9.159642038191414,nan,-9.16813693169783,nan,1.3149532073157058,nan,1.314821339927723,nan,1.0150243573592967,nan,1.014717177078685,nan
b U s,3,-11.254587861971142,nan,-inf,nan,-15.625781506726414,nan,1.1582534082091664,nan,1.1582113189461354,nan,1.0027466925743347,nan,1.0027289907900598,nan
b W r,3,-11.604651576568529,nan,-inf,nan,-15.011178135277408,nan,1.2183991670388774,nan,1.2183112872967752,nan,1.0021589723291713,nan,1.002151276416762,nan
C e D,3,-12.674197406012576,nan,-inf,nan,-20.083277187476988,nan,1.071949114898242,nan,1.071955606996092,nan,1.0006356974080337,nan,1.000653935081888,nan
C i D,3,-12.311778364636153,nan,-inf,nan,-20.998685637113,nan,1.0854187033741276,nan,1.0854190590587698,nan,1.0006356974080337,nan,1.000653935081888,nan
C O b,3,-15.834853189690714,nan,-inf,nan,-22.481380032393474,nan,1.0223264440693791,nan,1.0223541092348538,nan,1.0000119942907175,nan,1.0000408504408373,nan
C O g,3,-15.813424876200283,nan,-inf,nan,-21.148723987725766,nan,1.0176150605875605,nan,1.0176458946393885,nan,1.0000119942907175,nan,1.0000408504408373,nan
C O v,3,-16.901197352736897,nan,-inf,nan,-18.936794919728126,nan,1.0277108823343148,nan,1.0277349259153854,nan,1.0000119942907175,nan,1.0000408504408373,nan
C u D,3,-12.459771835587087,nan,-inf,nan,-20.9971287865186,nan,1.1257075258946079,nan,1.1256895269826646,nan,1.0003958115936815,nan,1.0004181332968685,nan
C u S,3,-14.512160329795215,nan,-inf,nan,-19.12899605341144,nan,1.121297245868394,nan,1.1212822133199922,nan,1.0003958115936815,nan,1.0004181332968685,nan
C u T,3,-14.379852995633215,nan,-inf,nan,-19.814435419448742,nan,1.1206596150212307,nan,1.120645011344666,nan,1.0003958115936815,nan,1.0004181332968685,nan
D e C,3,-12.674197406012576,nan,-inf,nan,-14.61213142300609,nan,1.157875493637217,nan,1.1578455902769422,nan,1.0167800127139481,nan,1.0165233952137012,nan
D e D,3,-10.52569769951548,nan,-inf,nan,-16.468669065474636,nan,1.160036353730382,nan,1.160004996971103,nan,1.0167800127139481,nan,1.0165233952137012,nan
D e J,3,-12.900774858174701,nan,-10.916365744460508,nan,-10.94996496749477,nan,1.1527213109559793,nan,1.1526948743097227,nan,1.0171165401055067,nan,1.0168515301980716,nan
D e S,3,-12.578086193723607,nan,-inf,nan,-14.600536332367477,nan,1.1556260737041681,nan,1.1555976833084307,nan,1.0167800127139481,nan,1.0165233952137012,nan
D i C,3,-12.311778364636153,nan,-12.87521607548664,nan,-12.898186300334316,nan,1.1713450821131026,nan,1.17130904233962,nan,1.0019444495991845,nan,1.0019350797809303,nan
D i D,3,-10.163278658139056,nan,-inf,nan,-19.418163036914933,nan,1.1735059422062675,nan,1.1734684490337808,nan,1.0012713948160676,nan,1.0012788098121896,nan
D i S,3,-12.215667152347184,nan,-inf,nan,-17.550030303807773,nan,1.1690956621800537,nan,1.1690611353711085,nan,1.0012713948160676,nan,1.0012788098121896,nan
D i T,3,-12.083359818185183,nan,-13.425048394684621,nan,-13.439679124248329,nan,1.1684580313328903,nan,1.1684239333957822,nan,1.0018381777913241,nan,1.0018314582069188,nan
d u r,3,-9.800788760415607,nan,-8.714076814914728,nan,-8.722051082531518,nan,1.3103944353561126,nan,1.3102645267570634,nan,1.021837114486904,nan,1.021413947773239,nan
D W C,3,-13.861530891334548,nan,-15.262965639517375,nan,-15.150692786202343,nan,1.1150798643567545,nan,1.1150694576325668,nan,1.000230255583698,nan,1.000253573761945,nan
D W D,3,-11.713031184837451,nan,-inf,nan,-20.472966331470616,nan,1.1172407244499194,nan,1.1172288643267276,nan,1,1,1.0000290603515862,1.0
D W T,3,-13.633112344883578,nan,-14.70748772136312,nan,-14.608141737276537,nan,1.1121928135765422,nan,1.112184348688729,nan,1.0016117890858853,nan,1.0016006542240972,nan
f U n,3,-11.64058779663856,nan,-inf,nan,-16.6038429213379,nan,1.1928755364498378,nan,1.1928017128688793,nan,1.0013673491418085,nan,1.0013731305261975,nan
f u r,3,-10.923879420774682,nan,-11.615438932237252,nan,-11.609290872158358,nan,1.2801798450234239,nan,1.2800629188691404,nan,1.0106584355380837,nan,1.0104255845913297,nan
f U s,3,-11.975574761924758,nan,-inf,nan,-16.569378361032296,nan,1.1234800459168846,nan,1.1234528978875526,nan,1.0013673491418085,nan,1.0013731305261975,nan
f W r,3,-12.32563847652214,nan,-inf,nan,-16.955036304204192,nan,1.1836258047465955,nan,1.1835528662381924,nan,1.000347834430811,nan,1.0003709729398647,nan
f x r,3,-10.353617183463143,nan,-10.873229823466737,nan,-10.883785714637618,nan,1.3032568603641217,nan,1.3031294208892579,nan,1.0049114652208948,nan,1.004841770996541,nan
g U n,3,-10.898172583194516,nan,-inf,nan,-14.936355381042526,nan,1.2280335097759312,nan,1.2279445797036468,nan,1.0062970026267497,nan,1.0062188572083486,nan
g U S,3,-13.611782625909232,nan,-11.088944498459288,nan,-11.112442159408916,nan,1.1049530443054125,nan,1.1049468984108348,nan,1.007094041185704,nan,1.0069960190134364,nan
g U T,3,-13.479475291747232,nan,-inf,nan,-15.669082536354106,nan,1.1043154134582491,nan,1.1043096964355086,nan,1.0062970026267497,nan,1.0062188572083486,nan
g W C,3,-14.12900416264216,nan,-16.68912237186421,nan,-16.306206509808742,nan,1.0826141682673438,nan,1.0826177112310924,nan,1.000230255583698,nan,1.000253573761945,nan
g W D,3,-11.980504456145063,nan,-inf,nan,-21.628480055077013,nan,1.0847750283605087,nan,1.0847771179252532,nan,1,1,1.0000290603515862,1.0
g W T,3,-13.90058561619119,nan,-16.13364445370996,nan,-15.763655460882935,nan,1.0797271174871315,nan,1.0797326022872547,nan,1.0016117890858853,nan,1.0016006542240972,nan
g x r,3,-9.6112019700191,nan,-9.763851322740667,nan,-9.770370712539052,nan,1.3384148336902153,nan,1.3382722877240254,nan,1.008989524064885,nan,1.0088504013418726,nan
h U n,3,-10.903261652701985,nan,-inf,nan,-19.17953377102234,nan,1.2447980260144353,nan,1.2447018926538158,nan,1.000059971453588,nan,1.0000880107978412,nan
h u r,3,-10.186553276838108,nan,-9.877155574272903,nan,-9.881735965022028,nan,1.3321023345880216,nan,1.331963098654077,nan,1.0120737618427627,nan,1.0118168151229447,nan
h U s,3,-11.238248617988184,nan,-inf,nan,-19.145069210716734,nan,1.175402535481482,nan,1.1753530776724892,nan,1.000059971453588,nan,1.0000880107978412,nan
h W r,3,-11.58831233258557,nan,-inf,nan,-14.466748584718449,nan,1.2355482943111933,nan,1.235453046023129,nan,1.0029745840979694,nan,1.0029530024858282,nan
J O b,3,-16.061430641852837,nan,-inf,nan,-20.25047579628355,nan,1.025731382927537,nan,1.0257575850769598,nan,1.0000239885814353,nan,1.0000526405300882,nan
J x r,3,-11.718805857370707,nan,-10.569528822110742,nan,-10.614146550896173,nan,1.286198229805644,nan,1.2860781199925948,nan,1.0060629171297861,nan,1.0059736195646345,nan
k E G,3,-11.703661436661172,nan,-15.861425904787371,nan,-15.754073827969968,nan,1.1161126417190903,nan,1.1160985008044693,nan,1.0001313782616945,nan,1.0001579215902645,nan
k E S,3,-12.806416968900617,nan,-17.11407967857265,nan,-17.001358646016598,nan,1.1043696069504971,nan,1.1043633644255466,nan,1.000095954325741,nan,1.000123381065594,nan
k i b,3,-10.280233772030474,nan,-inf,nan,-19.990597124137018,nan,1.133653755794976,nan,1.133631781182983,nan,1.0011994290717618,nan,1.0012080692766838,nan
k i C,3,-12.139831893729529,nan,-12.497405851069903,nan,-12.526272250600574,nan,1.124886331646479,nan,1.1248702540222488,nan,1.0018724838548787,nan,1.0018643392454245,nan
k i D,3,-9.99133218723243,nan,-inf,nan,-19.046248987181187,nan,1.1270471917396438,nan,1.1270296607164096,nan,1.0011994290717618,nan,1.0012080692766838,nan
k i r,3,-9.594050994165466,nan,-9.125107360050798,nan,-9.131656210778864,nan,1.2610559414518243,nan,1.2609482758641164,nan,1.0296625616104182,nan,1.0289613808494866,nan
k u f,3,-11.149214142935023,nan,-inf,nan,-19.714930134412832,nan,1.1644666754478887,nan,1.1644327197513369,nan,1.0001079486164586,nan,1.0001351711548452,nan
k U m,3,-10.998946573048059,nan,-15.955764877239169,nan,-15.676996890853081,nan,1.1591864905746867,nan,1.1591404678548332,nan,1.0012405706849745,nan,1.0012480899744387,nan
k U n,3,-10.458752840980278,nan,-inf,nan,-17.101804402248938,nan,1.2140404553987185,nan,1.21395753778775,nan,1.0011874347810443,nan,1.001196279187433,nan
k U p,3,-11.576179687972907,nan,-13.988356054486458,nan,-13.962211015802742,nan,1.1048638847899581,nan,1.1048543995680216,nan,1.0016479459484402,nan,1.0016453060081503,nan
k u r,3,-9.7420444651164,nan,-12.177376854807473,nan,-12.162502733512316,nan,1.3013447639723046,nan,1.3012187437880112,nan,1.0102746182351199,nan,1.0100483017352986,nan
l U n,3,-10.480146111165954,nan,-inf,nan,-15.82141539770685,nan,1.1985428931539475,nan,1.1984666344532482,nan,1.0064889112782316,nan,1.006407498636364,nan
l X l,3,-11.097646842139476,nan,-13.302576480695048,nan,-13.294122367749514,nan,1.1012922881455038,nan,1.1012770672282433,nan,1.0028767332980926,nan,1.0028348122522337,nan
m W l,3,-11.441450167677695,nan,-12.461221754833087,nan,-12.457196356710796,nan,1.1151686730429662,nan,1.1151476047387632,nan,1.0015736161440711,nan,1.0015740637580544,nan
m W r,3,-11.194722175331677,nan,-inf,nan,-15.651664309562342,nan,1.2076074339136864,nan,1.207524191106181,nan,1.0013433605603732,nan,1.0013495503476957,nan
m W t,3,-10.617435105071822,nan,-9.070349482747494,nan,-9.08316128749838,nan,1.2453162137362126,nan,1.245207607924773,nan,1.004106427564748,nan,1.004043711272,nan
n c n,3,-9.147775450182074,nan,-9.769474998898662,nan,-9.77574881827039,nan,1.2185655068225962,nan,1.2184801605915587,nan,1.0165057577406205,nan,1.0161643864564214,nan
n W C,3,-13.200309342827959,nan,-12.848131036854653,nan,-12.864793368187229,nan,1.0544470660852419,nan,1.0544627117399177,nan,1.0045482002420405,nan,1.0044980058922963,nan
n W D,3,-11.051809636330862,nan,-inf,nan,-18.187066913455503,nan,1.0566079261784067,nan,1.0566221184340785,nan,1.0043179446583426,nan,1.0042734924819376,nan
n x r,3,-8.682507150204898,nan,-10.635169029971566,nan,-10.638669907871503,nan,1.3102477315081134,nan,1.3101172882328505,nan,1.0028844300896174,nan,1.002849245913126,nan
p c k,3,-10.754477374774666,nan,-12.351107761197152,nan,-12.35618447201028,nan,1.1334043936549199,nan,1.1333742439697663,nan,1.0047563093331606,nan,1.0046715962898427,nan
p c p,3,-11.382629144167328,nan,-12.280843388567375,nan,-12.288185021633872,nan,1.100814372577678,nan,1.1008061430086533,nan,1.0012670516417386,nan,1.0012693546097917,nan
p c s,3,-10.6001892624609,nan,-13.446332295051242,nan,-13.440646916256274,nan,1.1405954526534852,nan,1.1405604662470552,nan,1.0009305242501803,nan,1.0009412196254213,nan
p O l,3,-13.703103996160666,nan,-15.07798068640524,nan,-14.990747138195184,nan,1.0761697457799764,nan,1.0761657822677546,nan,1.0002548031013325,nan,1.0002779836835292,nan
p O m,3,-13.732629380442805,nan,-inf,nan,-17.749956974339135,nan,1.0984159775587892,nan,1.0983970511846881,nan,1.000059971453588,nan,1.0000880107978412,nan
p O n,3,-13.192435648375024,nan,-15.425082088932108,nan,-15.303563474827104,nan,1.153269942382821,nan,1.153214121117605,nan,1.0002016671974021,nan,1.0002261728965234,nan
p O r,3,-13.456376003814647,nan,-inf,nan,-17.217631064785028,nan,1.1686085066506966,nan,1.1685423686351721,nan,1.000059971453588,nan,1.0000880107978412,nan
p O s,3,-13.527422613661223,nan,-15.995911110044283,nan,-15.808095415254186,nan,1.0838744518498677,nan,1.0838653061362784,nan,1.0001131073575182,nan,1.000139821584847,nan
p O t,3,-12.879088933554792,nan,-inf,nan,-17.130705171997494,nan,1.2063172864732228,nan,1.2062257854537644,nan,1.000059971453588,nan,1.0000880107978412,nan
p u k,3,-10.595530956669405,nan,-inf,nan,-18.360323015232197,nan,1.1866710387318633,nan,1.1866166220733736,nan,1.00075564031521,nan,1.0007718359743978,nan
p U m,3,-11.627098342440721,nan,-14.384677728618717,nan,-14.115350818409995,nan,1.1364378791336396,nan,1.1364016309163782,nan,1.0054865495990113,nan,1.005421781569284,nan
p U n,3,-11.08690461037294,nan,-inf,nan,-15.540158329805855,nan,1.1912918439576714,nan,1.1912187008492952,nan,1.005433413695081,nan,1.0053699707822783,nan
p U p,3,-12.20433145736557,nan,-12.417268905866006,nan,-12.400564943359656,nan,1.082115273348911,nan,1.0821155626295667,nan,1.005893924862477,nan,1.0058189976029956,nan
p U s,3,-11.421891575659139,nan,-inf,nan,-15.505693769500251,nan,1.1218963534247182,nan,1.1218698858679685,nan,1.005433413695081,nan,1.0053699707822783,nan
p u v,3,-12.122723175420255,nan,-12.621102318968951,nan,-12.631364862420954,nan,1.1565784051393448,nan,1.1565442288489545,nan,1.0022080216893046,nan,1.0021879974858912,nan
r U n,3,-10.233418118819937,nan,-inf,nan,-19.427535413857992,nan,1.1746743848791543,nan,1.1746083818723734,nan,1.0000119942907175,nan,1.0000408504408373,nan
r W r,3,-10.91846879870352,nan,-inf,nan,-18.18574226306883,nan,1.165424653175912,nan,1.1653595352416866,nan,1.0001079486164586,nan,1.0001351711548452,nan
S c g,3,-12.790080312710991,nan,-15.392460527359312,nan,-15.381888402357097,nan,1.0791663234922853,nan,1.0791692414098968,nan,1.0030721238820364,nan,1.0030256148810042,nan
s c p,3,-10.600189262460901,nan,-11.325633902519296,nan,-11.333340664170274,nan,1.130350237556581,nan,1.1303293171738973,nan,1.0025024635856534,nan,1.0024837338026422,nan
s U g,3,-11.233159548480714,nan,-20.57073883672481,nan,-19.839754028784615,nan,1.1040527040657828,nan,1.1040454132555075,nan,1.000230255583698,nan,1.000253573761945,nan
S U g,3,-13.611782625909228,nan,-15.645950228621082,nan,-15.625948594218775,nan,1.060467224263518,nan,1.0604786610308101,nan,1.0012137874225426,nan,1.001220361080525,nan
s U k,3,-10.793739806266476,nan,-15.394562264940646,nan,-14.716515646699845,nan,1.1442411594050557,nan,1.1442068377559236,nan,1.0147717812926194,nan,1.0144324591392138,nan
s U m,3,-10.844658460734292,nan,-20.796720994973455,nan,-19.83227288188563,nan,1.1659737441125424,nan,1.1659248050816222,nan,1.0000531359039302,nan,1.000080871138592,nan
s U n,3,-10.304464728666511,nan,-inf,nan,-21.25708039328149,nan,1.2208277089365742,nan,1.2207418750145391,nan,1,1,1.0000290603515862,1.0
s U p,3,-11.421891575659139,nan,-18.82931217222075,nan,-18.117487006835294,nan,1.1116511383278138,nan,1.1116387367948106,nan,1.0004605111673959,nan,1.0004780871723036,nan
s U s,3,-10.63945169395271,nan,-inf,nan,-21.222615832975887,nan,1.151432218403621,nan,1.1513930600332125,nan,1,1,1.0000290603515862,1.0
S u T,3,-14.283741783344244,nan,-inf,nan,-18.811447271615418,nan,1.125489877122338,nan,1.1254731980043975,nan,1.0008755832223861,nan,1.0008897368669076,nan
s W l,3,-11.236243400896113,nan,-inf,nan,-17.768667861922648,nan,1.119139216362612,nan,1.1191164420164348,nan,1.000230255583698,nan,1.000253573761945,nan
s W t,3,-10.41222833829024,nan,-inf,nan,-14.394632792710233,nan,1.2492867570558583,nan,1.2491764452024445,nan,1.0027630670043748,nan,1.0027232212758905,nan
S x r,3,-11.396117192919611,nan,-12.16484327453444,nan,-12.188293623950425,nan,1.2876235530485935,nan,1.28750283081022,nan,1.002824458636029,nan,1.0027902954668713,nan
T c g,3,-12.65777297854899,nan,-15.20800952498802,nan,-15.202194511631129,nan,1.0800147301845173,nan,1.0800172835632456,nan,1.0031680782077772,nan,1.003119935595012,nan
T i D,3,-12.083359818185182,nan,-inf,nan,-22.351553981160464,nan,1.091097372167467,nan,1.09109528787185,nan,1.000059971453588,nan,1.0000880107978412,nan
t O n,3,-11.761662086562163,nan,-13.596978043414873,nan,-13.580502294465683,nan,1.1661430999262876,nan,1.1660817473910816,nan,1.001053261838353,nan,1.0010632692333428,nan
t U n,3,-9.65613104856008,nan,-inf,nan,-19.656630773463473,nan,1.204165001501138,nan,1.2040863271227717,nan,1.0002398858143524,nan,1.000264862136606,nan
T W C,3,-15.781612051380675,nan,-17.642346165112635,nan,-16.994773834442075,nan,1.0326712943179541,nan,1.032696296470636,nan,1.0002422498744155,nan,1.000265363851196,nan
T W D,3,-13.633112344883578,nan,-inf,nan,-22.317047379710345,nan,1.034832154411119,nan,1.034855703164797,nan,1.0000119942907175,nan,1.0000408504408373,nan
T W T,3,-15.553193504929705,nan,-17.08686824695838,nan,-16.452222785516266,nan,1.0297842435377418,nan,1.0298111875267983,nan,1.0016237833766028,nan,1.0016124443133483,nan
T W z,3,-14.091122372247835,nan,-15.710796408257389,nan,-15.05176419402509,nan,1.0584599196921194,nan,1.0584675763616038,nan,1.0010924243373,nan,1.0010943364432896,nan
v e r,3,-11.483662254292742,nan,-inf,nan,-16.23722315961301,nan,1.2044420446536348,nan,1.2043590534964825,nan,1.0389131936449458,nan,1.0379718267022071,nan
w U S,3,-13.406048628490531,nan,-12.666619445336247,nan,-12.680588320686356,nan,1.1297943922539655,nan,1.129777572660883,nan,1.0019125075956927,nan,1.001902700457015,nan
w U T,3,-13.27374129432853,nan,-inf,nan,-17.237228697631544,nan,1.129156761406802,nan,1.1291403706855567,nan,1.0011154690367385,nan,1.001125538651927,nan
w W D,3,-11.774770458726366,nan,-inf,nan,-18.889500889853693,nan,1.1096163763090614,nan,1.1096077921753014,nan,1.000467777337987,nan,1.0004888738323743,nan
w x r,3,-9.405467972600402,nan,-8.328395111893872,nan,-8.334844419122593,nan,1.363256181638768,nan,1.3631029619740733,nan,1.0328341740115106,nan,1.0322890987728122,nan
y c f,3,-11.368845315509368,nan,-12.547242740027052,nan,-12.547694360057026,nan,1.1726586111562305,nan,1.1726225152363043,nan,1.0012864404183135,nan,1.001289114101374,nan
y c g,3,-10.626430102065324,nan,-13.771908556326805,nan,-13.764469090105308,nan,1.1774231305419793,nan,1.1773838299963801,nan,1.0036598441271996,nan,1.003603329254302,nan
y c S,3,-12.411345324965838,nan,-13.127752720550225,nan,-13.141420869051773,nan,1.171117669942252,nan,1.1710826104625998,nan,1.001693815681779,nan,1.0016863301350856,nan
y e C,3,-12.562935689575037,nan,-inf,nan,-17.50095407887863,nan,1.1728753239558787,nan,1.172838975548146,nan,1.0008995718038214,nan,1.0009133170454094,nan
y e D,3,-10.41443598307794,nan,-inf,nan,-19.35749172134718,nan,1.1750361840490435,nan,1.174998382242307,nan,1.0008995718038214,nan,1.0009133170454094,nan
y e J,3,-12.789513141737162,nan,-13.818180804047405,nan,-13.838787623367311,nan,1.1677211412746409,nan,1.1676882595809266,nan,1.00123609919538,nan,1.0012414520297799,nan
y e S,3,-12.466824477286067,nan,-inf,nan,-17.48935898824002,nan,1.1706259040228297,nan,1.1705910685796346,nan,1.0008995718038214,nan,1.0009133170454094,nan
y i D,3,-10.052016941701517,nan,-inf,nan,-22.95071048689568,nan,1.188505772524929,nan,1.1884618343049846,nan,1.0000239885814353,nan,1.0000526405300882,nan
y i J,3,-12.427094100360737,nan,-inf,nan,-21.762739729202142,nan,1.1811907297505264,nan,1.1811517116436043,nan,1.0000239885814353,nan,1.0000526405300882,nan
y i S,3,-12.104405435909642,nan,-inf,nan,-21.08257775378852,nan,1.1840954924987153,nan,1.1840545206423123,nan,1.0000239885814353,nan,1.0000526405300882,nan
y U g,3,-11.448132415263565,nan,-12.369273231181822,nan,-12.331615988722005,nan,1.1587240313132123,nan,1.1586932496172935,nan,1.0167463939018584,nan,1.0164885266605383,nan
y u g,3,-10.467483683960063,nan,-inf,nan,-14.713842407819305,nan,1.2306897756189228,nan,1.2306262080999875,nan,1.0755520372302785,nan,1.0742948325434818,nan
y U T,3,-13.100740304002077,nan,-inf,nan,-14.481669508530462,nan,1.1517809398663217,nan,1.1517548281081869,nan,1.0165161383181605,nan,1.0162640132501797,nan
y U z,3,-11.638669171320208,nan,-12.522424223537097,nan,-11.849067235746654,nan,1.1804566160206993,nan,1.1804112169429923,nan,1.0165161383181605,nan,1.0162640132501797,nan
y x D,3,-9.629748175340913,nan,-13.430409429665723,nan,-13.430205855883907,nan,1.2518716103861072,nan,1.2517988042489967,nan,1.0040090160959472,nan,1.0039682816190845,nan
z e C,3,-13.132207433376834,nan,-inf,nan,-26.914964386288652,nan,1.0671751621930028,nan,1.0671842304696175,nan,1,1,1.0000290603515862,1.0
z e D,3,-10.983707726879736,nan,-inf,nan,-28.771502028757197,nan,1.0693360222861676,nan,1.0693436371637783,nan,1,1,1.0000290603515862,1.0
z e S,3,-13.036096221087863,nan,-inf,nan,-26.903369295650037,nan,1.0649257422599538,nan,1.064936323501106,nan,1,1,1.0000290603515862,1.0
z i C,3,-12.76978839200041,nan,-17.98336379656306,nan,-17.97789401787723,nan,1.0806447506688883,nan,1.0806476825322953,nan,1.0006730547831169,nan,1.000685330320327,nan
z i D,3,-10.621288685503313,nan,-inf,nan,-24.497870754457843,nan,1.0828056107620532,nan,1.082807089226456,nan,1,1,1.0000290603515862,1.0
z i T,3,-12.54136984554944,nan,-18.533196115761044,nan,-18.519386841791242,nan,1.077757699888676,nan,1.0777625735884575,nan,1.0005667829752565,nan,1.0005817087463154,nan
z u f,3,-11.779170641205905,nan,-inf,nan,-25.553450320542957,nan,1.120225094470298,nan,1.1202101482613833,nan,1.0000119942907175,nan,1.0000408504408373,nan
z u g,3,-11.036755427761861,nan,-inf,nan,-26.517339530078292,nan,1.124989613856047,nan,1.124971463021459,nan,1.0000119942907175,nan,1.0000408504408373,nan
z u T,3,-12.689363316500373,nan,-inf,nan,-25.72295407072031,nan,1.1180465224091563,nan,1.1180330415123523,nan,1.0000119942907175,nan,1.0000408504408373,nan
