word,word_len,uni_prob,uni_prob_freq_weighted,bi_prob,bi_prob_freq_weighted,bi_prob_smoothed,bi_prob_freq_weighted_smoothed,pos_uni_score,pos_uni_score_freq_weighted,pos_uni_score_smoothed,pos_uni_score_freq_weighted_smoothed,pos_bi_score,pos_bi_score_freq_weighted,pos_bi_score_smoothed,pos_bi_score_freq_weighted_smoothed
f u T,3,-13.241241773887772,nan,-15.889929493146779,nan,-15.849661704205277,nan,1.1080004563204386,nan,1.1079909908607444,nan,1.000419685946157,nan,1.0004435615769784,nan
g i T,3,-12.350833089492795,nan,-13.395328122818094,nan,-13.408463571426468,nan,1.0947328261312281,nan,1.0947325988560925,nan,1.0009232281626663,nan,1.000934640361401,nan
z i T,3,-12.54136984554944,nan,-15.251419352904582,nan,-15.257257665244193,nan,1.0741027459332837,nan,1.0741110226777555,nan,1.000517922855962,nan,1.0005373528759567,nan
y c g,3,-10.626430102065324,nan,-13.237726181203984,nan,-13.231471662286273,nan,1.1391674039744324,nan,1.139144225472064,nan,1.0031729804301692,nan,1.003118732068565,nan
l X z,3,-11.706210070224682,nan,-13.387433527638587,nan,-13.369192218500258,nan,1.0700879585186895,nan,1.070095676253865,nan,1.0001411045627557,nan,1.0001725384523308,nan
J Y p,3,-13.810916687795384,nan,-16.61336418389472,nan,-15.972654594233138,nan,1.0506673585347721,nan,1.0506826556880993,nan,1.0019612271755463,nan,1.0019366369104623,nan
C x z,3,-12.347519625639805,nan,-12.160336235714448,nan,-12.192082948193166,nan,1.1367534128573191,nan,1.1367224390316217,nan,1.004752287129245,nan,1.0046431388092099,nan
C e J,3,-15.049274564671798,nan,-14.026927076755062,nan,-14.083106606503673,nan,1.0592166335781523,nan,1.0592316345555939,nan,1.0015710980896473,nan,1.001570376448422,nan
z i S,3,-12.67367717971144,nan,-15.452947470711495,nan,-15.445251515216556,nan,1.075444185600953,nan,1.0754513603563771,nan,1.0003015616192412,nan,1.0003275465272166,nan
z u v,3,-12.124527904298475,nan,-16.49864853726971,nan,-16.37839568200167,nan,1.1202722946388601,nan,1.1202518817797733,nan,1.0014189799715763,nan,1.0014112584742547,nan
D Y p,3,-11.435839529136164,nan,-15.363166663064337,nan,-15.08752043832061,nan,1.1095081238336966,nan,1.1094991659663442,nan,1.0019612271755463,nan,1.0019366369104623,nan
s X k,3,-10.900572189454358,nan,-13.02034629988216,nan,-13.014040059914464,nan,1.1365969265120948,nan,1.1365583842213889,nan,1.002001941527541,nan,1.0019840526566537,nan
b X s,3,-11.361420245159024,nan,-11.569586549663873,nan,-11.572132064901632,nan,1.1099886153717704,nan,1.1099668416305004,nan,1.0017738878757032,nan,1.0017643775484315,nan
T x z,3,-12.119101079188834,nan,-12.43107022615204,nan,-12.445621860908886,nan,1.1409315195781022,nan,1.1408988234759456,nan,1.004752287129245,nan,1.0046431388092099,nan
S c G,3,-13.47224000337206,nan,-14.406635533361467,nan,-14.381271769933042,nan,1.0700249388609127,nan,1.0700298811124334,nan,1.0010777738471006,nan,1.0010811242539666,nan
J e J,3,-15.275852016833923,nan,-15.054627974496647,nan,-15.092319910646196,nan,1.060518900608007,nan,1.0605333647720063,nan,1.0007325353861212,nan,1.0007484023406066,nan
D x z,3,-10.199019919142708,nan,-8.297429386532341,nan,-8.307898200109273,nan,1.1968964451860982,nan,1.1968406795262791,nan,1.0279944500619782,nan,1.0274255211641656,nan
S Y p,3,-13.488228023344288,nan,-14.579735823271562,nan,-14.524284015582602,nan,1.0509495163912406,nan,1.0509646972349889,nan,1.0019891792656637,nan,1.0019640360473894,nan
n W C,3,-13.200309342827959,nan,-13.262838756488,nan,-13.278436715686773,nan,1.0495029550508734,nan,1.0495246587140477,nan,1.003553947781431,nan,1.003516958286162,nan
l W C,3,-13.7109776906136,nan,-14.160238362007506,nan,-14.164841608036024,nan,1.051814479028865,nan,1.0518352298481801,nan,1.0001996969673264,nan,1.0002290618548997,nan
S c d,3,-12.40940486579596,nan,-16.054663890055046,nan,-16.00448475869931,nan,1.1088185086049573,nan,1.1087915820441843,nan,1.0002339650238894,nan,1.0002628794938802,nan
g i J,3,-12.80582908810589,nan,-14.804735993625144,nan,-14.76556329221674,nan,1.0938024728133287,nan,1.0938030098209195,nan,1.0004688695655526,nan,1.0004940470290467,nan
C u T,3,-14.379852995633215,nan,-14.716660401548866,nan,-14.75407727635883,nan,1.093675518992039,nan,1.0936719584802053,nan,1.000908847523214,nan,1.0009230464732042,nan
D i g,3,-10.430751929446668,nan,-13.943593146931786,nan,-13.926903663411123,nan,1.1356894188942614,nan,1.1356667210259677,nan,1.0007045832960038,nan,1.0007210032036793,nan
w u T,3,-12.29309256302503,nan,-14.551870463842723,nan,-14.546934367911444,nan,1.1573672289771715,nan,1.157337413814587,nan,1.0007551110275674,nan,1.0007723512201046,nan
T c T,3,-14.310380867287503,nan,-17.241525980468186,nan,-17.16299959005693,nan,1.0580358733403887,nan,1.0580517261258588,nan,1.0001956646308228,nan,1.000226474161828,nan
g u T,3,-12.498826560443728,nan,-17.4692242557478,nan,-17.204216049373194,nan,1.1265143525948693,nan,1.1264972554374109,nan,1.0002519734054518,nan,1.0002791667554154,nan
f X s,3,-12.082407145112638,nan,-12.946340985674334,nan,-12.938030555619147,nan,1.0884143915771813,nan,1.0884015110452643,nan,1.001298702343705,nan,1.0012985922206694,nan
J Y m,3,-13.233683572870538,nan,-15.577651264138737,nan,-14.93773906659649,nan,1.104389853612554,nan,1.1043610178819294,nan,1.0019395910518742,nan,1.0019156562755882,nan
n X z,3,-11.19554172243904,nan,-14.890162169421762,nan,-14.834433622752384,nan,1.067776434540698,nan,1.0677851051197325,nan,1.000127128517697,nan,1.0001588388838671,nan
m X n,3,-10.616503878635976,nan,-13.733766168647783,nan,-13.695728112311198,nan,1.1613819581505835,nan,1.161314726970662,nan,1.0026675591781118,nan,1.002621716794894,nan
C u S,3,-14.512160329795215,nan,-14.918188519355779,nan,-14.947518032593324,nan,1.0950169586597083,nan,1.095012296158827,nan,1.0010819365125905,nan,1.0010908915521963,nan
S e J,3,-14.953163352382829,nan,-14.50854770869855,nan,-14.553767549364196,nan,1.0608010584644754,nan,1.060815406318896,nan,1.0008163916564738,nan,1.000830599751388,nan
T x S,3,-13.713479546032705,nan,-15.143586324418548,nan,-15.16379421214876,nan,1.1266300418308555,nan,1.1266090943538667,nan,1.0004034262711563,nan,1.0004260311995334,nan
v e D,3,-11.880943447359707,nan,-19.19110097379223,nan,-19.050290867337377,nan,1.0723135143227838,nan,1.072317263227491,nan,1.0000865444946883,nan,1.0001186027428337,nan
C x S,3,-13.941898092483676,nan,-14.872852333980957,nan,-14.91025529943304,nan,1.1224519351100724,nan,1.1224327099095428,nan,1.0004034262711563,nan,1.0004260311995334,nan
n c T,3,-11.72907815873479,nan,-15.344973559234532,nan,-15.288886409794044,nan,1.0794147570804997,nan,1.079421797178633,nan,1.0038294363461029,nan,1.0037883619623622,nan
s X p,3,-11.52872395884702,nan,-13.178413919013312,nan,-13.17036395444804,nan,1.0891056350518729,nan,1.0891061067282526,nan,1.0016341274251155,nan,1.0016273818637955,nan
D i D,3,-10.163278658139056,nan,-14.329828348416498,nan,-14.307542549542303,nan,1.1354081492865242,nan,1.1353856824804502,nan,1.0010723973984292,nan,1.0010776739965375,nan
S c g,3,-12.790080312710991,nan,-15.224015761103393,nan,-15.196085395337532,nan,1.0690945855430132,nan,1.0691002920772603,nan,1.0026139386278183,nan,1.0025707493300213,nan
C i S,3,-14.364166858844278,nan,-15.891909753833152,nan,-15.901083697663951,nan,1.063235432196067,nan,1.0632476395775086,nan,1.0006369867006517,nan,1.0006563361703429,nan
g i D,3,-10.430751929446668,nan,-12.609370920519385,nan,-12.610205518427334,nan,1.1081039505605754,nan,1.1080927389429984,nan,1.0012261338940756,nan,1.001228369249637,nan
T c S,3,-14.442688201449503,nan,-14.681894071858936,nan,-14.684108227791295,nan,1.059377313008058,nan,1.0593920638044805,nan,1.0008231122173132,nan,1.0008349125731744,nan
z u T,3,-12.689363316500373,nan,-17.259041654529103,nan,-17.149017279017276,nan,1.1058842723969249,nan,1.1058756792590738,nan,1.000293901540628,nan,1.000320265460806,nan
S Y m,3,-12.910994908419442,nan,-13.544022903515579,nan,-13.489368487945955,nan,1.1046720114690225,nan,1.104643059428819,nan,1.0019675431419917,nan,1.0019430554125153,nan
D x v,3,-11.09625563962268,nan,-8.278990193498945,nan,-8.299662614077281,nan,1.1956415500131174,nan,1.195586815246278,nan,1.0245110341507728,nan,1.0240476389494497,nan
t W C,3,-12.886962628007726,nan,-14.298682934732533,nan,-14.304622137451053,nan,1.0699485474195887,nan,1.0699618231117263,nan,1.0005490980937957,nan,1.0005715510664894,nan
g Y b,3,-11.536009086755778,nan,-15.086461347611788,nan,-15.003015570064386,nan,1.0833939119097122,nan,1.0833952316599278,nan,1.0030173648989746,nan,1.0029621003262172,nan
r c S,3,-12.125325848336413,nan,-13.320258296655092,nan,-13.343795351217421,nan,1.0749611084653166,nan,1.0749694353942185,nan,1.0012703456591938,nan,1.0012732987640092,nan
d X s,3,-10.959316484753565,nan,-11.708677171716738,nan,-11.710961832787246,nan,1.1076770913937786,nan,1.107656270496368,nan,1.0013546065239403,nan,1.0013533904945238,nan
S c z,3,-12.980617068767634,nan,-14.365270960745859,nan,-14.335237314037391,nan,1.0710851089208446,nan,1.0710891802455376,nan,1.000125784405529,nan,1.00015797631951,nan
y c d,3,-10.245754655150295,nan,-14.068374310155637,nan,-14.03987102564805,nan,1.1788913270363766,nan,1.178835515438988,nan,1.0007930068262403,nan,1.0008108622324239,nan
J u S,3,-14.73873778195734,nan,-14.383150459190999,nan,-14.422720947999474,nan,1.0963192256895629,nan,1.0963140263752393,nan,1.0011098886027079,nan,1.0011182906891236,nan
h u S,3,-12.636222964113202,nan,-13.330404893256242,nan,-13.338391644834244,nan,1.1479215567475465,nan,1.1478950862005906,nan,1.0024515889283498,nan,1.0024334492616285,nan
g u S,3,-12.631133894605728,nan,-17.67075237355471,nan,-17.397656805607692,nan,1.1278557922625385,nan,1.1278375931160325,nan,1.0004250623948283,nan,1.0004470118344075,nan
y X z,3,-11.745501554508088,nan,-9.475621887485472,nan,-9.48118654916793,nan,1.113876687397546,nan,1.1138663547807401,nan,1.0110284436635368,nan,1.0108445022854702,nan
C e g,3,-12.94167067732019,nan,-14.23276445514577,nan,-14.256617418683275,nan,1.0737993809331363,nan,1.0738024022231902,nan,1.0013331007292545,nan,1.0013395894648078,nan
z i J,3,-12.996365844162534,nan,-16.660827223711635,nan,-16.614357386034463,nan,1.0731723926153842,nan,1.0731814336425824,nan,1.0000635642588482,nan,1.0000967595436023,nan
m u S,3,-12.242632806859309,nan,-13.897173686471413,nan,-13.905355286149781,nan,1.1230048475763308,nan,1.1229886480598954,nan,1.002507493108585,nan,1.0024882475354828,nan
D Y m,3,-10.858606414211316,nan,-14.327453743308356,nan,-14.052604910683963,nan,1.1632306189114785,nan,1.1631775281601744,nan,1.0019395910518742,nan,1.0019156562755882,nan
J e g,3,-13.168248129482315,nan,-15.260465352887355,nan,-15.265830722825799,nan,1.075101647962991,nan,1.0751041324396027,nan,1.0004945380257284,nan,1.0005176153569924,nan
f u v,3,-12.676406361685874,nan,-15.129536375887387,nan,-15.079040107189668,nan,1.122388478562374,nan,1.1223671933814439,nan,1.0015447643771052,nan,1.001534554590427,nan
v X n,3,-12.09277744291901,nan,-11.990152553803014,nan,-12.007149583714419,nan,1.132189472231346,nan,1.1321342746194119,nan,1.002821295673758,nan,1.0027724120479937,nan
g i C,3,-12.579251635943764,nan,-12.635728933958973,nan,-12.66334603844365,nan,1.0989085979999402,nan,1.0989049403395437,nan,1.0015506757491568,nan,1.0015430787727473,nan
C i D,3,-12.311778364636153,nan,-14.904424433727533,nan,-14.914831794692455,nan,1.0752651169577452,nan,1.0752674419857928,nan,1.0011562536687817,nan,1.001159871407319,nan
C Y z,3,-13.586143964511477,nan,-14.739510359153583,nan,-14.715826465831848,nan,1.050814711790947,nan,1.0508293548985845,nan,1.0001298167420325,nan,1.0001605640125817,nan
d c T,3,-12.27709753163396,nan,-15.009082308816739,nan,-14.95348923593754,nan,1.0874454037646022,nan,1.0874491335131777,nan,1.0021942390742267,nan,1.002185512452122,nan
y X v,3,-12.642737274988058,nan,-11.110160695598246,nan,-11.085747310014284,nan,1.1126217922245654,nan,1.112612490500739,nan,1.011136624281897,nan,1.0109494054598402,nan
z i g,3,-10.888761956810924,nan,-14.079226949121162,nan,-14.078360726113878,nan,1.0877551399703682,nan,1.0877522013101788,nan,1.0004530144849457,nan,1.0004744109713346,nan
S e g,3,-12.845559465031219,nan,-14.714385087089259,nan,-14.727278361543798,nan,1.0753838058194594,nan,1.0753861739864923,nan,1.000578394296081,nan,1.0005998127677738,nan
C e D,3,-12.674197406012576,nan,-16.00672597261311,nan,-15.936898548873138,nan,1.073518111325399,nan,1.0735213636776728,nan,1.001246556234566,nan,1.0012556669253119,nan
n W T,3,-12.97189079637699,nan,-12.362203139627747,nan,-12.392304075887095,nan,1.0453271831821613,nan,1.0453523172305965,nan,1.0044626649756585,nan,1.0043981449508705,nan
T x J,3,-14.0361682104838,nan,-17.21848576028606,nan,-17.153386685903214,nan,1.1243582488452868,nan,1.124339167640072,nan,1.000100520539747,nan,1.0001323023112973,nan
T c g,3,-12.65777297854899,nan,-14.727294224568913,nan,-14.709096896751607,nan,1.0716882673774732,nan,1.0716929047582822,nan,1.0026838188531122,nan,1.0026392471723393,nan
n c G,3,-10.758629960657345,nan,-12.013361575593333,nan,-12.02017009108423,nan,1.0939975044354837,nan,1.0939925648462294,nan,1.0047814257876746,nan,1.0047115098968187,nan
s X n,3,-10.411297111854394,nan,-12.070602737123055,nan,-12.068179352376543,nan,1.1817298804920597,nan,1.1816542616021095,nan,1.0034082895662264,nan,1.0033477939234645,nan
s X d,3,-10.959316484753565,nan,-12.344584033695671,nan,-12.341852533181282,nan,1.128288655022015,nan,1.128256937953797,nan,1.0015475829304272,nan,1.0015434593242996,nan
J e D,3,-12.900774858174701,nan,-17.034426870354697,nan,-16.94611185301566,nan,1.0748203783552537,nan,1.0748230938940853,nan,1.00040799353104,nan,1.0004336928174964,nan
b c T,3,-12.67920129203942,nan,-14.294535634319232,nan,-14.241688954500814,nan,1.089756927742594,nan,1.0897597046473102,nan,1.0032983466338696,nan,1.0032677783607458,nan
y x z,3,-10.087758202705169,nan,-10.322580816919823,nan,-10.329870159803678,nan,1.2084106561750614,nan,1.2083501441897275,nan,1.007281951284882,nan,1.0071227607011202,nan
y c T,3,-12.279037990803838,nan,-15.751957937103255,nan,-15.685374355591598,nan,1.1255150099373479,nan,1.1255030468396408,nan,1.0006848262078798,nan,1.0007059590580538,nan
k X n,3,-10.565585224168158,nan,-13.17015431971263,nan,-13.150894898838878,nan,1.1652127936634056,nan,1.1651439833572759,nan,1.0027793675385819,nan,1.002731313342603,nan
D i C,3,-12.311778364636153,nan,-14.356186361856086,nan,-14.36068306955862,nan,1.126212796725889,nan,1.1261978838769955,nan,1.0013969392535105,nan,1.0013923835196477,nan
D x S,3,-11.793398385986578,nan,-11.00994548479885,nan,-11.026070551349147,nan,1.1825949674388514,nan,1.1825509504042002,nan,1.0236455892038896,nan,1.0232084135544892,nan
C x J,3,-14.26458675693477,nan,-16.94775176984847,nan,-16.899847773187496,nan,1.1201801421245037,nan,1.1201627831957481,nan,1.000100520539747,nan,1.0001323023112973,nan
z u S,3,-12.821670650662373,nan,-17.460569772336008,nan,-17.342458035251774,nan,1.107225712064594,nan,1.1072160169376954,nan,1.0004669905300045,nan,1.0004881105397982,nan
n c d,3,-9.695794823081245,nan,-13.661389932286916,nan,-13.643383079850498,nan,1.1327910741795284,nan,1.1327542657779803,nan,1.0039376169644634,nan,1.0038932651367323,nan
y x J,3,-12.004825334000135,nan,-15.109996351053844,nan,-15.037634984798007,nan,1.191837385442246,nan,1.191790488353854,nan,1.0026301846953842,nan,1.0026119242032077,nan
p u S,3,-12.819865921784157,nan,-13.998027846945647,nan,-14.00757022640626,nan,1.1129231303202074,nan,1.1129110866345007,nan,1.0012356730082368,nan,1.001241586805296,nan
y X p,3,-11.743696825629872,nan,-10.26990524526412,nan,-10.274028423910021,nan,1.1124270671115166,nan,1.1124179253538424,nan,1.0118506163630758,nan,1.0116417664106825,nan
D Y v,3,-12.33487997849435,nan,-16.156629951891706,nan,-15.876933566910573,nan,1.1097028489467453,nan,1.109693731113241,nan,1.0007928764972538,nan,1.0008036826272657,nan
s X t,3,-10.097950397034161,nan,-11.760866856350022,nan,-11.75812319047962,nan,1.2150927831944116,nan,1.2149897567704084,nan,1.003018839340129,nan,1.0029701424957322,nan
y c G,3,-11.308589792726394,nan,-12.420345953462057,nan,-12.416658036881785,nan,1.1400977572923319,nan,1.140073814507237,nan,1.0016368156494515,nan,1.0016291069925103,nan
z i C,3,-12.76978839200041,nan,-14.49182016404546,nan,-14.512140132261374,nan,1.0782785178019958,nan,1.0782833641612066,nan,1.0011453704424524,nan,1.001145791287303,nan
S Y v,3,-14.387268472702477,nan,-15.373199112098929,nan,-15.313697144172567,nan,1.0511442415042893,nan,1.0511592623818857,nan,1.0008208285873712,nan,1.0008310817641928,nan
D i S,3,-12.215667152347184,nan,-15.317313668522116,nan,-15.293794452513799,nan,1.1233784645248461,nan,1.123365880072166,nan,1.0005531304302993,nan,1.0005741387595612,nan
S c S,3,-14.574995535611503,nan,-15.178615608393416,nan,-15.17109672637722,nan,1.0567836311735979,nan,1.0567994511234586,nan,1.0007532319920194,nan,1.0007664147308564,nan
f X t,3,-11.434073465006207,nan,-12.089226317960431,nan,-12.084630358151522,nan,1.1810819092647125,nan,1.1809929026184316,nan,1.0026834142587184,nan,1.0026413528526061,nan
g i S,3,-12.483140423654795,nan,-13.596856240625003,nan,-13.59645742139883,nan,1.0960742657988973,nan,1.0960729365347142,nan,1.0007068669259456,nan,1.0007248340126609,nan
C u v,3,-13.815017583431313,nan,-13.956267284289474,nan,-13.983455679343221,nan,1.1080635412339743,nan,1.1080481610009048,nan,1.0020339259541622,nan,1.0020140394866528,nan
t X t,3,-9.449616716927729,nan,-10.475286415893478,nan,-10.481834650323028,nan,1.2127595547659225,nan,1.2126574901326692,nan,1.0039831864491842,nan,1.0039154127197203,nan
S X z,3,-13.909151765153755,nan,-12.439085012189969,nan,-12.459336853206699,nan,1.0438038689661269,nan,1.0438224213859364,nan,1.0005603859145187,nan,1.0005835255062385,nan
S x J,3,-14.1684755446458,nan,-17.01928618937787,nan,-16.965246509431875,nan,1.1217645670108267,nan,1.1217465549590502,nan,1.0002961851705698,nan,1.0003240962697875,nan
S u T,3,-14.283741783344244,nan,-14.329626463337314,nan,-14.366310947720303,nan,1.0952599438783623,nan,1.0952557302435073,nan,1.001146440289213,nan,1.0011559391370852,nan
s X l,3,-10.921965459640035,nan,-12.325422379971391,nan,-12.323742411698326,nan,1.1165618759917462,nan,1.1165397924406855,nan,1.0023697556299664,nan,1.002340723449512,nan
g u v,3,-11.93399114824183,nan,-16.708831138488407,nan,-16.43359445235759,nan,1.1409023748368046,nan,1.1408734579581106,nan,1.0013770518364,nan,1.001370159768864,nan
w u v,3,-11.728257150823133,nan,-13.791477346583331,nan,-13.776312770895833,nan,1.1717552512191067,nan,1.1717136163352868,nan,1.0018801894585156,nan,1.0018633442335532,nan
C Y b,3,-13.417035521945262,nan,-14.82753782316961,nan,-14.817240677223866,nan,1.050555078306882,nan,1.0505699347027222,nan,1.002877604448387,nan,1.0028251046415813,nan
z u b,3,-11.05818374125229,nan,-17.355747958179062,nan,-17.226624389710807,nan,1.1212675563277759,nan,1.121246325863912,nan,1.0015487967136087,nan,1.0015371422834989,nan
J Y z,3,-13.812721416673602,nan,-17.163300015607348,nan,-16.507799109224003,nan,1.0521169788208016,nan,1.052131085114997,nan,1.0001437927870913,nan,1.0001742635810453,nan
D x d,3,-9.627807716171034,nan,-9.3671660720094,nan,-9.373066601267045,nan,1.2346298448702109,nan,1.2345430813249259,nan,1.025333206850312,nan,1.0248449030746623,nan
f u S,3,-13.373549108049772,nan,-16.09145761095369,nan,-16.043102460439773,nan,1.1093418959881078,nan,1.109331328539366,nan,1.0005927749355334,nan,1.0006114066559706,nan
S c T,3,-14.442688201449503,nan,-17.738247517002666,nan,-17.649988088642854,nan,1.0554421915059287,nan,1.055459113444837,nan,1.000125784405529,nan,1.00015797631951,nan
l W T,3,-13.482559144162629,nan,-13.259602745147253,nan,-13.278708968236346,nan,1.047638707160153,nan,1.047662888364729,nan,1.0011084141615538,nan,1.0011102485196082,nan
D Y b,3,-11.268535815448166,nan,-16.00112995879299,nan,-15.724079164703491,nan,1.110698110635661,nan,1.1106881751973796,nan,1.0028915804934457,nan,1.002838804210045,nan
S Y b,3,-13.320924309656291,nan,-15.217699119000216,nan,-15.160842741965483,nan,1.052139503193205,nan,1.0521537064660242,nan,1.0029195325835631,nan,1.002866203346972,nan
z i D,3,-10.621288685503313,nan,-14.465462150605875,nan,-14.458999612245059,nan,1.087473870362631,nan,1.0874711627646614,nan,1.0008208285873712,nan,1.0008310817641928,nan
s X m,3,-10.951490843922175,nan,-13.316276326398894,nan,-13.300977359022042,nan,1.1428281301296548,nan,1.1427844689220827,nan,1.0007903186019043,nan,1.0008091371037091,nan
h x s,3,-9.687337649373145,nan,-8.877203644165295,nan,-8.885937882357906,nan,1.2215280211141353,nan,1.2214490581154762,nan,1.02090054415161,nan,1.0204510200712387,nan
T X z,3,-13.776844430991755,nan,-13.818495515649149,nan,-13.775942281495832,nan,1.046397550800587,nan,1.0464150340669582,nan,1.000183032697932,nan,1.0002136371577217,nan
y x S,3,-11.682136669549038,nan,-13.035096915186331,nan,-13.048042511043551,nan,1.1941091784278146,nan,1.1940604150676486,nan,1.0029330904267935,nan,1.0029056530914437,nan
g c T,3,-12.65777297854899,nan,-13.978234215570007,nan,-13.926155560778358,nan,1.0866966002224359,nan,1.0867006386387406,nan,1.0053248731673912,nan,1.0052542157879667,nan
n W d,3,-10.938607460723444,nan,-12.844079875436844,nan,-12.83708446105354,nan,1.09870350028119,nan,1.0986847858299438,nan,1.003835217389168,nan,1.0037897065395243,nan
S u v,3,-13.718906371142342,nan,-13.569233346077922,nan,-13.595689350704694,nan,1.1096479661202976,nan,1.109631932764207,nan,1.0022715187201612,nan,1.0022469321505338,nan
k X m,3,-11.10577895623594,nan,-14.415827908988469,nan,-14.383692905484377,nan,1.1263110433010006,nan,1.126274190677249,nan,1.0001613965742597,nan,1.0001926565228476,nan
D x g,3,-10.008483163086066,nan,-9.789964205054247,nan,-9.798447755488343,nan,1.1949059218082667,nan,1.194851791358002,nan,1.0246192147691333,nan,1.0241525421238198,nan
y c S,3,-12.411345324965838,nan,-13.192326028494007,nan,-13.206482993325961,nan,1.126856449605017,nan,1.1268433845182624,nan,1.0013122737943703,nan,1.0013143974694,nan
C X z,3,-14.005262977442726,nan,-13.461483017437581,nan,-13.467343591597084,nan,1.0422194440798038,nan,1.0422386496226343,nan,1.0002668889682846,nan,1.0002958345685031,nan
D i T,3,-12.083359818185183,nan,-15.115785550715207,nan,-15.105800602541438,nan,1.122037024857177,nan,1.1220255423935444,nan,1.00076949166702,nan,1.0007839451083014,nan
s X z,3,-11.530528687725239,nan,-12.384130561234665,nan,-12.37752207970595,nan,1.0905552553379023,nan,1.0905545361551503,nan,1.0008119547255765,nan,1.0008301177385832,nan
S e D,3,-12.578086193723607,nan,-16.4883466045566,nan,-16.40755949173366,nan,1.0751025362117221,nan,1.0751051354409749,nan,1.0004918498013926,nan,1.0005158902282778,nan
d Y z,3,-11.324442082406962,nan,-12.817280940343936,nan,-12.80608688748764,nan,1.0844023489359436,nan,1.0844031467302273,nan,1.001541397292968,nan,1.0015442204274045,nan
b A p,3,-11.269798377784262,nan,-10.224571528610095,nan,-10.236456364034249,nan,1.107192667325115,nan,1.107182063360984,nan,1.004365772178021,nan,1.0043052162162496,nan
b i l,3,-10.30162704221615,nan,-10.546433490463237,nan,-10.553604323055412,nan,1.139442691720146,nan,1.139406987950898,nan,1.0064007815863785,nan,1.0062710788536058,nan
b i s,3,-10.125945659716708,nan,-10.501549052544926,nan,-10.507436816991794,nan,1.1453060812352804,nan,1.1452655607074536,nan,1.0038260828694006,nan,1.0037743833035984,nan
b X s,3,-11.361420245159024,nan,-11.569586549663873,nan,-11.572132064901632,nan,1.1099886153717704,nan,1.1099668416305004,nan,1.0017738878757032,nan,1.0017643775484315,nan
b Y s,3,-10.942301232227775,nan,-10.147612042312696,nan,-10.156176842164077,nan,1.1185838830829136,nan,1.1185575469064506,nan,1.0046943463696059,nan,1.0046225134324314,nan
b x l,3,-9.879358275855546,nan,-9.21782123782655,nan,-9.227235687670467,nan,1.1986591946341512,nan,1.1985920582829321,nan,1.0061767466636096,nan,1.0060776359341965,nan
C A l,3,-12.52263800027633,nan,-14.870048972983849,nan,-14.842803474447768,nan,1.0987497471419996,nan,1.0987313861076413,nan,1.0002339650238894,nan,1.0002628794938802,nan
C i D,3,-12.311778364636153,nan,-14.904424433727533,nan,-14.914831794692455,nan,1.0752651169577452,nan,1.0752674419857928,nan,1.0011562536687817,nan,1.001159871407319,nan
C i n,3,-11.650556816129564,nan,-13.217259339088884,nan,-13.231993101243836,nan,1.1687115350974713,nan,1.1686370941465467,nan,1.002238059852386,nan,1.0022089031510197,nan
C X J,3,-15.922330108737691,nan,-17.89627592483782,nan,-17.546821870233508,nan,1.0256461733469884,nan,1.0256789937867608,nan,1.0002236167209404,nan,1.0002538732987551,nan
C X g,3,-13.814726221386081,nan,-17.753062284400453,nan,-17.548482425486448,nan,1.0402289207019724,nan,1.040249761454357,nan,1.0002236167209404,nan,1.0002538732987551,nan
C X T,3,-15.467334110124597,nan,-17.12392576793967,nan,-16.98196023264741,nan,1.0265765266648879,nan,1.0266085828219338,nan,1.0002668889682846,nan,1.0002958345685031,nan
C x J,3,-14.26458675693477,nan,-16.94775176984847,nan,-16.899847773187496,nan,1.1201801421245037,nan,1.1201627831957481,nan,1.000100520539747,nan,1.0001323023112973,nan
C x n,3,-11.22828804976896,nan,-10.731195058053855,nan,-10.760571104134845,nan,1.2279280380114765,nan,1.227822164478581,nan,1.0276865782216529,nan,1.0268826117756618,nan
C x S,3,-13.941898092483676,nan,-14.872852333980957,nan,-14.91025529943304,nan,1.1224519351100724,nan,1.1224327099095428,nan,1.0004034262711563,nan,1.0004260311995334,nan
C x C,3,-14.038009304772645,nan,-14.006035706786164,nan,-14.060210515176472,nan,1.1252862673111153,nan,1.1252647137143723,nan,1.001355415712728,nan,1.00134917913399,nan
d i k,3,-9.878130011625014,nan,-11.744845766194379,nan,-11.748784266455075,nan,1.1571662182625029,nan,1.1571150085974689,nan,1.0034772302737462,nan,1.0034133235211582,nan
d i s,3,-9.723841899311248,nan,-11.504404949358099,nan,-11.507325680114928,nan,1.1429945572572886,nan,1.142954989573321,nan,1.0016597958852913,nan,1.0016509501917412,nan
d i t,3,-9.075508219204817,nan,-9.995319405259592,nan,-10.00035978884623,nan,1.2356620749448197,nan,1.2355463811464884,nan,1.0037801360051555,nan,1.0037070524093945,nan
d E p,3,-11.268978068477736,nan,-15.25587077851789,nan,-15.21016259850082,nan,1.1049090954372407,nan,1.1048994294797811,nan,1.0009682491165721,nan,1.0009753585152392,nan
d X s,3,-10.959316484753565,nan,-11.708677171716738,nan,-11.710961832787246,nan,1.1076770913937786,nan,1.107656270496368,nan,1.0013546065239403,nan,1.0013533904945238,nan
D i D,3,-10.163278658139056,nan,-14.329828348416498,nan,-14.307542549542303,nan,1.1354081492865242,nan,1.1353856824804502,nan,1.0010723973984292,nan,1.0010776739965375,nan
D i g,3,-10.430751929446668,nan,-13.943593146931786,nan,-13.926903663411123,nan,1.1356894188942614,nan,1.1356667210259677,nan,1.0007045832960038,nan,1.0007210032036793,nan
D i C,3,-12.311778364636153,nan,-14.356186361856086,nan,-14.36068306955862,nan,1.126212796725889,nan,1.1261978838769955,nan,1.0013969392535105,nan,1.0013923835196477,nan
d I J,3,-12.302305818200619,nan,-13.78969931123109,nan,-13.792803320385229,nan,1.089212427143045,nan,1.089215489385742,nan,1.0055624659333902,nan,1.005487108451848,nan
d I D,3,-9.927228659541395,nan,-10.90336333698798,nan,-10.910396814360197,nan,1.1035139048902918,nan,1.103505218507821,nan,1.010711863367346,nan,1.0104804995518626,nan
d Y p,3,-11.322637353528744,nan,-12.26734510863131,nan,-12.270942372496776,nan,1.082952728649914,nan,1.0829547173033296,nan,1.003358831681423,nan,1.0033065937568215,nan
d Y t,3,-9.891863791715885,nan,-10.613448003298792,nan,-10.616481910153334,nan,1.2089398767924528,nan,1.2088383673454854,nan,1.0058037136563684,nan,1.0056774054975848,nan
d I T,3,-11.847309819587522,nan,-13.174534737855351,nan,-13.185382068380338,nan,1.0901427804609445,nan,1.090145078420915,nan,1.0055624659333902,nan,1.005487108451848,nan
d I Z,3,-16.701681091209114,nan,-inf,nan,-18.379917769725335,nan,1.0877411707333433,nan,1.0877454416091892,nan,1.0055624659333902,nan,1.005487108451848,nan
f i k,3,-11.001220671984088,nan,-12.39774724123143,nan,-12.405158281604853,nan,1.1379035184459056,nan,1.1378602491463652,nan,1.0039803678958619,nan,1.0039065079858476,nan
f i s,3,-10.846932559670321,nan,-12.157306424395152,nan,-12.163699695264706,nan,1.1237318574406914,nan,1.1237002301222174,nan,1.002162933507407,nan,1.0021441346564306,nan
f X s,3,-12.082407145112638,nan,-12.946340985674334,nan,-12.938030555619147,nan,1.0884143915771813,nan,1.0884015110452643,nan,1.001298702343705,nan,1.0012985922206694,nan
f X t,3,-11.434073465006207,nan,-12.089226317960431,nan,-12.084630358151522,nan,1.1810819092647125,nan,1.1809929026184316,nan,1.0026834142587184,nan,1.0026413528526061,nan
f Y k,3,-11.817576244495156,nan,-11.196077134424588,nan,-11.206143279324454,nan,1.1111813202935388,nan,1.1111522353453622,nan,1.006812416466963,nan,1.0066511403453617,nan
f x l,3,-10.60034517580916,nan,-10.338759308272545,nan,-10.35120905400259,nan,1.1770849708395623,nan,1.177026727697696,nan,1.0020118852360962,nan,1.0019951645320457,nan
g e s,3,-10.466936387602702,nan,-12.860586436979942,nan,-12.847752430903727,nan,1.1404987480827762,nan,1.140460416390764,nan,1.0025689176739125,nan,1.002530031176183,nan
g W d,3,-11.867302280537645,nan,-17.288580223569646,nan,-16.59572965916508,nan,1.1059853434231262,nan,1.1059636272900513,nan,1.0004110863497695,nan,1.000433312265944,nan
g W r,3,-11.583223263078096,nan,-20.20325285866685,nan,-19.127581001835686,nan,1.1599025636139568,nan,1.159836554630778,nan,1,1,1.0000346802033377,1.0
g W z,3,-12.43851448350932,nan,-16.447477710560417,nan,-15.762524456215143,nan,1.0682519437390134,nan,1.0682612254914046,nan,1.0008438088232112,nan,1.0008529249634242,nan
g i C,3,-12.579251635943764,nan,-12.635728933958973,nan,-12.66334603844365,nan,1.0989085979999402,nan,1.0989049403395437,nan,1.0015506757491568,nan,1.0015430787727473,nan
g i J,3,-12.80582908810589,nan,-14.804735993625144,nan,-14.76556329221674,nan,1.0938024728133287,nan,1.0938030098209195,nan,1.0004688695655526,nan,1.0004940470290467,nan
g i D,3,-10.430751929446668,nan,-12.609370920519385,nan,-12.610205518427334,nan,1.1081039505605754,nan,1.1080927389429984,nan,1.0012261338940756,nan,1.001228369249637,nan
g X g,3,-11.933699786196598,nan,-15.428840719471216,nan,-15.222258866830616,nan,1.0730677543048026,nan,1.0730750584115627,nan,1.0009503710639962,nan,1.0009662508588621,nan
g u v,3,-11.93399114824183,nan,-16.708831138488407,nan,-16.43359445235759,nan,1.1409023748368046,nan,1.1408734579581106,nan,1.0013770518364,nan,1.001370159768864,nan
h e s,3,-10.472025457110174,nan,-10.660981024225107,nan,-10.666436107683847,nan,1.160564512567784,nan,1.160517909475322,nan,1.0047072525679042,nan,1.0046260651511127,nan
h e n,3,-10.137038491823976,nan,-11.138120339201262,nan,-11.140622245513141,nan,1.2198691275529632,nan,1.2197738058801904,nan,1.003863443744693,nan,1.0038078203910263,nan
h i n,3,-9.77461945044755,nan,-8.849938372572064,nan,-8.857991464838962,nan,1.2216161331853093,nan,1.2215198841883104,nan,1.0164516976771543,nan,1.0161413642784942,nan
h Y s,3,-10.925961988244817,nan,-10.230871039909,nan,-10.238384848651148,nan,1.1355893200477631,nan,1.135555973982439,nan,1.0054490528027795,nan,1.0053622901294654,nan
h x s,3,-9.687337649373145,nan,-8.877203644165295,nan,-8.885937882357906,nan,1.2215280211141353,nan,1.2214490581154762,nan,1.02090054415161,nan,1.0204510200712387,nan
J X T,3,-15.693911562286722,nan,-inf,nan,-19.937083685845245,nan,1.0278787936947424,nan,1.0279103130383462,nan,1.0000432722473442,nan,1.0000766414730857,nan
J x n,3,-11.454865501931085,nan,-9.131164808600955,nan,-9.17682545116583,nan,1.2292303050413311,nan,1.2291238946949934,nan,1.03112468530611,nan,1.0302527056177055,nan
k e d,3,-10.240549053001438,nan,-10.676976878218483,nan,-10.681044532501684,nan,1.1453420284245248,nan,1.1452993004777965,nan,1.0030379175684516,nan,1.00299657760705,nan
k X m,3,-11.10577895623594,nan,-14.415827908988469,nan,-14.383692905484377,nan,1.1263110433010006,nan,1.126274190677249,nan,1.0001613965742597,nan,1.0001926565228476,nan
l e l,3,-10.224591298073584,nan,-11.988873482477198,nan,-11.990850467332594,nan,1.1296650394036973,nan,1.1296335733082332,nan,1.0030281041888829,nan,1.0029926453368163,nan
m A b,3,-10.692565262859416,nan,-13.213666711599997,nan,-13.213209107011325,nan,1.1004713819207133,nan,1.1004630615273123,nan,1.0042890410629015,nan,1.0042252259469873,nan
m e p,3,-10.860875181562712,nan,-13.337735768645334,nan,-13.334753692195775,nan,1.1023281729415606,nan,1.1023192128656383,nan,1.0024799456128612,nan,1.0024587427182885,nan
m A v,3,-11.7589094259056,nan,-10.407936830701573,nan,-10.427504373900481,nan,1.0994761202317975,nan,1.0994686174431738,nan,1.0108664226592148,nan,1.0106033389486868,nan
m A z,3,-10.86167370542563,nan,-11.890582859700261,nan,-11.891467202877092,nan,1.1007310154047782,nan,1.1007224817231747,nan,1.004137588197197,nan,1.0040783615028692,nan
m X n,3,-10.616503878635976,nan,-13.733766168647783,nan,-13.695728112311198,nan,1.1613819581505835,nan,1.161314726970662,nan,1.0026675591781118,nan,1.002621716794894,nan
m X s,3,-10.951490843922175,nan,-14.281144955588653,nan,-14.239072147881902,nan,1.1020773431654043,nan,1.1020588305657937,nan,1.0008933970370009,nan,1.000901304735225,nan
m Y d,3,-10.745404238603898,nan,-10.574299546788648,nan,-10.582927573766593,nan,1.116536000391682,nan,1.1165081085982997,nan,1.005844688666336,nan,1.005739180454093,nan
m x b,3,-9.908883660137686,nan,-11.863824634772355,nan,-11.870771328016948,nan,1.1644816682898764,nan,1.164439370736828,nan,1.0030346944207358,nan,1.0029897785534445,nan
n e s,3,-9.538241567788502,nan,-13.423010803546859,nan,-13.416304160455459,nan,1.13321690494084,nan,1.1331815749306564,nan,1.0025130134936775,nan,1.0024752329023285,nan
n e n,3,-9.203254602502303,nan,-13.900150118523014,nan,-13.890490298284753,nan,1.1925215199260193,nan,1.1924374713355248,nan,1.0016692046704663,nan,1.0016569881422421,nan
n c d,3,-9.695794823081245,nan,-13.661389932286916,nan,-13.643383079850498,nan,1.1327910741795284,nan,1.1327542657779803,nan,1.0039376169644634,nan,1.0038932651367323,nan
n W d,3,-10.938607460723444,nan,-12.844079875436844,nan,-12.83708446105354,nan,1.09870350028119,nan,1.0986847858299438,nan,1.003835217389168,nan,1.0037897065395243,nan
n c G,3,-10.758629960657345,nan,-12.013361575593333,nan,-12.02017009108423,nan,1.0939975044354837,nan,1.0939925648462294,nan,1.0047814257876746,nan,1.0047115098968187,nan
n i n,3,-8.840835561125878,nan,-11.42677201077483,nan,-11.429981913323305,nan,1.1942685255583654,nan,1.1941835496436448,nan,1.0032722871867348,nan,1.0032226712173256,nan
p e k,3,-10.809956527094895,nan,-11.972968855751594,nan,-11.976066284868569,nan,1.1397377471456593,nan,1.1396939289333798,nan,1.0078526991097845,nan,1.0076569677034046,nan
p e m,3,-10.860875181562712,nan,-12.376051649199507,nan,-12.377395429657758,nan,1.1459689507632194,nan,1.1459200136340737,nan,1.0022489430787151,nan,1.0022229832710357,nan
p e p,3,-11.43810829648756,nan,-13.556985040167767,nan,-13.553639555555613,nan,1.0922464556854374,nan,1.0922416514402435,nan,1.0013618620081597,nan,1.001362777241201,nan
p i m,3,-10.498456140186287,nan,-12.32788930707338,nan,-12.329098757339986,nan,1.1477159563955655,nan,1.1476660919421937,nan,1.0032501025322478,nan,1.0032202611533017,nan
p X b,3,-12.143860126865453,nan,-13.876166329998732,nan,-13.855766228272755,nan,1.059865982256238,nan,1.0598780199024458,nan,1.0002249608331082,nan,1.0002547358631124,nan
p X d,3,-11.741756366459994,nan,-11.519334960582386,nan,-11.527649863267769,nan,1.0978590154244157,nan,1.0978398418969548,nan,1.000960589037959,nan,1.0009680774488288,nan
p X v,3,-13.210204289911637,nan,-13.193420296234153,nan,-13.16788017063879,nan,1.0588707205673222,nan,1.058883575818307,nan,1.0003331414514685,nan,1.0003596390374825,nan
r e m,3,-10.007388690009707,nan,-12.606116049938226,nan,-12.607510449452903,nan,1.147824681280762,nan,1.1477749791924619,nan,1.0021511107633039,nan,1.0021270862917906,nan
r i g,3,-10.033470736379702,nan,-12.019690038443542,nan,-12.025644988287379,nan,1.0953082887435241,nan,1.0953022365653722,nan,1.0023397805678798,nan,1.0023238527139198,nan
r i s,3,-9.4397628818517,nan,-11.309819785065136,nan,-11.313035027937364,nan,1.1291688222903338,nan,1.1291349537757402,nan,1.0029455920306982,nan,1.002911310490392,nan
r i t,3,-8.791429201745268,nan,-9.800734240966628,nan,-9.806069136668667,nan,1.221836339977865,nan,1.2217263453489076,nan,1.0050659321505624,nan,1.0049674127080452,nan
r i z,3,-10.224007492436346,nan,-9.84271032853988,nan,-9.852588993029206,nan,1.0972988121213556,nan,1.0972911247336494,nan,1.0053688378819714,nan,1.0052611415962813,nan
r E p,3,-10.98489905101819,nan,-13.168302187955272,nan,-13.161448588102864,nan,1.0910833604702859,nan,1.0910793936822003,nan,1.0045321406065584,nan,1.0044687484734556,nan
r I D,3,-9.643149642081848,nan,-11.891148142486442,nan,-11.8966107502919,nan,1.089688169923337,nan,1.08968518271024,nan,1.0067286905255968,nan,1.0065761225397383,nan
r I S,3,-11.695538136289976,nan,-12.344698349737007,nan,-12.374552267352419,nan,1.0776584851616589,nan,1.0776653803019558,nan,1.002379829667508,nan,1.002359014930062,nan
r I T,3,-11.563230802127975,nan,-14.162319543353812,nan,-14.171596004312041,nan,1.0763170454939897,nan,1.0763250426233342,nan,1.001579293091641,nan,1.0015827314397237,nan
r I Z,3,-16.417602073749563,nan,-inf,nan,-19.36613170565704,nan,1.0739154357663885,nan,1.0739254058116083,nan,1.001579293091641,nan,1.0015827314397237,nan
r I z,3,-10.101159669446105,nan,-9.930121275597404,nan,-9.939669933422687,nan,1.0919599629089056,nan,1.0919551094240347,nan,1.003418363603768,nan,1.0033660854040145,nan
r x l,3,-9.193175497990538,nan,-11.231899048845856,nan,-11.236295098106641,nan,1.1825219356892047,nan,1.1824614513512188,nan,1.002389238452683,nan,1.0023650528805628,nan
s i g,3,-10.104517346226277,nan,-11.247906231360876,nan,-11.25424264231539,nan,1.123882197823581,nan,1.1238643670638262,nan,1.0079861027716224,nan,1.0078584783732114,nan
s i v,3,-11.192289822762891,nan,-10.879440128435224,nan,-10.892464933625872,nan,1.1246178260284316,nan,1.1245993909521026,nan,1.0085702781107686,nan,1.0084249555148097,nan
s X d,3,-10.959316484753565,nan,-12.344584033695671,nan,-12.341852533181282,nan,1.128288655022015,nan,1.128256937953797,nan,1.0015475829304272,nan,1.0015434593242996,nan
s X g,3,-11.339991931668596,nan,-16.67570982819754,nan,-16.458660913595313,nan,1.0885647319600709,nan,1.088565647986873,nan,1.0007686824782323,nan,1.0007881564688352,nan
s X k,3,-10.900572189454358,nan,-13.02034629988216,nan,-13.014040059914464,nan,1.1365969265120948,nan,1.1365583842213889,nan,1.002001941527541,nan,1.0019840526566537,nan
s X m,3,-10.951490843922175,nan,-13.316276326398894,nan,-13.300977359022042,nan,1.1428281301296548,nan,1.1427844689220827,nan,1.0007903186019043,nan,1.0008091371037091,nan
S x J,3,-14.1684755446458,nan,-17.01928618937787,nan,-16.965246509431875,nan,1.1217645670108267,nan,1.1217465549590502,nan,1.0002961851705698,nan,1.0003240962697875,nan
S x C,3,-13.941898092483674,nan,-14.077570126315566,nan,-14.125609251420853,nan,1.1268706921974383,nan,1.1268484854776744,nan,1.0015510803435508,nan,1.00154097309248,nan
s Y b,3,-10.942301232227775,nan,-12.75488767091386,nan,-12.756640248174508,nan,1.0988908895649805,nan,1.0988858212352381,nan,1.0036882150617956,nan,1.0036196796124697,nan
s Y v,3,-12.008645395273959,nan,-12.910387664012575,nan,-12.909494650381589,nan,1.0978956278760648,nan,1.0978913771510994,nan,1.0015895110656037,nan,1.0015845580296905,nan
s x J,3,-11.789852467217283,nan,-15.014100492399375,nan,-14.942450224741368,nan,1.1685159533826022,nan,1.168478669728264,nan,1.0059564834193713,nan,1.005872421497543,nan
s x g,3,-9.682248579865675,nan,-11.71921977678726,nan,-11.72523495512611,nan,1.1830987007375862,nan,1.1830494373958604,nan,1.0072330147160242,nan,1.0071102789551096,nan
s x S,3,-11.467163802766187,nan,-12.939201056531862,nan,-12.952857750986913,nan,1.1707877463681708,nan,1.1707485964420588,nan,1.0062593891507805,nan,1.006166150385779,nan
t e s,3,-9.224894852968268,nan,-11.375861509428207,nan,-11.378984693584025,nan,1.1536624973095553,nan,1.153618739328335,nan,1.0063983540200152,nan,1.0062837129352076,nan
t E m,3,-9.830378865833485,nan,-11.652127364324645,nan,-11.656264980617385,nan,1.1710465361996354,nan,1.1709876197367453,nan,1.005463042455273,nan,1.0053523452021877,nan
t X t,3,-9.449616716927729,nan,-10.475286415893478,nan,-10.481834650323028,nan,1.2127595547659225,nan,1.2126574901326692,nan,1.0039831864491842,nan,1.0039154127197203,nan
T i n,3,-11.422138269678593,nan,-14.856996193536308,nan,-14.706343382648322,nan,1.1728896418182544,nan,1.1728134785908706,nan,1.0018607066357992,nan,1.0018390148025027,nan
T X T,3,-15.238915563673626,nan,-17.480938266151238,nan,-17.29055892254616,nan,1.030754633385671,nan,1.0307849672662577,nan,1.000183032697932,nan,1.0002136371577217,nan
T x J,3,-14.0361682104838,nan,-17.21848576028606,nan,-17.153386685903214,nan,1.1243582488452868,nan,1.124339167640072,nan,1.000100520539747,nan,1.0001323023112973,nan
T x S,3,-13.713479546032705,nan,-15.143586324418548,nan,-15.16379421214876,nan,1.1266300418308555,nan,1.1266090943538667,nan,1.0004034262711563,nan,1.0004260311995334,nan
T x C,3,-13.809590758321674,nan,-14.276769697223758,nan,-14.313749427892192,nan,1.1294643740318984,nan,1.1294410981586962,nan,1.001355415712728,nan,1.00134917913399,nan
t Y s,3,-9.678831384102912,nan,-11.654000982116079,nan,-11.65719104158168,nan,1.1286873047895345,nan,1.128656803835452,nan,1.0051974839917215,nan,1.0051156978971207,nan
t x l,3,-8.615888427730683,nan,-9.686718852305185,nan,-9.692599434969123,nan,1.2087626163407723,nan,1.2086913152119336,nan,1.0048350463379676,nan,1.0047624773616917,nan
v e t,3,-10.906375184032886,nan,-15.502351786627106,nan,-15.458867854587984,nan,1.1991228351648617,nan,1.199022410556544,nan,1.0017092537700945,nan,1.0016921503583844,nan
v i n,3,-10.857302857476693,nan,-14.540942800914966,nan,-14.530330387876498,nan,1.167506938094856,nan,1.167432993696365,nan,1.001874682680858,nan,1.0018527143709663,nan
v X n,3,-12.09277744291901,nan,-11.990152553803014,nan,-12.007149583714419,nan,1.132189472231346,nan,1.1321342746194119,nan,1.002821295673758,nan,1.0027724120479937,nan
v e D,3,-11.880943447359707,nan,-19.19110097379223,nan,-19.050290867337377,nan,1.0723135143227838,nan,1.072317263227491,nan,1.0000865444946883,nan,1.0001186027428337,nan
v Y k,3,-12.162933507587725,nan,-17.365969455088802,nan,-16.694558002976567,nan,1.095651785962524,nan,1.0956291025146414,nan,1.0058201172677903,nan,1.0056784709844466,nan
v Y r,3,-11.937598785427383,nan,-18.611417635417705,nan,-17.93106369122838,nan,1.141260734663275,nan,1.1412005835877763,nan,1.001839070512127,nan,1.0018180341676286,nan
v Y t,3,-11.360311715167528,nan,-16.653517660051627,nan,-15.980540393932374,nan,1.174147642644841,nan,1.174060475063661,nan,1.0043921331054328,nan,1.004293749082762,nan
w e s,3,-10.261202390184005,nan,-9.429169026035101,nan,-9.436295205723725,nan,1.1713516244650783,nan,1.1713005747679401,nan,1.0115555146467012,nan,1.0113388536982735,nan
w x J,3,-12.177826324326588,nan,-12.997719751187788,nan,-12.928817892837403,nan,1.183871852109636,nan,1.18382823853013,nan,1.0287933410454004,nan,1.0282575163670544,nan
w x S,3,-11.855137659875492,nan,-10.922820315320275,nan,-10.939225419082947,nan,1.1861436450952048,nan,1.1860981652439246,nan,1.0290962467768097,nan,1.0285512452552905,nan
w x C,3,-11.951248872164463,nan,-10.056003688125484,nan,-10.089180634826379,nan,1.1889779772962477,nan,1.1889301690487541,nan,1.0300482362183814,nan,1.029474393189747,nan
y c d,3,-10.245754655150295,nan,-14.068374310155637,nan,-14.03987102564805,nan,1.1788913270363766,nan,1.178835515438988,nan,1.0007930068262403,nan,1.0008108622324239,nan
y c g,3,-10.626430102065324,nan,-13.237726181203984,nan,-13.231471662286273,nan,1.1391674039744324,nan,1.139144225472064,nan,1.0031729804301692,nan,1.003118732068565,nan
y c G,3,-11.308589792726394,nan,-12.420345953462057,nan,-12.416658036881785,nan,1.1400977572923319,nan,1.140073814507237,nan,1.0016368156494515,nan,1.0016291069925103,nan
y X C,3,-13.435991233640928,nan,-12.809248365220892,nan,-12.674842898355758,nan,1.1024095418513422,nan,1.1024086294634907,nan,1.0110068075398646,nan,1.010823521650596,nan
y X g,3,-11.554964798451444,nan,-13.767201154448346,nan,-13.562325383057297,nan,1.1118861640197146,nan,1.111877466612463,nan,1.0109851714161926,nan,1.0108025410157222,nan
y X T,3,-13.207572687189959,nan,-13.13806463798756,nan,-12.99580319021826,nan,1.0982337699826301,nan,1.0982362879800396,nan,1.0110284436635368,nan,1.0108445022854702,nan
y X v,3,-12.642737274988058,nan,-11.110160695598246,nan,-11.085747310014284,nan,1.1126217922245654,nan,1.112612490500739,nan,1.011136624281897,nan,1.0109494054598402,nan
y x J,3,-12.004825334000135,nan,-15.109996351053844,nan,-15.037634984798007,nan,1.191837385442246,nan,1.191790488353854,nan,1.0026301846953842,nan,1.0026119242032077,nan
y x S,3,-11.682136669549038,nan,-13.035096915186331,nan,-13.048042511043551,nan,1.1941091784278146,nan,1.1940604150676486,nan,1.0029330904267935,nan,1.0029056530914437,nan
y x C,3,-11.77824788183801,nan,-12.168280287991541,nan,-12.197997726786983,nan,1.1969435106288575,nan,1.196892418872478,nan,1.0038850798683652,nan,1.0038288010259002,nan
b O n,3,-13.025131934687028,nan,-11.791457450592079,nan,-11.751522132635424,nan,1.1522005272500748,nan,1.152139107868723,nan,1.0012835125154649,nan,1.001291209693007,nan
b O r,3,-13.28907229012665,nan,-inf,nan,-13.81358913512491,nan,1.1526765219708608,nan,1.1526147115611374,nan,1.0011320596497604,nan,1.0011443452488888,nan
b O s,3,-13.360118899973227,nan,-12.417088434432697,nan,-12.272656020880472,nan,1.0928959122648956,nan,1.0928832114638547,nan,1.0012186041444486,nan,1.0012282677883848,nan
b U n,3,-10.919600896684944,nan,-inf,nan,-16.25127466789397,nan,1.190047657269222,nan,1.189966148335834,nan,1.0013836284608182,nan,1.0013909374812335,nan
b u r,3,-10.202892520821067,nan,-10.825973513171686,nan,-10.83120733393436,nan,1.2368682174048868,nan,1.2367617173860546,nan,1.006701938611226,nan,1.0065660508577516,nan
b U s,3,-11.254587861971142,nan,-inf,nan,-16.184621891236898,nan,1.1307430422840428,nan,1.1307102519309655,nan,1.0013836284608182,nan,1.0013909374812335,nan
b W r,3,-11.604651576568529,nan,-14.903125369276957,nan,-14.515239230481924,nan,1.162962891134115,nan,1.1628956206393477,nan,1.000726754343056,nan,1.0007470577634445,nan
C e D,3,-12.674197406012576,nan,-16.00672597261311,nan,-15.936898548873138,nan,1.073518111325399,nan,1.0735213636776728,nan,1.001246556234566,nan,1.0012556669253119,nan
C i D,3,-12.311778364636153,nan,-14.904424433727533,nan,-14.914831794692455,nan,1.0752651169577452,nan,1.0752674419857928,nan,1.0011562536687817,nan,1.001159871407319,nan
C O b,3,-15.834853189690714,nan,-19.085858585887465,nan,-18.283938160586345,nan,1.024867107488864,nan,1.0248955992601263,nan,1.000100520539747,nan,1.0001323023112973,nan
C O g,3,-15.813424876200283,nan,-inf,nan,-19.995669134859263,nan,1.0231362175950975,nan,1.0231661312877114,nan,1.0000139760450588,nan,1.0000483797718014,nan
C O v,3,-16.901197352736897,nan,-inf,nan,-18.854092128548594,nan,1.0238718457999483,nan,1.0239011551759876,nan,1.0000139760450588,nan,1.0000483797718014,nan
C u D,3,-12.459771835587087,nan,-14.337108820007009,nan,-14.356125248657833,nan,1.1070466434213864,nan,1.1070320985671112,nan,1.0013199338729835,nan,1.0013216785358103,nan
C u S,3,-14.512160329795215,nan,-14.918188519355779,nan,-14.947518032593324,nan,1.0950169586597083,nan,1.095012296158827,nan,1.0010819365125905,nan,1.0010908915521963,nan
C u T,3,-14.379852995633215,nan,-14.716660401548866,nan,-14.75407727635883,nan,1.093675518992039,nan,1.0936719584802053,nan,1.000908847523214,nan,1.0009230464732042,nan
D e C,3,-12.674197406012576,nan,-13.216738655939013,nan,-13.105262556596273,nan,1.124465791093543,nan,1.1244518055688755,nan,1.0134868834817123,nan,1.0132547637707052,nan
D e D,3,-10.52569769951548,nan,-13.14782102808063,nan,-13.05458812907515,nan,1.1336611436541781,nan,1.1336396041723302,nan,1.0135734279764006,nan,1.0133386863102012,nan
D e J,3,-12.900774858174701,nan,-11.168022132222582,nan,-11.200796186705688,nan,1.1193596659069314,nan,1.1193498750502513,nan,1.0138979698314818,nan,1.0136533958333114,nan
D e S,3,-12.578086193723607,nan,-12.3607886853927,nan,-12.320722442477122,nan,1.1216314588925,nan,1.121619801764046,nan,1.0135517918527286,nan,1.013317705675327,nan
D i C,3,-12.311778364636153,nan,-14.356186361856086,nan,-14.36068306955862,nan,1.126212796725889,nan,1.1261978838769955,nan,1.0013969392535105,nan,1.0013923835196477,nan
D i D,3,-10.163278658139056,nan,-14.329828348416498,nan,-14.307542549542303,nan,1.1354081492865242,nan,1.1353856824804502,nan,1.0010723973984292,nan,1.0010776739965375,nan
D i S,3,-12.215667152347184,nan,-15.317313668522116,nan,-15.293794452513799,nan,1.1233784645248461,nan,1.123365880072166,nan,1.0005531304302993,nan,1.0005741387595612,nan
D i T,3,-12.083359818185183,nan,-15.115785550715207,nan,-15.105800602541438,nan,1.122037024857177,nan,1.1220255423935444,nan,1.00076949166702,nan,1.0007839451083014,nan
d u r,3,-9.800788760415607,nan,-10.358771969844641,nan,-10.363491881662569,nan,1.234556693426895,nan,1.234451146251922,nan,1.0116494585620301,nan,1.0114156980938638,nan
D W C,3,-13.861530891334548,nan,-inf,nan,-17.439691777318885,nan,1.0840889969187584,nan,1.084096443711607,nan,1.0001298167420325,nan,1.0001605640125817,nan
D W D,3,-11.713031184837451,nan,-inf,nan,-20.518281015976275,nan,1.0932843494793936,nan,1.0932842423150617,nan,1.000021636123672,nan,1.0000556608382116,nan
D W T,3,-13.633112344883578,nan,-inf,nan,-16.553559137519205,nan,1.0799132250500463,nan,1.0799241022281558,nan,1.00103853393626,nan,1.0010417506772902,nan
f U n,3,-11.64058779663856,nan,-inf,nan,-16.832782053973943,nan,1.168473433474633,nan,1.1684008177505978,nan,1.0010482033794077,nan,1.0010621478381072,nan
f u r,3,-10.923879420774682,nan,-14.273144512987658,nan,-14.217706866308776,nan,1.215293993610298,nan,1.2151963868008184,nan,1.0037949212390018,nan,1.0037165406173243,nan
f U s,3,-11.975574761924758,nan,-inf,nan,-16.76612927731687,nan,1.1091688184894537,nan,1.1091449213457294,nan,1.0010482033794077,nan,1.0010621478381072,nan
f W r,3,-12.32563847652214,nan,-16.832198626837776,nan,-16.420633847223556,nan,1.141388667339526,nan,1.1413302900541116,nan,1.0003354250814105,nan,1.0003634698464638,nan
f x r,3,-10.353617183463143,nan,-11.94078978812491,nan,-11.948945786462616,nan,1.2427289700606619,nan,1.2426168005515343,nan,1.001406073773278,nan,1.0014077067555733,nan
g U n,3,-10.898172583194516,nan,-inf,nan,-15.264174818422708,nan,1.1869873297490638,nan,1.1869070823272643,nan,1.0048636636804518,nan,1.0048021300286683,nan
g U S,3,-13.611782625909232,nan,-11.388413591224532,nan,-11.411499467468195,nan,1.0815112268476597,nan,1.0815176277582261,nan,1.0051016610408448,nan,1.0050329170122823,nan
g U T,3,-13.479475291747232,nan,-inf,nan,-15.72660206153272,nan,1.0801697871799905,nan,1.0801772900796045,nan,1.0048636636804518,nan,1.0048021300286683,nan
g W C,3,-14.12900416264216,nan,-17.707339104620804,nan,-17.037081913798314,nan,1.0567847981928096,nan,1.0568035001741551,nan,1.0001298167420325,nan,1.0001605640125817,nan
g W D,3,-11.980504456145063,nan,-21.477873789355733,nan,-20.115671152455707,nan,1.0659801507534448,nan,1.06599129877761,nan,1.000021636123672,nan,1.0000556608382116,nan
g W T,3,-13.90058561619119,nan,-16.80670348776055,nan,-16.150949273998634,nan,1.0526090263240975,nan,1.052631158690704,nan,1.00103853393626,nan,1.0010417506772902,nan
g x r,3,-9.6112019700191,nan,-10.938444803022564,nan,-10.943391194498302,nan,1.2612428663350927,nan,1.2611230651282008,nan,1.0046624922719711,nan,1.0045997062075906,nan
h U n,3,-10.903261652701985,nan,-inf,nan,-19.930525240531647,nan,1.2070530942340716,nan,1.2069645754118223,nan,1.0000279520901176,nan,1.0000620793402648,nan
h u r,3,-10.186553276838108,nan,-11.51209179529021,nan,-11.512996050703249,nan,1.2538736543697366,nan,1.253760144462043,nan,1.0056537352318182,nan,1.0055385832229822,nan
h U s,3,-11.238248617988184,nan,-inf,nan,-19.863872463874575,nan,1.1477484792488923,nan,1.147708679006954,nan,1.0000279520901176,nan,1.0000620793402648,nan
h W r,3,-11.58831233258557,nan,-14.276708429973734,nan,-13.890177240291067,nan,1.1799683280989646,nan,1.1798940477153361,nan,1.00272532878646,nan,1.0027060960537384,nan
J O b,3,-16.061430641852837,nan,-16.77344979394673,nan,-16.520562742489084,nan,1.0261693745187186,nan,1.0261973294765387,nan,1.000114496584806,nan,1.0001460018797608,nan
J x r,3,-11.718805857370707,nan,-11.533529289379977,nan,-11.575967281436672,nan,1.229706299762117,nan,1.2295994983874077,nan,1.003949713973974,nan,1.0039010282159473,nan
k E G,3,-11.703661436661172,nan,-17.489359915219207,nan,-17.276491848916613,nan,1.103529632947786,nan,1.1035203762296142,nan,1.0001640847985955,nan,1.0001943816515622,nan
k E S,3,-12.806416968900617,nan,-18.36202859254824,nan,-18.13225490685279,nan,1.0902883252604711,nan,1.0902899462406395,nan,1.0001424486749233,nan,1.000173401016688,nan
k i b,3,-10.280233772030474,nan,-12.994085756302265,nan,-12.996304580894241,nan,1.1090960008886932,nan,1.1090835567914075,nan,1.0008894950294835,nan,1.0009058966473117,nan
k i C,3,-12.139831893729529,nan,-12.983688437844531,nan,-13.009622854249296,nan,1.0978884888265543,nan,1.0978852516700204,nan,1.0019280289657435,nan,1.0019129671212643,nan
k i D,3,-9.99133218723243,nan,-12.957330424404946,nan,-12.95648233423298,nan,1.1070838413871895,nan,1.1070730502734751,nan,1.0016034871106623,nan,1.0015982575981541,nan
k i r,3,-9.594050994165466,nan,-9.89385278414597,nan,-9.899784984098837,nan,1.2010062542477016,nan,1.2009183061266433,nan,1.016142962218302,nan,1.0156972442334897,nan
k u f,3,-11.149214142935023,nan,-15.145474124516122,nan,-15.124217995469438,nan,1.1286747536012798,nan,1.1286554641672002,nan,1.000665343385163,nan,1.000681629627003,nan
k U m,3,-10.998946573048059,nan,-15.984062125783046,nan,-15.705284658954872,nan,1.147065470213273,nan,1.1470176009777142,nan,1.0016721535527746,nan,1.0016730724812728,nan
k U n,3,-10.458752840980278,nan,-inf,nan,-17.100049602498895,nan,1.185967220575678,nan,1.185887393657741,nan,1.0016072451817584,nan,1.001610130576651,nan
k U p,3,-11.576179687972907,nan,-13.97725061047828,nan,-13.949729155410804,nan,1.093342975135491,nan,1.093339238783884,nan,1.0021481482735604,nan,1.002134646448501,nan
k u r,3,-9.7420444651164,nan,-13.705129342650691,nan,-13.686466718615954,nan,1.2327877807113428,nan,1.2326829627079616,nan,1.003780945193943,nan,1.0037028410488607,nan
l U n,3,-10.480146111165954,nan,-inf,nan,-15.544813625385881,nan,1.1820170105851193,nan,1.1819388120012893,nan,1.0082039384494976,nan,1.008076326891467,nan
l X l,3,-11.097646842139476,nan,-13.328725346375311,nan,-13.315412550492637,nan,1.0960945791725334,nan,1.0960809325394,nan,1.0016989054671457,nan,1.0016831441632597,nan
m W l,3,-11.441450167677695,nan,-13.212198219847297,nan,-13.199775449189039,nan,1.0894076197066491,nan,1.0893975367208026,nan,1.0013339099180423,nan,1.001335378104274,nan
m W r,3,-11.194722175331677,nan,-15.84339013656597,nan,-15.451464273327037,nan,1.1550516189277489,nan,1.154987609574641,nan,1.0006848262078798,nan,1.0007059590580538,nan
m W t,3,-10.617435105071822,nan,-10.044679031283561,nan,-10.055269362665014,nan,1.1879385269093148,nan,1.1878475010505256,nan,1.0008795513209285,nan,1.0008947847719198,nan
n c n,3,-9.147775450182074,nan,-9.81386722826368,nan,-9.8197203428669,nan,1.186232299649573,nan,1.1861515894262928,nan,1.0151667651502743,nan,1.014782214636344,nan
n W C,3,-13.200309342827959,nan,-13.262838756488,nan,-13.278436715686773,nan,1.0495029550508734,nan,1.0495246587140477,nan,1.003553947781431,nan,1.003516958286162,nan
n W D,3,-11.051809636330862,nan,-17.03337344122293,nan,-16.357025954344163,nan,1.0586983076115086,nan,1.0587124573175024,nan,1.0034457671630705,nan,1.003412055111792,nan
n x r,3,-8.682507150204898,nan,-11.36337122869284,nan,-11.3655374422163,nan,1.2539610231931566,nan,1.2538442236680933,nan,1.0012663133226902,nan,1.0012707110709373,nan
p c k,3,-10.754477374774666,nan,-12.327725008637282,nan,-12.329989899338626,nan,1.1334485268692132,nan,1.1334080470241479,nan,1.005672422473182,nan,1.0055434795188254,nan
p c p,3,-11.382629144167328,nan,-12.402283712118411,nan,-12.4067707114901,nan,1.0859572354089913,nan,1.0859557695310116,nan,1.001539922851814,nan,1.001536178257889,nan
p c s,3,-10.6001892624609,nan,-13.80339820982108,nan,-13.791348902706845,nan,1.1192768658639989,nan,1.1192480280000001,nan,1.0009341113889956,nan,1.000948720481417,nan
p O l,3,-13.703103996160666,nan,-14.981136535738068,nan,-14.887422727065342,nan,1.0690395332872717,nan,1.0690390662171976,nan,1.000371441844535,nan,1.0003960443695346,nan
p O m,3,-13.732629380442805,nan,-inf,nan,-17.560038016623885,nan,1.0953057874251806,nan,1.0952837426985949,nan,1.00011180836047,nan,1.0001442767510464,nan
p O n,3,-13.192435648375024,nan,-15.523533433343884,nan,-15.371284021711796,nan,1.1342075377875855,nan,1.1341535353786216,nan,1.0002632612261746,nan,1.0002911411951645,nan
p O r,3,-13.456376003814647,nan,-inf,nan,-17.433351024201283,nan,1.1346835325083715,nan,1.134629139071036,nan,1.00011180836047,nan,1.0001442767510464,nan
p O s,3,-13.527422613661223,nan,-16.1491644171845,nan,-15.892417909956844,nan,1.0749029228024063,nan,1.0748976389737532,nan,1.0001983528551583,nan,1.0002281992905424,nan
p O t,3,-12.879088933554792,nan,-inf,nan,-17.298117693543524,nan,1.1675704404899374,nan,1.1674890305469205,nan,1.00011180836047,nan,1.0001442767510464,nan
p u k,3,-10.595530956669405,nan,-12.56411335271602,nan,-12.567447628482826,nan,1.1732662792416466,nan,1.1732046638228182,nan,1.004870541785147,nan,1.00476633346413,nan
p U m,3,-11.627098342440721,nan,-14.314583919758633,nan,-14.045122201907395,nan,1.1331529174443278,nan,1.1331107831657057,nan,1.0075001643422814,nan,1.0073857925305914,nan
p U n,3,-11.08690461037294,nan,-inf,nan,-15.439887145451419,nan,1.1720546678067327,nan,1.1719805758457325,nan,1.0074352559712652,nan,1.0073228506259695,nan
p U p,3,-12.20433145736557,nan,-12.307772404453864,nan,-12.289566698363329,nan,1.0794304223665458,nan,1.0794324209718755,nan,1.0079761590630671,nan,1.0078473664978196,nan
p U s,3,-11.421891575659139,nan,-inf,nan,-15.373234368794348,nan,1.1127500528215535,nan,1.112724679440864,nan,1.0074352559712652,nan,1.0073228506259695,nan
p u v,3,-12.122723175420255,nan,-13.036106611879344,nan,-13.043507873156155,nan,1.1259697128944735,nan,1.1259469514765788,nan,1.0021876624498085,nan,1.0021647347397524,nan
r U n,3,-10.233418118819937,nan,-inf,nan,-17.70633081367313,nan,1.1739103983242754,nan,1.1738355414041206,nan,1.00011180836047,nan,1.0001442767510464,nan
r W r,3,-10.91846879870352,nan,-16.278908740980736,nan,-15.886890098963079,nan,1.1468256321891683,nan,1.1467650137076344,nan,1.0000978323154115,nan,1.0001305771825828,nan
S c g,3,-12.790080312710991,nan,-15.224015761103393,nan,-15.196085395337532,nan,1.0690945855430132,nan,1.0691002920772603,nan,1.0026139386278183,nan,1.0025707493300213,nan
s c p,3,-10.600189262460901,nan,-11.431643588283308,nan,-11.438202602378738,nan,1.1163868750065906,nan,1.1163728655878538,nan,1.0022387251047524,nan,1.0022211566810688,nan
s U g,3,-11.233159548480714,nan,-19.76569570273255,nan,-19.029549427584687,nan,1.1093191588723432,nan,1.1093090582873382,nan,1.000281269607737,nan,1.0003074284566997,nan
S U g,3,-13.611782625909228,nan,-15.612843652777247,nan,-15.581549441601194,nan,1.0625677725005678,nan,1.0625769435181243,nan,1.0009241676804403,nan,1.0009376086060249,nan
s U k,3,-10.793739806266476,nan,-14.973979557766214,nan,-14.296104652659492,nan,1.1573513534243671,nan,1.157301794521854,nan,1.0165083623617992,nan,1.0160429046122084,nan
s U m,3,-10.844658460734292,nan,-20.585764571496313,nan,-19.62136994894179,nan,1.1635825570419271,nan,1.1635278792225479,nan,1.0000649083710162,nan,1.0000976221079596,nan
s U n,3,-10.304464728666511,nan,-inf,nan,-21.016134892485812,nan,1.202484307404332,nan,1.2023976719025746,nan,1,1,1.0000346802033377,1.0
s U p,3,-11.421891575659139,nan,-18.578953056191544,nan,-17.86581444539772,nan,1.1098600619641452,nan,1.1098495170287177,nan,1.000540903091802,nan,1.0005591960751878,nan
s U s,3,-10.63945169395271,nan,-inf,nan,-20.94948211582874,nan,1.1431796924191528,nan,1.1431417754977062,nan,1,1,1.0000346802033377,1.0
S u T,3,-14.283741783344244,nan,-14.329626463337314,nan,-14.366310947720303,nan,1.0952599438783623,nan,1.0952557302435073,nan,1.001146440289213,nan,1.0011559391370852,nan
s W l,3,-11.236243400896113,nan,-14.48089498528215,nan,-14.44027485616928,nan,1.1097555420481253,nan,1.10973707135225,nan,1.0007608920706326,nan,1.0007736957972666,nan
s W t,3,-10.41222833829024,nan,-11.313375796718415,nan,-11.295768769645255,nan,1.208286449250791,nan,1.208187035681973,nan,1.0003065334735188,nan,1.0003331024649125,nan
S x r,3,-11.396117192919611,nan,-13.205093958362278,nan,-13.225111670650069,nan,1.2299884576185856,nan,1.2298815399342973,nan,1.0007072715203396,nan,1.0007227283323936,nan
T c g,3,-12.65777297854899,nan,-14.727294224568913,nan,-14.709096896751607,nan,1.0716882673774732,nan,1.0716929047582822,nan,1.0026838188531122,nan,1.0026392471723393,nan
T i D,3,-12.083359818185182,nan,-16.544161288174955,nan,-16.38918207609694,nan,1.0794432236785283,nan,1.0794438264301167,nan,1.000778900452195,nan,1.000789983058802,nan
t O n,3,-11.761662086562163,nan,-13.328318245164573,nan,-13.281201698208811,nan,1.1623039489566958,nan,1.1622383647977246,nan,1.0016748417771104,nan,1.0016747976099873,nan
t U n,3,-9.65613104856008,nan,-inf,nan,-19.069648104754815,nan,1.200151078975843,nan,1.2000654052648354,nan,1.0002795209011754,nan,1.0003086715726095,nan
T W C,3,-15.781612051380675,nan,-17.578244117538983,nan,-16.931064138427693,nan,1.0281240713107624,nan,1.0281545876612734,nan,1.0001437927870913,nan,1.0001742635810453,nan
T W D,3,-13.633112344883578,nan,-21.348778802273912,nan,-20.009653377085083,nan,1.0373194238713976,nan,1.0373423862647282,nan,1.0000356121687308,nan,1.0000693604066753,nan
T W T,3,-15.553193504929705,nan,-16.67760850067873,nan,-16.044931498628014,nan,1.0239482994420503,nan,1.0239822461778223,nan,1.0010525099813188,nan,1.0010554502457538,nan
T W z,3,-14.091122372247835,nan,-16.318382723478596,nan,-15.656506680844522,nan,1.0395912168569663,nan,1.0396123129785229,nan,1.00085778486827,nan,1.0008666245318878,nan
v e r,3,-11.483662254292742,nan,-13.130378154610355,nan,-13.09331377200149,nan,1.1662359271832958,nan,1.1661625190806593,nan,1.0300525757805232,nan,1.0291767820433393,nan
w U S,3,-13.406048628490531,nan,-12.757106387020949,nan,-12.769434254847548,nan,1.1123641032299618,nan,1.1123577861354024,nan,1.0013141528299183,nan,1.0013203339586485,nan
w U T,3,-13.27374129432853,nan,-inf,nan,-17.084536848912073,nan,1.1110226635622926,nan,1.1110174484567807,nan,1.0010761554695253,nan,1.0010895469750345,nan
w W D,3,-11.774770458726366,nan,-17.40926397529713,nan,-16.713948996046454,nan,1.096833027135747,nan,1.0968314571547861,nan,1.000510797700729,nan,1.0005351457344374,nan
w x r,3,-9.405467972600402,nan,-9.183527520172197,nan,-9.188683054055597,nan,1.292095742717395,nan,1.291963223505377,nan,1.0292044273951702,nan,1.0286561484296606,nan
y c f,3,-11.368845315509368,nan,-12.214060685796921,nan,-12.215353593280241,nan,1.1286955201171442,nan,1.1286809442389534,nan,1.0010959125576493,nan,1.00110459112066,nan
y c g,3,-10.626430102065324,nan,-13.237726181203984,nan,-13.231471662286273,nan,1.1391674039744324,nan,1.139144225472064,nan,1.0031729804301692,nan,1.003118732068565,nan
y c S,3,-12.411345324965838,nan,-13.192326028494007,nan,-13.206482993325961,nan,1.126856449605017,nan,1.1268433845182624,nan,1.0013122737943703,nan,1.0013143974694,nan
y e C,3,-12.562935689575037,nan,-15.87581790722647,nan,-15.751539013319762,nan,1.1359800020825062,nan,1.1359612702323238,nan,1.0010482033794077,nan,1.0010621478381072,nan
y e D,3,-10.41443598307794,nan,-15.806900279368088,nan,-15.70086458579864,nan,1.1451753546431414,nan,1.1451490688357786,nan,1.001134747874096,nan,1.0011460703776032,nan
y e J,3,-12.789513141737162,nan,-13.827101383510037,nan,-13.847072643429176,nan,1.1308738768958946,nan,1.1308593397136997,nan,1.0014592897291772,nan,1.0014607799007134,nan
y e S,3,-12.466824477286067,nan,-15.019867936680157,nan,-14.96699889920061,nan,1.1331456698814633,nan,1.1331292664274943,nan,1.001113111750424,nan,1.001125089742729,nan
y i D,3,-10.052016941701517,nan,-17.24595270269385,nan,-16.84307825323482,nan,1.1469223602754874,nan,1.1468951471438986,nan,1.0008068525423126,nan,1.0008173821957291,nan
y i J,3,-12.427094100360737,nan,-19.441317775799607,nan,-18.998436027024226,nan,1.1326208825282407,nan,1.1326054180218197,nan,1.0000495882137896,nan,1.0000830599751387,nan
y i S,3,-12.104405435909642,nan,-18.233438022799465,nan,-17.82933015620632,nan,1.1348926755138093,nan,1.1348753447356144,nan,1.0002875855741826,nan,1.000313846958753,nan
y U g,3,-11.448132415263565,nan,-11.94400381866155,nan,-11.90111830953039,nan,1.132640590931987,nan,1.132620876912928,nan,1.014634667883093,nan,1.0143768852688102,nan
y u g,3,-10.467483683960063,nan,-7.812064157574527,nan,-7.822919450137654,nan,1.178985156346866,nan,1.1789408422707344,nan,1.054557795928,nan,1.0534793097663437,nan
y U T,3,-13.100740304002077,nan,-inf,nan,-14.350131017541521,nan,1.1189881968949025,nan,1.1189796982805047,nan,1.014353398275356,nan,1.0141041370154482,nan
y U z,3,-11.638669171320208,nan,-13.258226617994673,nan,-12.58471423130045,nan,1.1346311143098184,nan,1.1346097650812053,nan,1.014353398275356,nan,1.0141041370154482,nan
y x D,3,-9.629748175340913,nan,-12.120753850114477,nan,-12.122438655949985,nan,1.2061388631894927,nan,1.2060802174759329,nan,1.002803273684761,nan,1.0027797692821998,nan
z e C,3,-13.132207433376834,nan,-16.609667392900533,nan,-16.49077856409942,nan,1.0765315121696497,nan,1.0765372858530866,nan,1.0004472334418806,nan,1.0004730663941728,nan
z e D,3,-10.983707726879736,nan,-16.540749765042154,nan,-16.440104136578295,nan,1.085726864730285,nan,1.0857250844565414,nan,1.0005337779365688,nan,1.0005569889336687,nan
z e S,3,-13.036096221087863,nan,-15.753717422354223,nan,-15.706238449980267,nan,1.0736971799686068,nan,1.073705282048257,nan,1.0005121418128968,nan,1.0005360082987946,nan
z i C,3,-12.76978839200041,nan,-14.49182016404546,nan,-14.512140132261374,nan,1.0782785178019958,nan,1.0782833641612066,nan,1.0011453704424524,nan,1.001145791287303,nan
z i D,3,-10.621288685503313,nan,-14.465462150605875,nan,-14.458999612245059,nan,1.087473870362631,nan,1.0874711627646614,nan,1.0008208285873712,nan,1.0008310817641928,nan
z i T,3,-12.54136984554944,nan,-15.251419352904582,nan,-15.257257665244193,nan,1.0741027459332837,nan,1.0741110226777555,nan,1.000517922855962,nan,1.0005373528759567,nan
z u f,3,-11.779170641205905,nan,-17.08260145623541,nan,-16.95481371797426,nan,1.1090647825767213,nan,1.1090535766583864,nan,1.000553535024693,nan,1.0005720330792942,nan
z u g,3,-11.036755427761861,nan,-15.536159620140666,nan,-15.416159509811218,nan,1.1195366664340094,nan,1.1195168578914971,nan,1.0032796866073754,nan,1.0032155930734197,nan
z u T,3,-12.689363316500373,nan,-17.259041654529103,nan,-17.149017279017276,nan,1.1058842723969249,nan,1.1058756792590738,nan,1.000293901540628,nan,1.000320265460806,nan
