word,word_len,uni_prob,uni_prob_freq_weighted,bi_prob,bi_prob_freq_weighted,bi_prob_smoothed,bi_prob_freq_weighted_smoothed,pos_uni_score,pos_uni_score_freq_weighted,pos_uni_score_smoothed,pos_uni_score_freq_weighted_smoothed,pos_bi_score,pos_bi_score_freq_weighted,pos_bi_score_smoothed,pos_bi_score_freq_weighted_smoothed
f u T,3,-13.241241773887772,nan,-16.9890028345876,nan,-16.91124549667315,nan,1.1352809589004347,nan,1.1352625947809545,nan,1.0006027803209454,nan,1.0006190999903113,nan
g i T,3,-12.350833089492795,nan,-12.6750201379532,nan,-12.69538162502116,nan,1.1249150369756944,nan,1.124901493756383,nan,1.000526708613131,nan,1.0005417285776437,nan
z i T,3,-12.54136984554944,nan,-18.37613855568978,nan,-18.372543671060363,nan,1.0725848876972757,nan,1.0725918936737129,nan,1.000505073191619,nan,1.0005204259201372,nan
y c g,3,-10.626430102065324,nan,-13.843916802369872,nan,-13.836336131727581,nan,1.1686560763846159,nan,1.168623359080151,nan,1.0033374120318257,nan,1.0032916538582535,nan
l X z,3,-11.706210070224682,nan,-12.235545913177527,nan,-12.228496789439337,nan,1.0780416479568844,nan,1.0780418918863233,nan,1.0002287701752,nan,1.000251232271537,nan
J Y p,3,-13.810916687795384,nan,-16.569648182837458,nan,-15.928887843670811,nan,1.0542868561128083,nan,1.0542988327994247,nan,1.0025672235690488,nan,1.002534351178674,nan
C x z,3,-12.347519625639805,nan,-11.581758775251684,nan,-11.614494537229398,nan,1.1578544220081568,nan,1.157821365360916,nan,1.0063822354254468,nan,1.0062607894763638,nan
C e J,3,-15.049274564671798,nan,-14.686811530859217,nan,-14.738057607915332,nan,1.063083607471262,nan,1.0630950781053947,nan,1.002020803214267,nan,1.0020095935877724,nan
z i S,3,-12.67367717971144,nan,-19.668656125458742,nan,-19.60228536723822,nan,1.072683845343403,nan,1.0726907893387863,nan,1.0000432708430242,nan,1.0000693659291584,nan
z u v,3,-12.124527904298475,nan,-19.325519847625074,nan,-19.192172920401873,nan,1.129568150043908,nan,1.1295483374383959,nan,1.0014941169031193,nan,1.001486718459139,nan
D Y p,3,-11.435839529136164,nan,-14.725767073161647,nan,-14.555050856189332,nan,1.130962620079231,nan,1.1309444874444594,nan,1.002610494412073,nan,1.002576956493687,nan
s X k,3,-10.900572189454358,nan,-12.916841907429424,nan,-12.91100156883318,nan,1.1350403280087342,nan,1.1350099850298176,nan,1.0021204786274214,nan,1.0021039663577793,nan
b X s,3,-11.361420245159024,nan,-11.212509709480175,nan,-11.215109387104844,nan,1.1311995815120484,nan,1.1311713132206402,nan,1.0022960407311374,nan,1.0022782580673237,nan
T x z,3,-12.119101079188834,nan,-11.895580415475541,nan,-11.911505685833871,nan,1.1618241528107869,nan,1.161789537315034,nan,1.0063714177146907,nan,1.0062501381476106,nan
S c G,3,-13.47224000337206,nan,-14.13049641296783,nan,-14.096266452136314,nan,1.078304675763117,nan,1.0783072106130633,nan,1.0018888819880802,nan,1.0018728121395004,nan
J e J,3,-15.275852016833923,nan,-15.43586212843768,nan,-15.470256172577697,nan,1.065058135031945,nan,1.0650688303013232,nan,1.0011553863537832,nan,1.0011574872875115,nan
D x z,3,-10.199019919142708,nan,-7.487340503200163,nan,-7.498357596875235,nan,1.2365047135352627,nan,1.236440772201879,nan,1.0359362212109748,nan,1.0353602196302754,nan
S Y p,3,-13.488228023344288,nan,-14.52087207540488,nan,-14.465371499212278,nan,1.054721045419346,nan,1.0547328516069063,nan,1.0026321298335852,nan,1.0025982591511937,nan
n W C,3,-13.200309342827959,nan,-12.63301916730896,nan,-12.650147450928705,nan,1.0570006935233123,nan,1.0570142197794998,nan,1.0048176105348625,nan,1.0047684540010178,nan
l W C,3,-13.7109776906136,nan,-14.108453305372622,nan,-14.113190076472057,nan,1.0554603552691668,nan,1.055474486391053,nan,1.0004039845463941,nan,1.000422711869687,nan
S c d,3,-12.40940486579596,nan,-15.76762148321636,nan,-15.710199214634125,nan,1.1239901223919597,nan,1.1239640426552588,nan,1.0006519114114871,nan,1.000664615735093,nan
g i J,3,-12.80582908810589,nan,-17.15231561852727,nan,-16.5046607030208,nan,1.1226060252327204,nan,1.1225939282380049,nan,1.0000813992055577,nan,1.000106777872057,nan
C u T,3,-14.379852995633215,nan,-17.061461740844717,nan,-17.015589298068456,nan,1.1172310891572266,nan,1.1172198129270743,nan,1.0008083168253104,nan,1.0008214752366233,nan
D i g,3,-10.430751929446668,nan,-17.680083657082655,nan,-17.458892378394335,nan,1.1640663463361167,nan,1.1640352401536758,nan,1.0012126491042261,nan,1.0012202386035594,nan
w u T,3,-12.29309256302503,nan,-16.848492365492906,nan,-16.759957062481753,nan,1.189626987102064,nan,1.1895872821840754,nan,1.000548691767165,nan,1.000565843346545,nan
T c T,3,-14.310380867287503,nan,-17.3827509363359,nan,-17.320243348887335,nan,1.0695246156782068,nan,1.0695330145636066,nan,1.000227171925877,nan,1.0002504385179638,nan
g u T,3,-12.498826560443728,nan,-19.52254859324118,nan,-19.17401650281832,nan,1.166098061823976,nan,1.1660675963310216,nan,1.0001700718907034,nan,1.000193046840181,nan
f X s,3,-12.082407145112638,nan,-12.611687346004532,nan,-12.605807347643735,nan,1.1010544382295773,nan,1.1010380074440564,nan,1.0016037072427502,nan,1.001596573027115,nan
J Y m,3,-13.233683572870538,nan,-15.362993289328937,nan,-14.723591663355043,nan,1.1157560472989807,nan,1.115729523420819,nan,1.0018580271051352,nan,1.0018416519068138,nan
n X z,3,-11.19554172243904,nan,-13.52564993935698,nan,-13.49118679252762,nan,1.0795819862110299,nan,1.07958162527477,nan,1.0001314107783956,nan,1.0001553703127577,nan
m X n,3,-10.616503878635976,nan,-13.296330420237517,nan,-13.268017450468927,nan,1.1792152291153333,nan,1.1791539205148656,nan,1.0026440130438898,nan,1.002609439648996,nan
C u S,3,-14.512160329795215,nan,-15.093321951730523,nan,-15.120228069863552,nan,1.117330046803354,nan,1.1173187085921477,nan,1.0008083168253104,nan,1.0008214752366233,nan
S e J,3,-14.953163352382829,nan,-14.350778991773844,nan,-14.399301531391423,nan,1.0654923243384828,nan,1.0655028491088048,nan,1.001988350081999,nan,1.0019776396015128,nan
T x S,3,-13.713479546032705,nan,-15.303843908323872,nan,-15.323498016629452,nan,1.1383052189144944,nan,1.1382853342492685,nan,1.0003350013009158,nan,1.0003541396941018,nan
v e D,3,-11.880943447359707,nan,-inf,nan,-25.3109109106332,nan,1.0677079906592744,nan,1.0677160769311727,nan,1,1,1.0000267606141453,1.0
C x S,3,-13.941898092483676,nan,-14.990022268100015,nan,-15.026486868024977,nan,1.1343354881118644,nan,1.1343171622951504,nan,1.0003458190116719,nan,1.000364791022855,nan
n c T,3,-11.72907815873479,nan,-15.40635416146159,nan,-15.36162821124173,nan,1.0948213117043408,nan,1.0948197769899783,nan,1.0051384126091236,nan,1.0050861417719448,nan
s X p,3,-11.52872395884702,nan,-13.152983770615233,nan,-13.145197479318742,nan,1.0885962060929142,nan,1.0885949528887267,nan,1.0016751692198478,nan,1.0016690156521926,nan
D i D,3,-10.163278658139056,nan,-16.284894254718868,nan,-16.238976800380282,nan,1.1591019710887227,nan,1.1590739742891627,nan,1.0012951138093324,nan,1.00130078503052,nan
S c g,3,-12.790080312710991,nan,-16.042875140540986,nan,-16.00443754638981,nan,1.0773315922428635,nan,1.0773347365731756,nan,1.0028289796262913,nan,1.0027910414068502,nan
C i S,3,-14.364166858844278,nan,-16.160166975417287,nan,-16.13718492669124,nan,1.0761470219550724,nan,1.076152606017509,nan,1.0007031511991433,nan,1.0007190969831075,nan
g i D,3,-10.430751929446668,nan,-15.251990082217205,nan,-15.21394663532065,nan,1.1293186522283662,nan,1.129302350852147,nan,1.0002133427337276,nan,1.0002356521551938,nan
T c S,3,-14.442688201449503,nan,-14.725999121827153,nan,-14.732755869256591,nan,1.0696235733243342,nan,1.06963191022868,nan,1.0012332413281728,nan,1.001233104926882,nan
z u T,3,-12.689363316500373,nan,-22.883465054412408,nan,-22.674744741190377,nan,1.1137679125455573,nan,1.1137579962483515,nan,1.0002241604444837,nan,1.0002463034839473,nan
S Y m,3,-12.910994908419442,nan,-13.31421718189636,nan,-13.26007531889651,nan,1.1161902366055185,nan,1.1161635422283007,nan,1.0019229333696715,nan,1.0019055598793336,nan
D x v,3,-11.09625563962268,nan,-7.694811478954425,nan,-7.715769675717175,nan,1.2286870594911936,nan,1.2286280146610846,nan,1.0314336483121753,nan,1.030962384718232,nan
t W C,3,-12.886962628007726,nan,-14.749698930517296,nan,-14.751806343766848,nan,1.0631413708586304,nan,1.0631524857710262,nan,1.0008691461089043,nan,1.0008807190060771,nan
g Y b,3,-11.536009086755778,nan,-16.931886224708396,nan,-16.841509668814396,nan,1.101129822395811,nan,1.1011234161749068,nan,1.0026975688478956,nan,1.0026624317082378,nan
r c S,3,-12.125325848336413,nan,-14.316442789533651,nan,-14.338529372508797,nan,1.073665669011387,nan,1.0736724186507116,nan,1.0015469549400982,nan,1.0015419934607266,nan
d X s,3,-10.959316484753565,nan,-11.552722301709569,nan,-11.554738111805959,nan,1.1207480246332493,nan,1.1207238604976888,nan,1.0015171655567017,nan,1.0015113623970888,nan
S c z,3,-12.980617068767634,nan,-13.99937305569921,nan,-13.960401109193032,nan,1.0915814932852175,nan,1.0915757123437375,nan,1.0002066020039135,nan,1.0002296650295062,nan
y c d,3,-10.245754655150295,nan,-13.568663145045242,nan,-13.542097799971897,nan,1.2153146065337121,nan,1.2152526651622342,nan,1.0011603438170216,nan,1.0011652281864962,nan
J u S,3,-14.73873778195734,nan,-14.432210706782454,nan,-14.469838111140184,nan,1.119304574364037,nan,1.119292460788076,nan,1.0009273116436268,nan,1.0009386398529092,nan
h u S,3,-12.636222964113202,nan,-13.366121861373971,nan,-13.371847737722499,nan,1.1787678336784315,nan,1.178732369850802,nan,1.0018684524794033,nan,1.001865305454443,nan
g u S,3,-12.631133894605728,nan,-17.554408804126986,nan,-17.278655274613413,nan,1.1661970194701035,nan,1.166166491996095,nan,1.0001700718907034,nan,1.000193046840181,nan
y X z,3,-11.745501554508088,nan,-8.228189478605227,nan,-8.240921712236421,nan,1.144048760391239,nan,1.1440230844046657,nan,1.0088072148047476,nan,1.0086977359728737,nan
C e g,3,-12.94167067732019,nan,-inf,nan,-19.590883035335857,nan,1.0747606097143019,nan,1.0747647665840498,nan,1.0011466773401412,nan,1.001155801461991,nan
z i J,3,-12.996365844162534,nan,-22.85343403626385,nan,-22.181822749060007,nan,1.0702758759543016,nan,1.0702843281553347,nan,1.0000597637840456,nan,1.0000854752145505,nan
m u S,3,-12.242632806859309,nan,-13.929588463585095,nan,-13.935091440042113,nan,1.152830191533123,nan,1.1528049129943383,nan,1.0022795254881331,nan,1.002270055947067,nan
D Y m,3,-10.858606414211316,nan,-13.519112179653128,nan,-13.349754675873564,nan,1.1924318112654035,nan,1.1923751780658538,nan,1.0019012979481594,nan,1.001884257221827,nan
J e g,3,-13.168248129482315,nan,-inf,nan,-20.323081599998225,nan,1.076735137274985,nan,1.0767385187799783,nan,1.0002812604796574,nan,1.0003036951617301,nan
f u v,3,-12.676406361685874,nan,-13.431057627800264,nan,-13.428673675884646,nan,1.1510811963987855,nan,1.151052935970999,nan,1.001872736779581,nan,1.001859514965503,nan
v X n,3,-12.09277744291901,nan,-12.218946552298773,nan,-12.235173596620935,nan,1.1416268405779308,nan,1.1415802923243108,nan,1.0026223776223777,nan,1.0025881369914893,nan
g i C,3,-12.579251635943764,nan,-12.083420656273587,nan,-12.111057135532503,nan,1.1271415840135621,nan,1.1271266462205334,nan,1.0012194121360234,nan,1.001218318564112,nan
C i D,3,-12.311778364636153,nan,-17.44461934991233,nan,-17.426008240812873,nan,1.0804516795616168,nan,1.0804545674481996,nan,1.0008515876683346,nan,1.0008640805516364,nan
C Y z,3,-13.586143964511477,nan,-14.96963919916768,nan,-14.89497726007968,nan,1.0636429790337192,nan,1.0636486342543945,nan,1.000196317042932,nan,1.0002192782852772,nan
d c T,3,-12.27709753163396,nan,-15.382464230671776,nan,-15.33717699884734,nan,1.1032983410224568,nan,1.1032934775170011,nan,1.002390714077087,nan,1.0023807042686161,nan
y X v,3,-12.642737274988058,nan,-10.545873654706078,nan,-10.524461286435864,nan,1.13623110634717,nan,1.1362103268638712,nan,1.0090051300970024,nan,1.008891047397579,nan
z i g,3,-10.888761956810924,nan,-22.348297902317572,nan,-22.111024259373906,nan,1.0819528781973415,nan,1.0819540166339898,nan,1.0001092426071092,nan,1.0001338030707267,nan
S e g,3,-12.845559465031219,nan,-inf,nan,-19.25212695881195,nan,1.0771693265815228,nan,1.07717253758746,nan,1.0011142242078732,nan,1.0011238474757314,nan
C e D,3,-12.674197406012576,nan,-inf,nan,-19.85257199824602,nan,1.0697962344669079,nan,1.0698035007195368,nan,1.0011466773401412,nan,1.001155801461991,nan
n W T,3,-12.97189079637699,nan,-12.199467222874384,nan,-12.229245161622105,nan,1.0547741464854445,nan,1.0547890673153495,nan,1.0063349611088168,nan,1.006250508257091,nan
T x J,3,-14.0361682104838,nan,-17.973155815806486,nan,-17.869512706412593,nan,1.135897249525393,nan,1.135878873065817,nan,1.0001205930676396,nan,1.0001447189840045,nan
T c g,3,-12.65777297854899,nan,-15.481060516437001,nan,-15.466351988695774,nan,1.0788926061782727,nan,1.0788951375238836,nan,1.0029155213123397,nan,1.0028762520368761,nan
n c G,3,-10.758629960657345,nan,-11.592285013989535,nan,-11.599565756796673,nan,1.1051623857246602,nan,1.105154373990143,nan,1.0068866643573753,nan,1.0067937260235074,nan
s X n,3,-10.411297111854394,nan,-11.90485882945276,nan,-11.904176174221814,nan,1.1933263815778068,nan,1.1932595317580195,nan,1.0033904350860572,nan,1.003344381332971,nan
s X d,3,-10.959316484753565,nan,-12.024810565520902,nan,-12.023647063326797,nan,1.1323354856812504,nan,1.1323068368511462,nan,1.0020380139223153,nan,1.0020234199308187,nan
J e D,3,-12.900774858174701,nan,-inf,nan,-20.58477056290839,nan,1.071770762027591,nan,1.0717772529154652,nan,1.0002812604796574,nan,1.0003036951617301,nan
b c T,3,-12.67920129203942,nan,-14.14145247233925,nan,-14.100176002837742,nan,1.113749897901256,nan,1.1137409302399526,nan,1.0041648186410792,nan,1.0041275221841512,nan
y x z,3,-10.087758202705169,nan,-9.570893428744832,nan,-9.578727189606292,nan,1.2515876230171301,nan,1.2515177588713013,nan,1.009486918412433,nan,1.00931772082855,nan
y c T,3,-12.279037990803838,nan,-15.74560722226877,nan,-15.690227491919142,nan,1.15928808588455,nan,1.159261236119874,nan,1.000649062645363,nan,1.0006658403393411,nan
k X n,3,-10.565585224168158,nan,-12.575479819310118,nan,-12.567154196219333,nan,1.180807256572638,nan,1.180745322808965,nan,1.0027197370191823,nan,1.0026839989502687,nan
D i C,3,-12.311778364636153,nan,-13.11632482877525,nan,-13.136087300592136,nan,1.1569249028739186,nan,1.1568982696575492,nan,1.0023011832116282,nan,1.002283451439438,nan
D x S,3,-11.793398385986578,nan,-10.895603996048495,nan,-10.910349927670813,nan,1.2129857796389703,nan,1.2129365691361136,nan,1.0298998047972,nan,1.0294642211767666,nan
C x J,3,-14.26458675693477,nan,-17.659334175582625,nan,-17.572501557808117,nan,1.1319275187227629,nan,1.131910701111699,nan,1.0001314107783956,nan,1.0001553703127577,nan
z u S,3,-12.821670650662373,nan,-20.915325265298215,nan,-20.77938351298547,nan,1.1138668701916847,nan,1.1138568919134249,nan,1.0002241604444837,nan,1.0002463034839473,nan
n c d,3,-9.695794823081245,nan,-13.229410084238065,nan,-13.213498519294486,nan,1.150847832353503,nan,1.1508112060323386,nan,1.0056496937807822,nan,1.0055855296190999,nan
y x J,3,-12.004825334000135,nan,-15.648468829075773,nan,-15.536734210185012,nan,1.2256607197317362,nan,1.2256070946220843,nan,1.003236093765382,nan,1.003212301664944,nan
p u S,3,-12.819865921784157,nan,-14.125806623218521,nan,-14.132833893181463,nan,1.1370856602508173,nan,1.137066564332563,nan,1.0011328481479917,nan,1.0011410150992213,nan
y X p,3,-11.743696825629872,nan,-10.132756388193272,nan,-10.135544447449659,nan,1.132718109909645,nan,1.1326995307537675,nan,1.0096153689147884,nan,1.0094870909570868,nan
D Y v,3,-12.33487997849435,nan,-15.047384624808862,nan,-14.875357062337565,nan,1.134475616516756,nan,1.1344552835545632,nan,1.0007138061946301,nan,1.0007243886735957,nan
s X t,3,-10.097950397034161,nan,-11.459300269933916,nan,-11.457854108374672,nan,1.242574303467238,nan,1.2424766077428555,nan,1.0032090127348234,nan,1.0031671791936578,nan
y c G,3,-11.308589792726394,nan,-11.931538074796714,nan,-11.928165037474086,nan,1.1696291599048694,nan,1.1695958331200387,nan,1.0023973143936147,nan,1.0023734245909037,nan
z i C,3,-12.76978839200041,nan,-17.784539074010166,nan,-17.78821918157171,nan,1.0748114347351434,nan,1.0748170461378632,nan,1.0011977767145113,nan,1.0011970159066055,nan
S Y v,3,-14.387268472702477,nan,-14.842489627052094,nan,-14.785677705360511,nan,1.058234041856871,nan,1.05824364771701,nan,1.0007354416161423,nan,1.0007456913311024,nan
D i S,3,-12.215667152347184,nan,-15.000441880223828,nan,-14.950153486258651,nan,1.1547973134821783,nan,1.1547720128584722,nan,1.0011466773401412,nan,1.001155801461991,nan
S c S,3,-14.574995535611503,nan,-15.287813745931137,nan,-15.270841426950627,nan,1.068062559388925,nan,1.068071509277972,nan,1.0011466996421243,nan,1.001147894296856,nan
f X t,3,-11.434073465006207,nan,-11.627624703185841,nan,-11.625579608099397,nan,1.2110128760182037,nan,1.2109275739513912,nan,1.002873663701386,nan,1.0028369880023067,nan
g i S,3,-12.483140423654795,nan,-13.967537707722162,nan,-13.925123321199017,nan,1.1250139946218218,nan,1.1250003894214564,nan,1.0000649062645364,nan,1.0000906685866648,nan
C u v,3,-13.815017583431313,nan,-13.503516534057383,nan,-13.533017477279955,nan,1.1330313266555774,nan,1.1330101541171187,nan,1.002078273283946,nan,1.002061890211815,nan
t X t,3,-9.449616716927729,nan,-10.502292574335707,nan,-10.50855387238554,nan,1.2283701104390778,nan,1.228277992469527,nan,1.004009523330771,nan,1.0039553775213992,nan
S X z,3,-13.909151765153755,nan,-11.284491623191784,nan,-11.312270941764233,nan,1.0527242762494866,nan,1.0527344618976904,nan,1.0006939317377102,nan,1.0007092394079273,nan
S x J,3,-14.1684755446458,nan,-17.53660356623341,nan,-17.44478751659758,nan,1.1343362355899838,nan,1.134318472115109,nan,1.0004883952333452,nan,1.0005068641616153,nan
S u T,3,-14.283741783344244,nan,-16.56137774800715,nan,-16.51486389359949,nan,1.1196398060244475,nan,1.1196275839304843,nan,1.0009814001974071,nan,1.0009918964966755,nan
s X l,3,-10.921965459640035,nan,-12.201295569199207,nan,-12.200957519948831,nan,1.114721024670563,nan,1.1147034084680905,nan,1.0031430409707385,nan,1.0031027420520895,nan
g u v,3,-11.93399114824183,nan,-15.964603386453845,nan,-15.691444682029815,nan,1.1818982993223268,nan,1.181857937521066,nan,1.001440028349339,nan,1.0014334618153726,nan
w u v,3,-11.728257150823133,nan,-13.290547158705571,nan,-13.277385241693253,nan,1.2054272246004147,nan,1.2053776233741198,nan,1.0018186482258007,nan,1.0018062583217366,nan
C Y b,3,-13.417035521945262,nan,-17.71165410389891,nan,-17.640593524798334,nan,1.0522628497290616,nan,1.0522756327709595,nan,1.0026867511371398,nan,1.0026517803794845,nan
z u b,3,-11.05818374125229,nan,-23.13338806257056,nan,-22.9769004328815,nan,1.1260056747833196,nan,1.1259880934957553,nan,1.0010323145545246,nan,1.0010356584681601,nan
J Y z,3,-13.812721416673602,nan,-16.548312145974624,nan,-15.895989412889444,nan,1.0656175065944022,nan,1.065622386450323,nan,1.0001097753568835,nan,1.000134067655251,nan
D x d,3,-9.627807716171034,nan,-9.636648652858884,nan,-9.63799846946055,nan,1.268913342642005,nan,1.2688291025134004,nan,1.0309058741994956,nan,1.0304468875856847,nan
f u S,3,-13.373549108049772,nan,-15.020863045473405,nan,-15.015884268468245,nan,1.1353799165465621,nan,1.1353614904460279,nan,1.0006027803209454,nan,1.0006190999903113,nan
S c T,3,-14.442688201449503,nan,-17.944565560439884,nan,-17.85832890658137,nan,1.0679636017427976,nan,1.0679726136128986,nan,1.0001406302398286,nan,1.0001652278879378,nan
l W T,3,-13.482559144162629,nan,-13.674901360938046,nan,-13.692287787165457,nan,1.053233808231299,nan,1.0532493339269027,nan,1.0019213351203484,nan,1.00190476612576,nan
D Y b,3,-11.268535815448166,nan,-17.446445941030046,nan,-17.267768690126616,nan,1.1309131412561675,nan,1.1308950396119226,nan,1.0026434802941155,nan,1.0026091750644714,nan
S Y b,3,-13.320924309656291,nan,-17.24155094327328,nan,-17.178089333149565,nan,1.0546715665962825,nan,1.0546834037743695,nan,1.0026651157156277,nan,1.002630477721978,nan
z i D,3,-10.621288685503313,nan,-20.953108499953785,nan,-20.891108681359853,nan,1.0769885029499475,nan,1.0769927507694768,nan,1.0001917073122155,nan,1.0002143494976874,nan
s X m,3,-10.951490843922175,nan,-13.259500973397643,nan,-13.243575323236913,nan,1.1500653972790866,nan,1.150025643510121,nan,1.000801043345722,nan,1.0008152235264112,nan
h x s,3,-9.687337649373145,nan,-8.771327282310036,nan,-8.779919712318831,nan,1.2519812179873377,nan,1.2519035613154663,nan,1.0199615185096491,nan,1.0196165277654536,nan
T X z,3,-13.776844430991755,nan,-11.851594637251239,nan,-11.862159274533251,nan,1.0542852901848958,nan,1.0542948628483984,nan,1.0004775775225891,nan,1.000496212832862,nan
y x S,3,-11.682136669549038,nan,-12.979156921593162,nan,-12.990719520401873,nan,1.2280686891208377,nan,1.2280135558055358,nan,1.0034505019986582,nan,1.0034217223750412,nan
g c T,3,-12.65777297854899,nan,-13.739945744959003,nan,-13.699338395507745,nan,1.1144218575423261,nan,1.114412626013436,nan,1.0067935223547992,nan,1.0067157950711938,nan
n W d,3,-10.938607460723444,nan,-12.43338756734354,nan,-12.41856938831973,nan,1.1108006671346067,nan,1.1107804963577097,nan,1.0049330611220113,nan,1.0048812189987624,nan
S u v,3,-13.718906371142342,nan,-13.003432541219816,nan,-13.03229207281099,nan,1.1354400435227983,nan,1.1354179251205287,nan,1.0022513566560427,nan,1.0022323114718672,nan
k X m,3,-11.10577895623594,nan,-13.930121963255,nan,-13.906553345234432,nan,1.1375462722739178,nan,1.1375114345610666,nan,1.000130345278847,nan,1.000154841143709,nan
D x g,3,-10.008483163086066,nan,-10.724404853767794,nan,-10.730314112232614,nan,1.2222548124929087,nan,1.2221997964313172,nan,1.0308399024354107,nan,1.0303824504441164,nan
y c S,3,-12.411345324965838,nan,-13.088855407760022,nan,-13.102740012288399,nan,1.1593870435306775,nan,1.1593601317849473,nan,1.0016551320476588,nan,1.0016485067482592,nan
C X z,3,-14.005262977442726,nan,-12.419939683065408,nan,-12.433236755985055,nan,1.0503155593822657,nan,1.0503266908942803,nan,1.0001746816214199,nan,1.0001979756277708,nan
D i T,3,-12.083359818185183,nan,-13.707924310454864,nan,-13.720411790080792,nan,1.1546983558360508,nan,1.1546731171933988,nan,1.001608479688736,nan,1.0016068614529698,nan
s X z,3,-11.530528687725239,nan,-11.248416861027186,nan,-11.250574744105505,nan,1.0999268565745082,nan,1.0999185065396249,nan,1.000867015109807,nan,1.0008796606679795,nan
S e D,3,-12.578086193723607,nan,-inf,nan,-19.513815921722113,nan,1.0722049513341287,nan,1.0722112717229468,nan,1.0011142242078732,nan,1.0011238474757314,nan
d Y z,3,-11.324442082406962,nan,-12.218443319638936,nan,-12.210398612852279,nan,1.1013864351805993,nan,1.101377269161907,nan,1.001537713176682,nan,1.0015400430506818,nan
b A p,3,-11.269798377784262,nan,-9.742006872611936,nan,-9.75445308174885,nan,1.1360110682791598,nan,1.1359903063085501,nan,1.007707559858034,nan,1.0076052453665767,nan
b i l,3,-10.30162704221615,nan,-10.049440055669274,nan,-10.056941558456893,nan,1.1626551369730989,nan,1.1626177986422042,nan,1.0080190243595593,nan,1.0078919015937882,nan
b i s,3,-10.125945659716708,nan,-10.773330199218575,nan,-10.773472209695202,nan,1.1805499779811475,nan,1.1805014314096345,nan,1.004885365565523,nan,1.004831137369289,nan
b X s,3,-11.361420245159024,nan,-11.212509709480175,nan,-11.215109387104844,nan,1.1311995815120484,nan,1.1311713132206402,nan,1.0022960407311374,nan,1.0022782580673237,nan
b Y s,3,-10.942301232227775,nan,-10.196071118531215,nan,-10.2020659938029,nan,1.1445270011635018,nan,1.1444932565807544,nan,1.0058997739469557,nan,1.0058205846574682,nan
b x l,3,-9.879358275855546,nan,-8.731400862520768,nan,-8.741154264253346,nan,1.2208436031298908,nan,1.2207823549198455,nan,1.0078036687380374,nan,1.0077031256831777,nan
C A l,3,-12.52263800027633,nan,-14.535143608135613,nan,-14.52158269328369,nan,1.1139408738311294,nan,1.11392267425745,nan,1.0004529306196837,nan,1.0004707751413389,nan
C i D,3,-12.311778364636153,nan,-17.44461934991233,nan,-17.426008240812873,nan,1.0804516795616168,nan,1.0804545674481996,nan,1.0008515876683346,nan,1.0008640805516364,nan
C i n,3,-11.650556816129564,nan,-12.659517754387513,nan,-12.684572154322257,nan,1.1930654808546635,nan,1.1929978343016692,nan,1.0031111205882448,nan,1.0030710526503541,nan
C X J,3,-15.922330108737691,nan,-18.339044742424576,nan,-17.986853359585375,nan,1.0243886560968718,nan,1.0244160266450633,nan,1.0000757239752924,nan,1.0001013199154183,nan
C X g,3,-13.814726221386081,nan,-inf,nan,-19.93095789044154,nan,1.0360656583399117,nan,1.0360857151237184,nan,1.0000757239752924,nan,1.0001013199154183,nan
C X T,3,-15.467334110124597,nan,-17.467247107025393,nan,-17.3238794136191,nan,1.0266976678398458,nan,1.0267235921634414,nan,1.000108709857335,nan,1.0001335384862025,nan
C x J,3,-14.26458675693477,nan,-17.659334175582625,nan,-17.572501557808117,nan,1.1319275187227629,nan,1.131910701111699,nan,1.0001314107783956,nan,1.0001553703127577,nan
C x n,3,-11.22828804976896,nan,-10.653035335047248,nan,-10.68290117176613,nan,1.2512539470114554,nan,1.2511623905793106,nan,1.0374714292504896,nan,1.0366267924404722,nan
C x S,3,-13.941898092483676,nan,-14.990022268100015,nan,-15.026486868024977,nan,1.1343354881118644,nan,1.1343171622951504,nan,1.0003458190116719,nan,1.000364791022855,nan
C x C,3,-14.038009304772645,nan,-14.008338913864167,nan,-14.061913933309103,nan,1.1364630775036046,nan,1.1364434190942274,nan,1.0018301837035837,nan,1.001814626708144,nan
d i k,3,-9.878130011625014,nan,-11.809952787497073,nan,-11.812213643043167,nan,1.172522883432471,nan,1.17247692248098,nan,1.0020768600518755,nan,1.0020585489313714,nan
d i s,3,-9.723841899311248,nan,-11.9637772141196,nan,-11.96106944064059,nan,1.1700984211023484,nan,1.170053978686683,nan,1.0011532553546858,nan,1.0011564289494137,nan
d i t,3,-9.075508219204817,nan,-9.519251501290663,nan,-9.524718697442013,nan,1.2800568588909749,nan,1.2799435451940178,nan,1.0041879565025946,nan,1.00412053746156,nan
d E p,3,-11.268978068477736,nan,-15.488407427539704,nan,-15.428488076769634,nan,1.1096682942997236,nan,1.1096581662511769,nan,1.0007941399006388,nan,1.0008038767624585,nan
d X s,3,-10.959316484753565,nan,-11.552722301709569,nan,-11.554738111805959,nan,1.1207480246332493,nan,1.1207238604976888,nan,1.0015171655567017,nan,1.0015113623970888,nan
D i D,3,-10.163278658139056,nan,-16.284894254718868,nan,-16.238976800380282,nan,1.1591019710887227,nan,1.1590739742891627,nan,1.0012951138093324,nan,1.00130078503052,nan
D i g,3,-10.430751929446668,nan,-17.680083657082655,nan,-17.458892378394335,nan,1.1640663463361167,nan,1.1640352401536758,nan,1.0012126491042261,nan,1.0012202386035594,nan
D i C,3,-12.311778364636153,nan,-13.11632482877525,nan,-13.136087300592136,nan,1.1569249028739186,nan,1.1568982696575492,nan,1.0023011832116282,nan,1.002283451439438,nan
d I J,3,-12.302305818200619,nan,-14.20924302966308,nan,-14.209298293267443,nan,1.1037370278115195,nan,1.103732481490075,nan,1.0056035741716338,nan,1.005544148908335,nan
d I D,3,-9.927228659541395,nan,-12.315432174374212,nan,-12.32074722481167,nan,1.1104496548071654,nan,1.1104409041042171,nan,1.0131738341003844,nan,1.012938310903309,nan
d Y p,3,-11.322637353528744,nan,-12.239779356501767,nan,-12.243297043633646,nan,1.0900557846990053,nan,1.0900537155110088,nan,1.0039951613888474,nan,1.0039403265741047,nan
d Y t,3,-9.891863791715885,nan,-10.185582135574553,nan,-10.189128032351146,nan,1.2440338820733292,nan,1.2439353703651377,nan,1.008794607226029,nan,1.008628128623206,nan
d I T,3,-11.847309819587522,nan,-13.47357756858848,nan,-13.483145445679636,nan,1.1060460395544935,nan,1.1060400470084533,nan,1.0056035741716338,nan,1.005544148908335,nan
d I Z,3,-16.701681091209114,nan,-inf,nan,-19.378202388037295,nan,1.1024505784118626,nan,1.1024468378441217,nan,1.0056035741716338,nan,1.005544148908335,nan
f i k,3,-11.001220671984088,nan,-12.146834263945818,nan,-12.154576439970176,nan,1.152829297028799,nan,1.1527910694273475,nan,1.0039050531696478,nan,1.0038586234906728,nan
f i s,3,-10.846932559670321,nan,-12.300658690568342,nan,-12.3034322375676,nan,1.1504048346986764,nan,1.1503681256330507,nan,1.0029814484724582,nan,1.0029565035087151,nan
f X s,3,-12.082407145112638,nan,-12.611687346004532,nan,-12.605807347643735,nan,1.1010544382295773,nan,1.1010380074440564,nan,1.0016037072427502,nan,1.001596573027115,nan
f X t,3,-11.434073465006207,nan,-11.627624703185841,nan,-11.625579608099397,nan,1.2110128760182037,nan,1.2109275739513912,nan,1.002873663701386,nan,1.0028369880023067,nan
f Y k,3,-11.817576244495156,nan,-10.658574665678563,nan,-10.671947078882518,nan,1.1168063202111533,nan,1.1167828945984675,nan,1.0092450591140933,nan,1.0090682727009068,nan
f x l,3,-10.60034517580916,nan,-9.941744004922823,nan,-9.955052770384057,nan,1.1906984598474197,nan,1.1906490491432618,nan,1.0026868915504257,nan,1.0026650471828846,nan
g e s,3,-10.466936387602702,nan,-12.556276325049843,nan,-12.54470864201737,nan,1.1705664925275088,nan,1.170522060454455,nan,1.0033617112022095,nan,1.003314279438382,nan
g W d,3,-11.867302280537645,nan,-17.092468169512966,nan,-16.390481113403442,nan,1.130401212972592,nan,1.1303733453811673,nan,1.0003571694722022,nan,1.0003757069361325,nan
g W r,3,-11.583223263078096,nan,-inf,nan,-19.627646535103477,nan,1.2030691111121883,nan,1.2029957287666957,nan,1.000010817710756,nan,1.0000374119428985,nan
g W z,3,-12.43851448350932,nan,-15.620909120303068,nan,-14.938797996135845,nan,1.0979925838658497,nan,1.097985015069646,nan,1.0010333800540732,nan,1.0010361876372087,nan
g i C,3,-12.579251635943764,nan,-12.083420656273587,nan,-12.111057135532503,nan,1.1271415840135621,nan,1.1271266462205334,nan,1.0012194121360234,nan,1.001218318564112,nan
g i J,3,-12.80582908810589,nan,-17.15231561852727,nan,-16.5046607030208,nan,1.1226060252327204,nan,1.1225939282380049,nan,1.0000813992055577,nan,1.000106777872057,nan
g i D,3,-10.430751929446668,nan,-15.251990082217205,nan,-15.21394663532065,nan,1.1293186522283662,nan,1.129302350852147,nan,1.0002133427337276,nan,1.0002356521551938,nan
g X g,3,-11.933699786196598,nan,-inf,nan,-17.27681971485724,nan,1.0849326310066612,nan,1.0849334985276657,nan,1.0013954846875304,nan,1.0014007820233162,nan
g u v,3,-11.93399114824183,nan,-15.964603386453845,nan,-15.691444682029815,nan,1.1818982993223268,nan,1.181857937521066,nan,1.001440028349339,nan,1.0014334618153726,nan
h e s,3,-10.472025457110174,nan,-10.597815121008445,nan,-10.602614381144866,nan,1.1831373067358368,nan,1.1830879383091621,nan,1.0059363263621492,nan,1.0058492956816585,nan
h e n,3,-10.137038491823976,nan,-11.054558910585133,nan,-11.05655553311804,nan,1.243847822635032,nan,1.2437604288316608,nan,1.004699355785556,nan,1.004641099277251,nan
h i n,3,-9.77461945044755,nan,-8.6079351031284,nan,-8.615884944917063,nan,1.254503267729741,nan,1.2544114955603236,nan,1.022280104047965,nan,1.0219452072011344,nan
h Y s,3,-10.925961988244817,nan,-10.420159096549847,nan,-10.425069122603986,nan,1.1577697750129001,nan,1.1577308302089448,nan,1.0054237946736895,nan,1.0053519261923247,nan
h x s,3,-9.687337649373145,nan,-8.771327282310036,nan,-8.779919712318831,nan,1.2519812179873377,nan,1.2519035613154663,nan,1.0199615185096491,nan,1.0196165277654536,nan
J X T,3,-15.693911562286722,nan,-inf,nan,-20.18118955679449,nan,1.028672195400529,nan,1.0286973443593699,nan,1.0000329858820425,nan,1.0000589791849295,nan
J x n,3,-11.454865501931085,nan,-8.772418343360291,nan,-8.819070434183587,nan,1.2532284745721385,nan,1.253136142775239,nan,1.0413658051226675,nan,1.0404612707916465,nan
k e d,3,-10.240549053001438,nan,-10.983310996492477,nan,-10.981675366299582,nan,1.1585113120504718,nan,1.1584716793624232,nan,1.0022506388890158,nan,1.002234594414213,nan
k X m,3,-11.10577895623594,nan,-13.930121963255,nan,-13.906553345234432,nan,1.1375462722739178,nan,1.1375114345610666,nan,1.000130345278847,nan,1.000154841143709,nan
l e l,3,-10.224591298073584,nan,-12.593974341213338,nan,-12.588758497722491,nan,1.1315307674273294,nan,1.1315058452751203,nan,1.0020337519241205,nan,1.0020213032546232,nan
m A b,3,-10.692565262859416,nan,-15.093519377471884,nan,-15.086631609392729,nan,1.1232667211601859,nan,1.12325097524774,nan,1.0045553440298287,nan,1.0045035920231822,nan
m e p,3,-10.860875181562712,nan,-13.356777762382663,nan,-13.34880104361309,nan,1.1131800050048308,nan,1.1131683931059042,nan,1.0028995165171264,nan,1.002876221666279,nan
m A v,3,-11.7589094259056,nan,-9.870846098365703,nan,-9.890893535237417,nan,1.1268291964207744,nan,1.1268112191903805,nan,1.0126368851302379,nan,1.0123971418653113,nan
m A z,3,-10.86167370542563,nan,-10.861733089053049,nan,-10.86691205235506,nan,1.1346468504648435,nan,1.134623976731175,nan,1.0049676675553598,nan,1.0049063241579848,nan
m X n,3,-10.616503878635976,nan,-13.296330420237517,nan,-13.268017450468927,nan,1.1792152291153333,nan,1.1791539205148656,nan,1.0026440130438898,nan,1.002609439648996,nan
m X s,3,-10.951490843922175,nan,-13.834834503537364,nan,-13.801923124166125,nan,1.118504713216138,nan,1.1184814299923669,nan,1.0011926342340203,nan,1.0011918225344911,nan
m Y d,3,-10.745404238603898,nan,-10.256798811267963,nan,-10.265088735014821,nan,1.1315517528702304,nan,1.1315231689681065,nan,1.0061352625499864,nan,1.006058950605683,nan
m x b,3,-9.908883660137686,nan,-14.272593995029178,nan,-14.271926530672607,nan,1.1819744374332681,nan,1.1819345682796716,nan,1.0022685450621076,nan,1.0022540449800486,nan
n e s,3,-9.538241567788502,nan,-13.416300927050207,nan,-13.40921724176895,nan,1.1509659466895235,nan,1.1509292114309975,nan,1.0036754248141349,nan,1.0036231679722267,nan
n e n,3,-9.203254602502303,nan,-13.873044716626895,nan,-13.863158393742125,nan,1.2116764625887186,nan,1.2116017019534961,nan,1.0024384542375415,nan,1.0024149715678192,nan
n c d,3,-9.695794823081245,nan,-13.229410084238065,nan,-13.213498519294486,nan,1.150847832353503,nan,1.1508112060323386,nan,1.0056496937807822,nan,1.0055855296190999,nan
n W d,3,-10.938607460723444,nan,-12.43338756734354,nan,-12.41856938831973,nan,1.1108006671346067,nan,1.1107804963577097,nan,1.0049330611220113,nan,1.0048812189987624,nan
n c G,3,-10.758629960657345,nan,-11.592285013989535,nan,-11.599565756796673,nan,1.1051623857246602,nan,1.105154373990143,nan,1.0068866643573753,nan,1.0067937260235074,nan
n i n,3,-8.840835561125878,nan,-11.348965435722947,nan,-11.352082194892706,nan,1.2223319076834276,nan,1.222252768682159,nan,1.0038575426304122,nan,1.0038059943343292,nan
p e k,3,-10.809956527094895,nan,-11.930826829524513,nan,-11.934017837049215,nan,1.1438795956383452,nan,1.14384507658522,nan,1.0081953711362517,nan,1.0080401888655812,nan
p e m,3,-10.860875181562712,nan,-12.988972643000839,nan,-12.986414752179897,nan,1.1589046649086976,nan,1.1588607350655233,nan,1.0030990523606875,nan,1.0030624196794222,nan
p e p,3,-11.43810829648756,nan,-13.955396676347373,nan,-13.945744527034392,nan,1.0974354737225251,nan,1.097430044444129,nan,1.0017961100200095,nan,1.0017897861334464,nan
p i m,3,-10.498456140186287,nan,-12.687671084673678,nan,-12.681943677938378,nan,1.1695601100034065,nan,1.1695118017941861,nan,1.0030635431430595,nan,1.0030421449894162,nan
p X b,3,-12.143860126865453,nan,-17.520507118165735,nan,-17.34923157154668,nan,1.0586910435250714,nan,1.0587015451512607,nan,1.0003415570134773,nan,1.0003626743466596,nan
p X d,3,-11.741756366459994,nan,-11.207910921313257,nan,-11.21652695006786,nan,1.1024798019364712,nan,1.102462876946217,nan,1.0015620346490492,nan,1.001554761465675,nan
p X v,3,-13.210204289911637,nan,-12.749201392920392,nan,-12.726994205046012,nan,1.0622535187856599,nan,1.0622617890939012,nan,1.0005889511287958,nan,1.000604313627541,nan
r e m,3,-10.007388690009707,nan,-14.165868352552007,nan,-14.161663560250444,nan,1.1471608779509173,nan,1.1471215597012576,nan,1.0024283542938124,nan,1.00240203729672,nan
r i g,3,-10.033470736379702,nan,-17.64302883609153,nan,-17.428149649805032,nan,1.0934278812986937,nan,1.0934245136888623,nan,1.001591268980688,nan,1.0015930351099236,nan
r i s,3,-9.4397628818517,nan,-12.708635645059404,nan,-12.705394624877377,nan,1.1403667914451512,nan,1.1403340241553201,nan,1.002267479562559,nan,1.0022535158109998,nan
r i t,3,-8.791429201745268,nan,-10.264109932230467,nan,-10.2690438816788,nan,1.2503252292337776,nan,1.2502235906626549,nan,1.0053021807104678,nan,1.005217624323146,nan
r i z,3,-10.224007492436346,nan,-9.703331266370386,nan,-9.713620782483423,nan,1.1076777823410477,nan,1.1076654894594242,nan,1.0076606712765055,nan,1.0075212521342165,nan
r E p,3,-10.98489905101819,nan,-13.780819947746547,nan,-13.774150317058716,nan,1.0799366646425264,nan,1.079938211719814,nan,1.0035959269864558,nan,1.0035625709095535,nan
r I D,3,-9.643149642081848,nan,-14.116297160367477,nan,-14.119529117559543,nan,1.0807180251499682,nan,1.0807209495728543,nan,1.008522218475283,nan,1.0083582395394064,nan
r I S,3,-11.695538136289976,nan,-13.213893402156803,nan,-13.242882346134062,nan,1.0764133675434238,nan,1.0764189881421637,nan,1.0024528161794655,nan,1.0024300225151135,nan
r I T,3,-11.563230802127975,nan,-15.274442554581743,nan,-15.281927338427508,nan,1.0763144098972963,nan,1.0763200924770904,nan,1.0009519585465323,nan,1.0009640775444324,nan
r I Z,3,-16.417602073749563,nan,-inf,nan,-21.176984280785167,nan,1.0727189487546653,nan,1.0727268833127588,nan,1.0009519585465323,nan,1.0009640775444324,nan
r I z,3,-10.101159669446105,nan,-10.192392182177885,nan,-10.201624763594992,nan,1.0999323014397162,nan,1.0999231912079293,nan,1.0031455197023575,nan,1.0031066125015817,nan
r x l,3,-9.193175497990538,nan,-11.678171762975344,nan,-11.682800887074508,nan,1.1806604165938945,nan,1.1806149476655312,nan,1.0021568237233793,nan,1.0021431320739749,nan
s i g,3,-10.104517346226277,nan,-16.12086131823746,nan,-15.906827656507321,nan,1.1350273520012533,nan,1.1350076489580572,nan,1.009607192650921,nan,1.0094856697160908,nan
s i v,3,-11.192289822762891,nan,-10.56633816621958,nan,-10.579317410943275,nan,1.1414595989995382,nan,1.1414358671878246,nan,1.010761698522408,nan,1.0106133196935378,nan
s X d,3,-10.959316484753565,nan,-12.024810565520902,nan,-12.023647063326797,nan,1.1323354856812504,nan,1.1323068368511462,nan,1.0020380139223153,nan,1.0020234199308187,nan
s X g,3,-11.339991931668596,nan,-inf,nan,-18.74829587856199,nan,1.0856769555321542,nan,1.085677530769063,nan,1.0007680574636795,nan,1.000783004955627,nan
s X k,3,-10.900572189454358,nan,-12.916841907429424,nan,-12.91100156883318,nan,1.1350403280087342,nan,1.1350099850298176,nan,1.0021204786274214,nan,1.0021039663577793,nan
s X m,3,-10.951490843922175,nan,-13.259500973397643,nan,-13.243575323236913,nan,1.1500653972790866,nan,1.150025643510121,nan,1.000801043345722,nan,1.0008152235264112,nan
S x J,3,-14.1684755446458,nan,-17.53660356623341,nan,-17.44478751659758,nan,1.1343362355899838,nan,1.134318472115109,nan,1.0004883952333452,nan,1.0005068641616153,nan
S x C,3,-13.941898092483674,nan,-13.885608304514955,nan,-13.934199892098563,nan,1.1388717943708255,nan,1.1388511900976375,nan,1.0021871681585333,nan,1.0021661205570016,nan
s Y b,3,-10.942301232227775,nan,-14.817015887464496,nan,-14.812622974216682,nan,1.101874146921304,nan,1.101867448416304,nan,1.0028706522199926,nan,1.00283285296829,nan
s Y v,3,-12.008645395273959,nan,-12.417954571243314,nan,-12.42021134642763,nan,1.1054366221818925,nan,1.1054276923589446,nan,1.0009409781205072,nan,1.0009480665774142,nan
s x J,3,-11.789852467217283,nan,-15.713950183888501,nan,-15.602993789458639,nan,1.1815388159150053,nan,1.1815025167570434,nan,1.0070114748192434,nan,1.0069296153998322,nan
s x g,3,-9.682248579865675,nan,-12.873439134125189,nan,-12.8769432842373,nan,1.1932158181580452,nan,1.1931722052356986,nan,1.0081659806907304,nan,1.0080572653772792,nan
s x S,3,-11.467163802766187,nan,-13.044638276405891,nan,-13.0569790996755,nan,1.1839467853041068,nan,1.183908977940495,nan,1.0072258830525196,nan,1.0071390361099295,nan
t e s,3,-9.224894852968268,nan,-11.923502740327029,nan,-11.925259913781838,nan,1.1571066240248415,nan,1.1570674774225238,nan,1.0062608576848309,nan,1.0061688355442562,nan
t E m,3,-9.830378865833485,nan,-11.821043762357895,nan,-11.825262613695577,nan,1.168801133503098,nan,1.1687534223370748,nan,1.0069472128143973,nan,1.006826436186161,nan
t X t,3,-9.449616716927729,nan,-10.502292574335707,nan,-10.50855387238554,nan,1.2283701104390778,nan,1.228277992469527,nan,1.004009523330771,nan,1.0039553775213992,nan
T i n,3,-11.422138269678593,nan,-14.62333224321189,nan,-14.52128401931402,nan,1.1970352116572935,nan,1.1969660062557872,nan,1.0024079693891015,nan,1.002378716281392,nan
T X T,3,-15.238915563673626,nan,-16.898902061211224,nan,-16.752801932167294,nan,1.030667398642476,nan,1.0306917641175595,nan,1.0004116057585042,nan,1.0004317756912937,nan
T x J,3,-14.0361682104838,nan,-17.973155815806486,nan,-17.869512706412593,nan,1.135897249525393,nan,1.135878873065817,nan,1.0001205930676396,nan,1.0001447189840045,nan
T x S,3,-13.713479546032705,nan,-15.303843908323872,nan,-15.323498016629452,nan,1.1383052189144944,nan,1.1382853342492685,nan,1.0003350013009158,nan,1.0003541396941018,nan
T x C,3,-13.809590758321674,nan,-14.322160554088024,nan,-14.358925081913577,nan,1.1404328083062347,nan,1.1404115910483454,nan,1.0018193659928276,nan,1.0018039753793908,nan
t Y s,3,-9.678831384102912,nan,-12.23373208484887,nan,-12.234200946315749,nan,1.1317390923019048,nan,1.1317103693223065,nan,1.0052290758800806,nan,1.005160202274766,nan
t x l,3,-8.615888427730683,nan,-9.99981296580359,nan,-10.005552766237859,nan,1.2080556942682938,nan,1.2079994676613977,nan,1.0030655114268876,nan,1.0030378436892489,nan
v e t,3,-10.906375184032886,nan,-18.280217395895235,nan,-17.600411861764258,nan,1.2295697138417523,nan,1.2294764197694783,nan,1.0018801952764216,nan,1.0018632191488448,nan
v i n,3,-10.857302857476693,nan,-14.756617770090335,nan,-14.748487631356237,nan,1.19097723704703,nan,1.190910410513305,nan,1.0025918704719543,nan,1.0025597888701974,nan
v X n,3,-12.09277744291901,nan,-12.218946552298773,nan,-12.235173596620935,nan,1.1416268405779308,nan,1.1415802923243108,nan,1.0026223776223777,nan,1.0025881369914893,nan
v e D,3,-11.880943447359707,nan,-inf,nan,-25.3109109106332,nan,1.0677079906592744,nan,1.0677160769311727,nan,1,1,1.0000267606141453,1.0
v Y k,3,-12.162933507587725,nan,-16.9891178274068,nan,-16.60424807993437,nan,1.0966682066603117,nan,1.0966526889562231,nan,1.0077954858727827,nan,1.0076409946479696,nan
v Y r,3,-11.937598785427383,nan,-17.960106262043382,nan,-17.566306129231567,nan,1.1666312624724242,nan,1.16657192416308,nan,1.0015446612257317,nan,1.0015355754843638,nan
v Y t,3,-11.360311715167528,nan,-15.94244671658636,nan,-15.5563367423897,nan,1.2042021821188156,nan,1.204119311669261,nan,1.0073666694062304,nan,1.0072221532277752,nan
w e s,3,-10.261202390184005,nan,-9.345252680795664,nan,-9.351523168745421,nan,1.1940954178055967,nan,1.1940417463075088,nan,1.0119293381210008,nan,1.0117501318109656,nan
w x J,3,-12.177826324326588,nan,-13.572294708770448,nan,-13.464019142099245,nan,1.2043234166676002,nan,1.2042781703687,nan,1.0298476622252644,nan,1.0294145703979682,nan
w x S,3,-11.855137659875492,nan,-10.902982801287838,nan,-10.918004452316106,nan,1.2067313860567017,nan,1.2066846315521516,nan,1.0300620704585406,nan,1.0296239911080656,nan
w x C,3,-11.951248872164463,nan,-9.921299447051988,nan,-9.953431517600231,nan,1.208858975448442,nan,1.2088108883512285,nan,1.0315464351504524,nan,1.0310738267933546,nan
y c d,3,-10.245754655150295,nan,-13.568663145045242,nan,-13.542097799971897,nan,1.2153146065337121,nan,1.2152526651622342,nan,1.0011603438170216,nan,1.0011652281864962,nan
y c g,3,-10.626430102065324,nan,-13.843916802369872,nan,-13.836336131727581,nan,1.1686560763846159,nan,1.168623359080151,nan,1.0033374120318257,nan,1.0032916538582535,nan
y c G,3,-11.308589792726394,nan,-11.931538074796714,nan,-11.928165037474086,nan,1.1696291599048694,nan,1.1695958331200387,nan,1.0023973143936147,nan,1.0023734245909037,nan
y X C,3,-13.435991233640928,nan,-13.395887689247024,nan,-13.038520908074831,nan,1.1226574158866869,nan,1.1226451381379772,nan,1.0087247500996415,nan,1.0086171895459133,nan
y X g,3,-11.554964798451444,nan,-inf,nan,-15.738642846692908,nan,1.129798859348885,nan,1.1297821086341038,nan,1.0087082571586201,nan,1.0086010802605212,nan
y X T,3,-13.207572687189959,nan,-13.275496902565212,nan,-13.131564369870466,nan,1.1204308688488192,nan,1.1204199856738268,nan,1.0087412430406626,nan,1.0086332988313054,nan
y X v,3,-12.642737274988058,nan,-10.545873654706078,nan,-10.524461286435864,nan,1.13623110634717,nan,1.1362103268638712,nan,1.0090051300970024,nan,1.008891047397579,nan
y x J,3,-12.004825334000135,nan,-15.648468829075773,nan,-15.536734210185012,nan,1.2256607197317362,nan,1.2256070946220843,nan,1.003236093765382,nan,1.003212301664944,nan
y x S,3,-11.682136669549038,nan,-12.979156921593162,nan,-12.990719520401873,nan,1.2280686891208377,nan,1.2280135558055358,nan,1.0034505019986582,nan,1.0034217223750412,nan
y x C,3,-11.77824788183801,nan,-11.997473567357316,nan,-12.026146585685998,nan,1.230196278512578,nan,1.2301398126046128,nan,1.00493486669057,nan,1.0048715580603302,nan
b O n,3,-13.025131934687028,nan,-11.315521039109209,nan,-11.276559684143342,nan,1.1780634276434998,nan,1.1780028236287345,nan,1.0030254147805262,nan,1.0030047330465177,nan
b O r,3,-13.28907229012665,nan,-inf,nan,-13.085761777122952,nan,1.1897404298865397,nan,1.1896725121073897,nan,1.0029099641933774,nan,1.002891968048773,nan
b O s,3,-13.360118899973227,nan,-11.647879147463415,nan,-11.545256141240818,nan,1.1173529117443046,nan,1.1173303331062359,nan,1.0029759359574624,nan,1.0029564051903412,nan
b U n,3,-10.919600896684944,nan,-inf,nan,-15.563567914236266,nan,1.216130951794039,nan,1.216054705677632,nan,1.0027476985320367,nan,1.002732198117474,nan
b u r,3,-10.202892520821067,nan,-9.490850378117578,nan,-9.498854186409824,nan,1.2941205209716642,nan,1.2940097129854269,nan,1.0107992652317968,nan,1.0105976644228354,nan
b U s,3,-11.254587861971142,nan,-inf,nan,-15.426799263225577,nan,1.155420435894844,nan,1.1553822151551334,nan,1.0027476985320367,nan,1.002732198117474,nan
b W r,3,-11.604651576568529,nan,-inf,nan,-15.097316557955127,nan,1.202397151471118,nan,1.2023240329932123,nan,1.0007031511991433,nan,1.0007190969831075,nan
C e D,3,-12.674197406012576,nan,-inf,nan,-19.85257199824602,nan,1.0697962344669079,nan,1.0698035007195368,nan,1.0011466773401412,nan,1.001155801461991,nan
C i D,3,-12.311778364636153,nan,-17.44461934991233,nan,-17.426008240812873,nan,1.0804516795616168,nan,1.0804545674481996,nan,1.0008515876683346,nan,1.0008640805516364,nan
C O b,3,-15.834853189690714,nan,-22.553656046516647,nan,-21.27537478229199,nan,1.0250887603098644,nan,1.025112709296441,nan,1.0000273106517774,nan,1.0000535212282906,nan
C O g,3,-15.813424876200283,nan,-inf,nan,-20.768706687380256,nan,1.022218988572168,nan,1.022244735009314,nan,1.000010817710756,nan,1.0000374119428985,nan
C O v,3,-16.901197352736897,nan,-inf,nan,-18.550257400677204,nan,1.028651235570453,nan,1.0286729532390815,nan,1.000010817710756,nan,1.0000374119428985,nan
C u D,3,-12.459771835587087,nan,-20.46375063877715,nan,-19.79734536081143,nan,1.1216347044098984,nan,1.1216206700228382,nan,1.000659880356119,nan,1.0006764916680944,nan
C u S,3,-14.512160329795215,nan,-15.093321951730523,nan,-15.120228069863552,nan,1.117330046803354,nan,1.1173187085921477,nan,1.0008083168253104,nan,1.0008214752366233,nan
C u T,3,-14.379852995633215,nan,-17.061461740844717,nan,-17.015589298068456,nan,1.1172310891572266,nan,1.1172198129270743,nan,1.0008083168253104,nan,1.0008214752366233,nan
D e C,3,-12.674197406012576,nan,-12.881167567009753,nan,-12.741850745845033,nan,1.1462694577792096,nan,1.1462472029288864,nan,1.0151612879994911,nan,1.0149547301541042,nan
D e D,3,-10.52569769951548,nan,-inf,nan,-16.396808827933217,nan,1.1484465259940138,nan,1.1484229075605,nan,1.0151447950584698,nan,1.0149386208687121,nan
D e J,3,-12.900774858174701,nan,-11.253028281596949,nan,-11.282294437602525,nan,1.1417338989983679,nan,1.1417144849463579,nan,1.0160189209325956,nan,1.0157924129944935,nan
D e S,3,-12.578086193723607,nan,-12.3449164898079,nan,-12.27930732492076,nan,1.1441418683874693,nan,1.1441209461298094,nan,1.0151447950584698,nan,1.0149386208687121,nan
D i C,3,-12.311778364636153,nan,-13.11632482877525,nan,-13.136087300592136,nan,1.1569249028739186,nan,1.1568982696575492,nan,1.0023011832116282,nan,1.002283451439438,nan
D i D,3,-10.163278658139056,nan,-16.284894254718868,nan,-16.238976800380282,nan,1.1591019710887227,nan,1.1590739742891627,nan,1.0012951138093324,nan,1.00130078503052,nan
D i S,3,-12.215667152347184,nan,-15.000441880223828,nan,-14.950153486258651,nan,1.1547973134821783,nan,1.1547720128584722,nan,1.0011466773401412,nan,1.001155801461991,nan
D i T,3,-12.083359818185183,nan,-13.707924310454864,nan,-13.720411790080792,nan,1.1546983558360508,nan,1.1546731171933988,nan,1.001608479688736,nan,1.0016068614529698,nan
d u r,3,-9.800788760415607,nan,-9.187583761851517,nan,-9.195033211802514,nan,1.2836689640928651,nan,1.2835622602624754,nan,1.0192478973322716,nan,1.0189163521791331,nan
D W C,3,-13.861530891334548,nan,-15.167602156184774,nan,-15.055888032634426,nan,1.106384558221654,nan,1.1063786922399732,nan,1.0002309011742974,nan,1.0002522906096347,nan
D W D,3,-11.713031184837451,nan,-20.49719311080065,nan,-19.691675367734337,nan,1.1085616264364582,nan,1.1085543968715867,nan,1.0000164929410214,nan,1.0000428698995374,nan
D W T,3,-13.633112344883578,nan,-14.734050211750198,nan,-14.634985743327826,nan,1.1041580111837863,nan,1.1041535397758229,nan,1.0017482517482517,nan,1.001734344865708,nan
f U n,3,-11.64058779663856,nan,-inf,nan,-16.456172121177133,nan,1.185985808511568,nan,1.1859213999010483,nan,1.001308943001482,nan,1.00131557139329,nan
f u r,3,-10.923879420774682,nan,-11.89563512279192,nan,-11.889015479505334,nan,1.263975377689193,nan,1.263876407208843,nan,1.0083544626009295,nan,1.0081904641245982,nan
f U s,3,-11.975574761924758,nan,-inf,nan,-16.319403470166446,nan,1.1252752926123728,nan,1.1252489093785496,nan,1.001308943001482,nan,1.00131557139329,nan
f W r,3,-12.32563847652214,nan,-inf,nan,-17.054720600654466,nan,1.172252008188647,nan,1.1721907272166285,nan,1.0003137136119253,nan,1.00033564914799,nan
f x r,3,-10.353617183463143,nan,-11.574390520413989,nan,-11.58224364152427,nan,1.2809808189977034,nan,1.2808748609118459,nan,1.0020106809685547,nan,1.0020045664818085,nan
g U n,3,-10.898172583194516,nan,-inf,nan,-14.833499759698869,nan,1.2168029114351093,nan,1.2167264014511154,nan,1.0055170324855853,nan,1.005458938278309,nan
g U S,3,-13.611782625909232,nan,-11.0588697134887,nan,-11.082707010984757,nan,1.0998844525355183,nan,1.0998811731669553,nan,1.0062592148315412,nan,1.0061838561209535,nan
g U T,3,-13.479475291747232,nan,-inf,nan,-15.691816461406509,nan,1.0997854948893908,nan,1.099782277501882,nan,1.0055170324855853,nan,1.005458938278309,nan
g W C,3,-14.12900416264216,nan,-17.292099769478384,nan,-16.622059176012417,nan,1.0766012393612976,nan,1.0766070688029574,nan,1.0002417188850534,nan,1.000262941938388,nan
g W D,3,-11.980504456145063,nan,-22.62169072409426,nan,-21.257846511112326,nan,1.0787783075761017,nan,1.078782773434571,nan,1.0000273106517774,nan,1.0000535212282906,nan
g W T,3,-13.90058561619119,nan,-16.858547825043807,nan,-16.201156886705817,nan,1.0743746923234299,nan,1.074381916338807,nan,1.0017590694590077,nan,1.0017449961944611,nan
g x r,3,-9.6112019700191,nan,-10.430755019427185,nan,-10.434855113251183,nan,1.3117979219212448,nan,1.311679862461913,nan,1.007689979115481,nan,1.0075965140772711,nan
h U n,3,-10.903261652701985,nan,-inf,nan,-19.115381347252153,nan,1.2293737256434374,nan,1.2292922793058225,nan,1.0000432708430242,nan,1.0000693659291584,nan
h u r,3,-10.186553276838108,nan,-10.240893938692484,nan,-10.244978948759588,nan,1.3073632948210625,nan,1.3072472866136173,nan,1.0096201347593874,nan,1.00943666958873,nan
h U s,3,-11.238248617988184,nan,-inf,nan,-18.978612696241466,nan,1.1686632097442422,nan,1.1686197887833238,nan,1.0000432708430242,nan,1.0000693659291584,nan
h W r,3,-11.58831233258557,nan,-inf,nan,-14.585412736421732,nan,1.2156399253205163,nan,1.2155616066214028,nan,1.002617886002964,nan,1.0026043821724346,nan
J O b,3,-16.061430641852837,nan,-20.143344946759317,nan,-19.414186054172283,nan,1.0270632878705475,nan,1.0270864614923694,nan,1.0000381283625335,nan,1.000064172557044,nan
J x r,3,-11.718805857370707,nan,-11.175781784610903,nan,-11.218059192731983,nan,1.2649054768151784,nan,1.2648058312538941,nan,1.0041742231197648,nan,1.004134832232461,nan
k E G,3,-11.703661436661172,nan,-16.62908550172342,nan,-16.4751800066872,nan,1.1070708432994105,nan,1.1070621899601785,nan,1.000169539140929,nan,1.0001927822556564,nan
k E S,3,-12.806416968900617,nan,-17.755631176019975,nan,-17.596734570967886,nan,1.0968287269252186,nan,1.0968264886250871,nan,1.0000540885537803,nan,1.0000800172579116,nan
k i b,3,-10.280233772030474,nan,-17.238200613102915,nan,-17.171857535577985,nan,1.1253779987337809,nan,1.1253614142961297,nan,1.000827821247725,nan,1.0008417195560322,nan
k i C,3,-12.139831893729529,nan,-12.722187406603313,nan,-12.747849470972218,nan,1.1153667835338863,nan,1.1153564695128761,nan,1.0019658341781907,nan,1.0019532602480872,nan
k i D,3,-9.99133218723243,nan,-15.89075683254693,nan,-15.850738970760364,nan,1.1175438517486904,nan,1.1175321741444897,nan,1.000959764775895,nan,1.000970593839169,nan
k i r,3,-9.594050994165466,nan,-9.218060163189318,nan,-9.224555977442124,nan,1.241834655284777,nan,1.2417451294766144,nan,1.026969132766395,nan,1.0263749369025108,nan
k u f,3,-11.149214142935023,nan,-inf,nan,-19.635429715648435,nan,1.1544716978134915,nan,1.1544457631209744,nan,1.0001298125290725,nan,1.0001545765591844,nan
k U m,3,-10.998946573048059,nan,-15.84546167297216,nan,-15.56671597198306,nan,1.1617671266567133,nan,1.1617223364955598,nan,1.00140169266757,nan,1.0014065045644793,nan
k U n,3,-10.458752840980278,nan,-inf,nan,-16.97743268935568,nan,1.2050281109554335,nan,1.2049562247434582,nan,1.0013522138445061,nan,1.001358176708303,nan
k U p,3,-11.576179687972907,nan,-13.855713597464536,nan,-13.82967057731585,nan,1.1002979354705409,nan,1.1002916458741654,nan,1.0017810303110584,nan,1.0017770181284977,nan
k u r,3,-9.7420444651164,nan,-12.480885597278348,nan,-12.465526428126802,nan,1.2830176801330586,nan,1.282911232051253,nan,1.008029931278248,nan,1.0078709242620003,nan
l U n,3,-10.480146111165954,nan,-inf,nan,-15.528094206031824,nan,1.1956620273429786,nan,1.195593819039211,nan,1.0073452256033577,nan,1.0072590128376102,nan
l X l,3,-11.097646842139476,nan,-13.188424621349547,nan,-13.178879565282662,nan,1.0928358160529392,nan,1.0928267938147889,nan,1.0025047960361315,nan,1.0024743136556469,nan
m W l,3,-11.441450167677695,nan,-12.978384626277547,nan,-12.966132386960842,nan,1.099419924024924,nan,1.0994083379963548,nan,1.0019665296432343,nan,1.0019588844708764,nan
m W r,3,-11.194722175331677,nan,-inf,nan,-16.085452405696294,nan,1.1897022831752078,nan,1.189634149764939,nan,1.0014387555305546,nan,1.0014433873383293,nan
m W t,3,-10.617435105071822,nan,-9.550811981762104,nan,-9.561698520185294,nan,1.2272732028215991,nan,1.22718153727112,nan,1.001455248471576,nan,1.0014594966237214,nan
n c n,3,-9.147775450182074,nan,-9.635256639482831,nan,-9.641286714889477,nan,1.2118387282500593,nan,1.2117639009392118,nan,1.0151331348679968,nan,1.0148483687195573,nan
n W C,3,-13.200309342827959,nan,-12.63301916730896,nan,-12.650147450928705,nan,1.0570006935233123,nan,1.0570142197794998,nan,1.0048176105348625,nan,1.0047684540010178,nan
n W D,3,-11.051809636330862,nan,-17.96261012192484,nan,-17.285934786028616,nan,1.0591777617381164,nan,1.0591899244111134,nan,1.0046032023015865,nan,1.0045590332909204,nan
n x r,3,-8.682507150204898,nan,-11.180043377035659,nan,-11.181148964983448,nan,1.2921973760832595,nan,1.2920870134384554,nan,1.0011128109758027,nan,1.0011205061952877,nan
p c k,3,-10.754477374774666,nan,-12.065260487613669,nan,-12.068728834948406,nan,1.1440418612996859,nan,1.1440072755709356,nan,1.0063745919113534,nan,1.006259632819892,nan
p c p,3,-11.382629144167328,nan,-12.227383716207793,nan,-12.23307091823305,nan,1.0975977393838658,nan,1.0975922434298446,nan,1.0019050048945966,nan,1.001894016478633,nan
p c s,3,-10.6001892624609,nan,-13.424843365478603,nan,-13.415695164421576,nan,1.1416173989695633,nan,1.1415843317766388,nan,1.001179315489662,nan,1.0011852079213805,nan
p O l,3,-13.703103996160666,nan,-14.952004075831441,nan,-14.854422653467712,nan,1.07101867115804,nan,1.071018468448757,nan,1.0003231180906111,nan,1.0003429591962998,nan
p O m,3,-13.732629380442805,nan,-inf,nan,-17.472345362820434,nan,1.1063630437665637,nan,1.1063407034907875,nan,1.0000757239752924,nan,1.0001013199154183,nan
p O n,3,-13.192435648375024,nan,-15.451749695666766,nan,-15.299543141736947,nan,1.1496240280652839,nan,1.149574591738686,nan,1.0001911745624412,nan,1.000214084913163,nan
p O r,3,-13.456376003814647,nan,-inf,nan,-17.108745234716558,nan,1.1613010303083238,nan,1.161244280217341,nan,1.0000757239752924,nan,1.0001013199154183,nan
p O s,3,-13.527422613661223,nan,-15.784107804020975,nan,-15.568239598834422,nan,1.0889135121660887,nan,1.0889021012161872,nan,1.0001416957393774,nan,1.0001657570569866,nan
p O t,3,-12.879088933554792,nan,-inf,nan,-17.009860373110946,nan,1.1988719499547151,nan,1.198791667723522,nan,1.0000757239752924,nan,1.0001013199154183,nan
p u k,3,-10.595530956669405,nan,-16.716318173931054,nan,-16.43666133872702,nan,1.1957180655813358,nan,1.1956622458885213,nan,1.001017397560843,nan,1.0010282501014764,nan
p U m,3,-11.627098342440721,nan,-14.10696209666479,nan,-13.837739206891296,nan,1.144430567917103,nan,1.144392585539685,nan,1.0071242616575204,nan,1.0070410574749549,nan
p U n,3,-11.08690461037294,nan,-inf,nan,-15.248455924263919,nan,1.1876915522158231,nan,1.1876264737875835,nan,1.0070747828344566,nan,1.0069927296187786,nan
p U p,3,-12.20433145736557,nan,-12.117214021157166,nan,-12.100693812224087,nan,1.0829613767309305,nan,1.0829618949182906,nan,1.0075035993010089,nan,1.0074115710389733,nan
p U s,3,-11.421891575659139,nan,-inf,nan,-15.11168727325323,nan,1.126981036316628,nan,1.1269539832650848,nan,1.0070747828344566,nan,1.0069927296187786,nan
p u v,3,-12.122723175420255,nan,-12.536001205545382,nan,-12.545623300597864,nan,1.1527869401030406,nan,1.152758009857534,nan,1.0024028046066273,nan,1.002381430074413,nan
r U n,3,-10.233418118819937,nan,-inf,nan,-18.38571988446177,nan,1.1759477652580428,nan,1.1758872984233177,nan,1.0000649062645364,nan,1.0000906685866648,nan
r W r,3,-10.91846879870352,nan,-inf,nan,-17.419689421655526,nan,1.1622139649351217,nan,1.162156625738898,nan,1.0002704427689013,nan,1.000293043832977,nan
S c g,3,-12.790080312710991,nan,-16.042875140540986,nan,-16.00443754638981,nan,1.0773315922428635,nan,1.0773347365731756,nan,1.0028289796262913,nan,1.0027910414068502,nan
s c p,3,-10.600189262460901,nan,-11.513920101368239,nan,-11.52022542179897,nan,1.127453423128645,nan,1.1274362033347738,nan,1.003116588499274,nan,1.0030869652989982,nan
s U g,3,-11.233159548480714,nan,-20.586930495584866,nan,-19.849508422492427,nan,1.1098978099149497,nan,1.109888432703556,nan,1.0002638870563398,nan,1.000284509180419,nan
S U g,3,-13.611782625909228,nan,-15.886021571780262,nan,-15.859419672347848,nan,1.0626952295899281,nan,1.0627043880616216,nan,1.001172574759848,nan,1.0011792207956929,nan
s U k,3,-10.793739806266476,nan,-14.900716654182453,nan,-14.22285640082162,nan,1.1592611823915298,nan,1.1592208869643108,nan,1.0167568280775827,nan,1.016393794572519,nan
s U m,3,-10.844658460734292,nan,-20.562770208352525,nan,-19.598369339873994,nan,1.1742862516618822,nan,1.1742365454446142,nan,1.0000494788230638,nan,1.0000750884703216,nan
s U n,3,-10.304464728666511,nan,-inf,nan,-21.009086057246613,nan,1.2175472359606023,nan,1.2174704336925126,nan,1,1,1.0000267606141453,1.0
s U p,3,-11.421891575659139,nan,-18.5730221328449,nan,-17.861323945206784,nan,1.1128170604757097,nan,1.1128058548232198,nan,1.0004288164665522,nan,1.00044560203434,nan
s U s,3,-10.63945169395271,nan,-inf,nan,-20.872317406235926,nan,1.1568367200614071,nan,1.156797943170014,nan,1,1,1.0000267606141453,1.0
S u T,3,-14.283741783344244,nan,-16.56137774800715,nan,-16.51486389359949,nan,1.1196398060244475,nan,1.1196275839304843,nan,1.0009814001974071,nan,1.0009918964966755,nan
s W l,3,-11.236243400896113,nan,-14.48833462957554,nan,-14.446433525302135,nan,1.1135310764873976,nan,1.1135139492395087,nan,1.0008198523030931,nan,1.0008298436230305,nan
s W t,3,-10.41222833829024,nan,-11.060761985060097,nan,-11.041999658526587,nan,1.2413843552840726,nan,1.2412871485142738,nan,1.0003085711314348,nan,1.0003304557758754,nan
S x r,3,-11.396117192919611,nan,-12.933668166948646,nan,-12.954175889103986,nan,1.2653396661217162,nan,1.2652398500613757,nan,1.0006368317025365,nan,1.0006518477301443,nan
T c g,3,-12.65777297854899,nan,-15.481060516437001,nan,-15.466351988695774,nan,1.0788926061782727,nan,1.0788951375238836,nan,1.0029155213123397,nan,1.0028762520368761,nan
T i D,3,-12.083359818185182,nan,-19.408433838736705,nan,-19.262720105804636,nan,1.0844214103642469,nan,1.0844227394023176,nan,1.0001484364691913,nan,1.0001717441826743,nan
t O n,3,-11.761662086562163,nan,-13.582546551616394,nan,-13.535362531952565,nan,1.1652755187819028,nan,1.1652199363702866,nan,1.0015325706961913,nan,1.0015348496785674,nan
t U n,3,-9.65613104856008,nan,-inf,nan,-19.323808938498573,nan,1.203343042932442,nan,1.2032718184191842,nan,1.0002596250581453,nan,1.0002823925042237,nan
T W C,3,-15.781612051380675,nan,-17.519522944201167,nan,-16.8725384063966,nan,1.0317039974971782,nan,1.031727457353128,nan,1.0002417188850534,nan,1.000262941938388,nan
T W D,3,-13.633112344883578,nan,-22.849113898817045,nan,-21.508325741496513,nan,1.0338810657119823,nan,1.0339031619847416,nan,1.0000273106517774,nan,1.0000535212282906,nan
T W T,3,-15.553193504929705,nan,-17.08597099976659,nan,-16.45163611709,nan,1.0294774504593105,nan,1.0295023048889778,nan,1.0017590694590077,nan,1.0017449961944611,nan
T W z,3,-14.091122372247835,nan,-15.848332295025852,nan,-15.189277226520028,nan,1.0530953420017304,nan,1.0531054036198166,nan,1.0010333800540732,nan,1.0010361876372087,nan
v e r,3,-11.483662254292742,nan,-15.900173669487488,nan,-15.226244573116414,nan,1.191998794195361,nan,1.1919290322632974,nan,1.036317456128777,nan,1.0354994070475496,nan
w U S,3,-13.406048628490531,nan,-12.622486489157701,nan,-12.636797530309625,nan,1.1234133778136062,nan,1.123400859020009,nan,1.0017374117355125,nan,1.00173160070209,nan
w U T,3,-13.27374129432853,nan,-inf,nan,-17.245906980731377,nan,1.1233144201674787,nan,1.1233019633549357,nan,1.0009952293895565,nan,1.0010066828594455,nan
w W D,3,-11.774770458726366,nan,-18.796378474192455,nan,-18.099346595828266,nan,1.1023072328541896,nan,1.1023024592876247,nan,1.0004383836605073,nan,1.0004582717209147,nan
w x r,3,-9.405467972600402,nan,-8.96935930948568,nan,-8.973407514605652,nan,1.3353268471993327,nan,1.3351995483149668,nan,1.0299960986944556,nan,1.0295595539664972,nan
y c f,3,-11.368845315509368,nan,-12.468901642353172,nan,-12.469591023904886,nan,1.1594365223537413,nan,1.159409579617484,nan,1.0012428085221277,nan,1.0012457746134567,nan
y c g,3,-10.626430102065324,nan,-13.843916802369872,nan,-13.836336131727581,nan,1.1686560763846159,nan,1.168623359080151,nan,1.0033374120318257,nan,1.0032916538582535,nan
y c S,3,-12.411345324965838,nan,-13.088855407760022,nan,-13.102740012288399,nan,1.1593870435306775,nan,1.1593601317849473,nan,1.0016551320476588,nan,1.0016485067482592,nan
y e C,3,-12.562935689575037,nan,-15.751759161423427,nan,-15.599463158808744,nan,1.161352367261077,nan,1.1613241895983086,nan,1.000827821247725,nan,1.0008417195560322,nan
y e D,3,-10.41443598307794,nan,-inf,nan,-19.25442124089693,nan,1.1635294354758812,nan,1.1634998942299222,nan,1.0008113283067037,nan,1.00082561027064,nan
y e J,3,-12.789513141737162,nan,-14.123619876010624,nan,-14.13990685056624,nan,1.1568168084802353,nan,1.15679147161578,nan,1.0016854541808295,nan,1.0016794023964215,nan
y e S,3,-12.466824477286067,nan,-15.215508084221575,nan,-15.136919737884474,nan,1.1592247778693368,nan,1.1591979327992317,nan,1.0008113283067037,nan,1.00082561027064,nan
y i D,3,-10.052016941701517,nan,-20.199038360617628,nan,-19.756597553087115,nan,1.1741848805705901,nan,1.174150960958585,nan,1.0001700718907034,nan,1.000193046840181,nan
y i J,3,-12.427094100360737,nan,-22.09936389692769,nan,-21.047311620787266,nan,1.1674722535749442,nan,1.167442538344443,nan,1.0000381283625335,nan,1.000064172557044,nan
y i S,3,-12.104405435909642,nan,-18.914585986122585,nan,-18.467774238965482,nan,1.1698802229640457,nan,1.1698489995278945,nan,1.0000216354215121,nan,1.000048063271652,nan
y U g,3,-11.448132415263565,nan,-12.510511287464283,nan,-12.466390088183696,nan,1.1540197137316806,nan,1.153993010568597,nan,1.0156791248837107,nan,1.0154626526538173,nan
y u g,3,-10.467483683960063,nan,-11.681642494618025,nan,-11.646348418812456,nan,1.2203322806662658,nan,1.2202783293977366,nan,1.069011852143107,nan,1.0679770446878423,nan
y U T,3,-13.100740304002077,nan,-inf,nan,-14.484284424645525,nan,1.1446517232316147,nan,1.14463088760832,nan,1.0154152378273709,nan,1.0152049040875437,nan
y U z,3,-11.638669171320208,nan,-12.672491465197705,nan,-11.999084245445234,nan,1.1682696147740346,nan,1.1682339863391589,nan,1.0154152378273709,nan,1.0152049040875437,nan
y x D,3,-9.629748175340913,nan,-13.347983236887242,nan,-13.348078549278902,nan,1.232373346727382,nan,1.2323155172362263,nan,1.0033680372935518,nan,1.0033411759480808,nan
z e C,3,-13.132207433376834,nan,-22.314972291073612,nan,-22.0579594003781,nan,1.0641559896404345,nan,1.0641659794092004,nan,1.000113852337826,nan,1.0001387318583168,nan
z e D,3,-10.983707726879736,nan,-inf,nan,-25.71291748246628,nan,1.0663330578552386,nan,1.066341684040814,nan,1.0000973593968046,nan,1.0001226225729247,nan
z e S,3,-13.036096221087863,nan,-21.778721213871762,nan,-21.595415979453822,nan,1.0620284002486942,nan,1.0620397226101235,nan,1.0000973593968046,nan,1.0001226225729247,nan
z i C,3,-12.76978839200041,nan,-17.784539074010166,nan,-17.78821918157171,nan,1.0748114347351434,nan,1.0748170461378632,nan,1.0011977767145113,nan,1.0011970159066055,nan
z i D,3,-10.621288685503313,nan,-20.953108499953785,nan,-20.891108681359853,nan,1.0769885029499475,nan,1.0769927507694768,nan,1.0001917073122155,nan,1.0002143494976874,nan
z i T,3,-12.54136984554944,nan,-18.37613855568978,nan,-18.372543671060363,nan,1.0725848876972757,nan,1.0725918936737129,nan,1.000505073191619,nan,1.0005204259201372,nan
z u f,3,-11.779170641205905,nan,-inf,nan,-24.822418011544194,nan,1.1139163490147486,nan,1.1139063397459614,nan,1.0000757239752924,nan,1.0001013199154183,nan
z u g,3,-11.036755427761861,nan,-22.978192840381674,nan,-22.796916568224816,nan,1.1231359030456232,nan,1.1231201192086284,nan,1.0000922169163138,nan,1.0001174292008104,nan
z u T,3,-12.689363316500373,nan,-22.883465054412408,nan,-22.674744741190377,nan,1.1137679125455573,nan,1.1137579962483515,nan,1.0002241604444837,nan,1.0002463034839473,nan
