word,word_len,uni_prob,uni_prob_freq_weighted,bi_prob,bi_prob_freq_weighted,bi_prob_smoothed,bi_prob_freq_weighted_smoothed,pos_uni_score,pos_uni_score_freq_weighted,pos_uni_score_smoothed,pos_uni_score_freq_weighted_smoothed,pos_bi_score,pos_bi_score_freq_weighted,pos_bi_score_smoothed,pos_bi_score_freq_weighted_smoothed
f u T,3,-13.241241773887772,nan,-16.853519155084847,nan,-16.776405108192147,nan,1.125576929393524,nan,1.1255662076003778,nan,1.0005649420942435,nan,1.000582010832175,nan
g i T,3,-12.350833089492795,nan,-13.825833634391296,nan,-13.82454758119767,nan,1.1353999098106367,nan,1.1353861627678894,nan,1.0004349565913322,nan,1.0004508570049224,nan
z i T,3,-12.54136984554944,nan,-17.815126439964686,nan,-17.80266255758104,nan,1.0893877239349252,nan,1.0893899432790803,nan,1.0004349565913322,nan,1.0004508570049224,nan
y c g,3,-10.626430102065324,nan,-13.913367347187249,nan,-13.905762762760281,nan,1.1611347354530093,nan,1.1611094402274997,nan,1.003388583305808,nan,1.0033387325937677,nan
l X z,3,-11.706210070224682,nan,-12.276465260584672,nan,-12.269112566291716,nan,1.0937140867681237,nan,1.0937046803554815,nan,1.0012685481011387,nan,1.0012682696263735,nan
J Y p,3,-13.810916687795384,nan,-17.922449779485863,nan,-17.267367934700182,nan,1.0526104603617907,nan,1.0526231530317716,nan,1.0007655236007447,nan,1.0007733226793,nan
C x z,3,-12.347519625639805,nan,-11.48395859401567,nan,-11.517381277944526,nan,1.1853873172874365,nan,1.185343430332205,nan,1.007678784586312,nan,1.0075213042729843,nan
C e J,3,-15.049274564671798,nan,-14.121811567395342,nan,-14.177826820339865,nan,1.0756352490097867,nan,1.0756432570541938,nan,1.0022229162187068,nan,1.0022086821859082,nan
z i S,3,-12.67367717971144,nan,-17.788179621460515,nan,-17.73505627481076,nan,1.0904838145450824,nan,1.09048530970523,nan,1.0001913809001861,nan,1.000213250718539,nan
z u v,3,-12.124527904298475,nan,-17.900230681676554,nan,-17.77785947024095,nan,1.1293151226964886,nan,1.1292959650306629,nan,1.001098137952283,nan,1.0010979928507853,nan
D Y p,3,-11.435839529136164,nan,-16.070278690305454,nan,-15.885263630938924,nan,1.1200438445457297,nan,1.12003313759925,nan,1.0007946920094135,nan,1.0008020872413597,nan
s X k,3,-10.900572189454358,nan,-14.063837496199184,nan,-14.018865486895406,nan,1.1406187227849551,nan,1.1405891325697068,nan,1.0010019543165363,nan,1.0010120449648836,nan
b X s,3,-11.361420245159024,nan,-12.029716112103621,nan,-12.022801142306081,nan,1.1246776768313025,nan,1.124654071205209,nan,1.0021487228609363,nan,1.0021384840787437,nan
T x z,3,-12.119101079188834,nan,-11.963729322404939,nan,-11.97759848222725,nan,1.1896350175916266,nan,1.1895896566697663,nan,1.0072898724707273,nan,1.007137776778857,nan
S c G,3,-13.47224000337206,nan,-15.671139904974039,nan,-15.423269861359401,nan,1.0972343710609023,nan,1.0972263156967406,nan,1.0020703933747412,nan,1.0020462134992114,nan
J e J,3,-15.275852016833923,nan,-15.36355518044491,nan,-15.400279225548973,nan,1.076229013568437,nan,1.0762368155744981,nan,1.0011922991124076,nan,1.0011923343264708,nan
D x z,3,-10.199019919142708,nan,-7.681501333680907,nan,-7.6923790820631925,nan,1.2534144660300257,nan,1.2533469734199878,nan,1.033774787542044,nan,1.0332559991289216,nan
S Y p,3,-13.488228023344288,nan,-17.094544629608436,nan,-16.832324870962452,nan,1.05289364038207,nan,1.0529062347876088,nan,1.0007655236007447,nan,1.0007733226793,nan
n W C,3,-13.200309342827959,nan,-12.717868772862081,nan,-12.73220377809395,nan,1.0633224880204117,nan,1.063334805799203,nan,1.004436151078697,nan,1.004398879597664,nan
l W C,3,-13.7109776906136,nan,-14.417725617016137,nan,-14.41901487187865,nan,1.0557771107058718,nan,1.0557920467565671,nan,1.0002261774274928,nan,1.0002471944737366,nan
S c d,3,-12.40940486579596,nan,-17.823827483537723,nan,-17.54504424387463,nan,1.1183558631359933,nan,1.1183338528609585,nan,1.0005045496459453,nan,1.0005187445153179,nan
g i J,3,-12.80582908810589,nan,-inf,nan,-17.24348002222085,nan,1.1330859407447493,nan,1.1330737225349066,nan,1,1,1.000026560064952,1.0
C u T,3,-14.379852995633215,nan,-16.78948158232573,nan,-16.744771710110765,nan,1.1081385210479349,nan,1.1081338504425187,nan,1.0008177349693737,nan,1.0008313037033576,nan
D i g,3,-10.430751929446668,nan,-15.908072504130399,nan,-15.869384914918799,nan,1.1687730240606078,nan,1.168744629189829,nan,1.0011176084245659,nan,1.0011277673123833,nan
w u T,3,-12.29309256302503,nan,-16.829568060994905,nan,-16.741622914535004,nan,1.1714794971968692,nan,1.1714528470546695,nan,1.0005163280797955,nan,1.000534069895409,nan
T c T,3,-14.310380867287503,nan,-17.090219134043,nan,-17.028323206828382,nan,1.0750992722704438,nan,1.0751068988893435,nan,1.0002236244664613,nan,1.0002470883740753,nan
g u T,3,-12.498826560443728,nan,-19.461665345770097,nan,-19.11373176991379,nan,1.1525703797137001,nan,1.152550291100364,nan,1.0001565843728797,nan,1.0001793069633413,nan
f X s,3,-12.082407145112638,nan,-13.434264249277069,nan,-13.418899794644998,nan,1.0942677965890466,nan,1.0942547432960876,nan,1.0011278285575265,nan,1.0011317244066598,nan
J Y m,3,-13.233683572870538,nan,-15.619523973303547,nan,-14.979829724917444,nan,1.0930092285647242,nan,1.092995229881289,nan,1.0018616142109018,nan,1.0018425509680255,nan
n X z,3,-11.19554172243904,nan,-13.359162725170059,nan,-13.326501902842837,nan,1.1012594640826636,nan,1.1012474393981173,nan,1.0009865868173398,nan,1.0009902121931311,nan
m X n,3,-10.616503878635976,nan,-13.357273783167686,nan,-13.325154717917615,nan,1.214000632926725,nan,1.2139173843190667,nan,1.0015484454651427,nan,1.001537057171247,nan
C u S,3,-14.512160329795215,nan,-16.76253476382156,nan,-16.596584940681144,nan,1.109234611658092,nan,1.1092292168686684,nan,1.000730743651107,nan,1.0007464443153635,nan
S e J,3,-14.953163352382829,nan,-14.535650030567483,nan,-14.583868605282134,nan,1.076512193588716,nan,1.0765198973303354,nan,1.001610379636661,nan,1.0016046263826577,nan
T x S,3,-13.713479546032705,nan,-15.206127704830937,nan,-15.21859339231071,nan,1.154055568420654,nan,1.1540337147415738,nan,1.0002609739547994,nan,1.0002811382289343,nan
v e D,3,-11.880943447359707,nan,-inf,nan,-23.032539538062437,nan,1.0824025426174508,nan,1.0824053316233502,nan,1,1,1.000026560064952,1.0
C x S,3,-13.941898092483676,nan,-14.72635697644167,nan,-14.758376188027988,nan,1.1498078681164638,nan,1.1497874884040125,nan,1.000649886070384,nan,1.0006646657230616,nan
n c T,3,-11.72907815873479,nan,-15.088206132664471,nan,-15.03837006140109,nan,1.1062947486979908,nan,1.1062915503791753,nan,1.0038502299442884,nan,1.0038234822568117,nan
s X p,3,-11.52872395884702,nan,-13.36494277143675,nan,-13.348920614878546,nan,1.1023251444840694,nan,1.1023208547291437,nan,1.0012629282713355,nan,1.001266623128866,nan
D i D,3,-10.163278658139056,nan,-17.060622272847084,nan,-16.974165883506224,nan,1.1658327175032022,nan,1.1658062652847607,nan,1.0010480153699528,nan,1.001059879801988,nan
S c g,3,-12.790080312710991,nan,-17.594763377498214,nan,-17.342680187503717,nan,1.0815063407183305,nan,1.0815086768199258,nan,1.0027663239208726,nan,1.0027250886031642,nan
C i S,3,-14.364166858844278,nan,-15.676574598234623,nan,-15.655052866246658,nan,1.0920641417550283,nan,1.0920650885361938,nan,1.00085253149668,nan,1.0008652474585553,nan
g i D,3,-10.430751929446668,nan,-16.064880352423415,nan,-15.986040743405571,nan,1.1422374274263785,nan,1.1422191628548233,nan,1.0000173982636533,nan,1.000043531942551,nan
T c S,3,-14.442688201449503,nan,-14.154551418974465,nan,-14.167992064763888,nan,1.076195362880601,nan,1.0762022653154932,nan,1.0015806890314176,nan,1.0015708948267832,nan
z u T,3,-12.689363316500373,nan,-21.17654393531614,nan,-20.981250036837526,nan,1.1065581938379887,nan,1.106554071611555,nan,1.0001760299786588,nan,1.0001984833380477,nan
S Y m,3,-12.910994908419442,nan,-14.791618823426118,nan,-14.54478666117971,nan,1.0932924085850033,nan,1.0932783116371263,nan,1.0018616142109018,nan,1.0018425509680255,nan
D x v,3,-11.09625563962268,nan,-7.829468582259166,nan,-7.850364881899363,nan,1.2394958551073958,nan,1.2394375584847535,nan,1.0325917056136205,nan,1.032101911452202,nan
t W C,3,-12.886962628007726,nan,-14.519831976428675,nan,-14.523301598517852,nan,1.0732977326057356,nan,1.0733065889403146,nan,1.000984556052883,nan,1.0009950730872847,nan
g Y b,3,-11.536009086755778,nan,-inf,nan,-21.46871113189794,nan,1.0933516635386207,nan,1.093351190346223,nan,1,1,1.000026560064952,1.0
r c S,3,-12.125325848336413,nan,-13.050201125774851,nan,-13.074964762675608,nan,1.087814878551418,nan,1.0878177489743706,nan,1.0029224358301847,nan,1.002894064681522,nan
d X s,3,-10.959316484753565,nan,-12.189093188922726,nan,-12.181636222272452,nan,1.1225127199020701,nan,1.1224898655234843,nan,1.0025959717938588,nan,1.0025795406969902,nan
S c z,3,-12.980617068767634,nan,-15.672892461689115,nan,-15.420010154515225,nan,1.108404056326313,nan,1.108388621182266,nan,1.0018442159472485,nan,1.001825579090427,nan
y c d,3,-10.245754655150295,nan,-14.142431453226756,nan,-14.108126819131193,nan,1.197984257870672,nan,1.1979346162685325,nan,1.0011268090308807,nan,1.0011323885059213,nan
J u S,3,-14.73873778195734,nan,-16.37475370587029,nan,-16.21892852874467,nan,1.1098283762167422,nan,1.109822775388973,nan,1.0007404664539967,nan,1.0007560325027167,nan
h u S,3,-12.636222964113202,nan,-15.257535349894287,nan,-15.069837778900043,nan,1.1646556820785685,nan,1.1646310559869146,nan,1.0016057959111726,nan,1.0016093811771498,nan
g u S,3,-12.631133894605728,nan,-19.434718527265925,nan,-18.96554500048417,nan,1.1536664703238573,nan,1.1536456575265137,nan,1.000069593054613,nan,1.0000944475753473,nan
y X z,3,-11.745501554508088,nan,-8.4312177815009,nan,-8.443600354711386,nan,1.1463216266645346,nan,1.1462939652544397,nan,1.0088717799608191,nan,1.008766232136561,nan
C e g,3,-12.94167067732019,nan,-16.20192732701024,nan,-16.184387980861025,nan,1.0877270422488214,nan,1.0877270612791787,nan,1.0014921891452688,nan,1.0014958633267579,nan
z i J,3,-12.996365844162534,nan,-inf,nan,-21.221594998604218,nan,1.087073754869038,nan,1.0870775030460975,nan,1,1,1.000026560064952,1.0
m u S,3,-12.242632806859309,nan,-15.490751329821268,nan,-15.30290533656132,nan,1.155082370425254,nan,1.1550610663057008,nan,1.0021113816614327,nan,1.0021079669195152,nan
D Y m,3,-10.858606414211316,nan,-13.767352884123136,nan,-13.597725421156184,nan,1.1604426127486631,nan,1.1604052144487675,nan,1.0018907826195707,nan,1.0018713155300851,nan
J e g,3,-13.168248129482315,nan,-17.443670940059807,nan,-17.40684038607013,nan,1.0883208068074717,nan,1.088320619799483,nan,1.0004615720389696,nan,1.0004795154673205,nan
f u v,3,-12.676406361685874,nan,-13.577205901445259,nan,-13.573014541595573,nan,1.148333858252024,nan,1.1483081010194858,nan,1.0014870500678676,nan,1.0014815203449126,nan
v X n,3,-12.09277744291901,nan,-12.38444573535302,nan,-12.397961580245,nan,1.165768681085598,nan,1.165702169131274,nan,1.0015484454651427,nan,1.001537057171247,nan
g i C,3,-12.579251635943764,nan,-13.366349780381137,nan,-13.374432271310447,nan,1.1366177882663668,nan,1.1366032365747223,nan,1.0004175583276789,nan,1.0004338851273236,nan
C i D,3,-12.311778364636153,nan,-17.942568134770916,nan,-17.88415231122484,nan,1.097805568760613,nan,1.097802722196978,nan,1.0006785488601473,nan,1.0006955286825672,nan
C Y z,3,-13.586143964511477,nan,-14.652542819005847,nan,-14.606497510910335,nan,1.0778531173282724,nan,1.0778489459849958,nan,1.0003305670094125,nan,1.0003490257393295,nan
d c T,3,-12.27709753163396,nan,-14.77242087096036,nan,-14.723194585991997,nan,1.1165349036248664,nan,1.116528151937038,nan,1.0032085249535736,nan,1.0031906618915016,nan
y X v,3,-12.642737274988058,nan,-12.2393777791427,nan,-12.046068713841485,nan,1.1324030157419047,nan,1.1323845503192054,nan,1.0080540615691147,nan,1.0079685538894163,nan
z i g,3,-10.888761956810924,nan,-18.90162338928012,nan,-18.859374751201514,nan,1.0991655481080727,nan,1.0991613072710824,nan,1.0000869913182664,nan,1.0001114194529461,nan
S e g,3,-12.845559465031219,nan,-16.615765790182376,nan,-16.590429765803293,nan,1.0886039868277508,nan,1.0886037015553203,nan,1.000879652563223,nan,1.0008918075235074,nan
C e D,3,-12.674197406012576,nan,-inf,nan,-19.49963875353469,nan,1.0847867356914158,nan,1.0847886973741105,nan,1.0012834099814294,nan,1.001292200795572,nan
n W T,3,-12.97189079637699,nan,-11.839029799573817,nan,-11.86963654420453,nan,1.0621046095646816,nan,1.06211773199237,nan,1.0060367913347994,nan,1.0059602923367554,nan
T x J,3,-14.0361682104838,nan,-inf,nan,-19.695530820132046,nan,1.1506455087446095,nan,1.1506259080824413,nan,1,1,1.000026560064952,1.0
T c g,3,-12.65777297854899,nan,-15.175788992927341,nan,-15.167015219230121,nan,1.0848770964435912,nan,1.0848782628813456,nan,1.002989948387334,nan,1.0029456169122875,nan
n c G,3,-10.758629960657345,nan,-11.250152519024635,nan,-11.25765174765851,nan,1.13180060321371,nan,1.131780553247992,nan,1.0059206233190296,nan,1.005843135691071,nan
s X n,3,-10.411297111854394,nan,-11.988113361332575,nan,-11.983600524732106,nan,1.2304981528178378,nan,1.2304091795139822,nan,1.0023068240905328,nan,1.0022849357847952,nan
s X d,3,-10.959316484753565,nan,-12.28936920456903,nan,-12.28514651273072,nan,1.1381133728188817,nan,1.1380854378813647,nan,1.0021328414539998,nan,1.0021152170088068,nan
J e D,3,-12.900774858174701,nan,-inf,nan,-20.722091158743794,nan,1.085380500250066,nan,1.0853822558944148,nan,1.0002527928751301,nan,1.0002758529361346,nan
b c T,3,-12.67920129203942,nan,-14.078285286168486,nan,-14.03169271736548,nan,1.1186998605540988,nan,1.1186923576187628,nan,1.0041224684251977,nan,1.0040919515027007,nan
y x z,3,-10.087758202705169,nan,-9.774872495718917,nan,-9.782565778752907,nan,1.2658926566010447,nan,1.2658208340159205,nan,1.0103136641693982,nan,1.0101197030456963,nan
y c T,3,-12.279037990803838,nan,-15.827797488302908,nan,-15.767070750358542,nan,1.1513569112798618,nan,1.1513380762354977,nan,1.0006222593849354,nan,1.0006402040555555,nan
k X n,3,-10.565585224168158,nan,-12.609593688652591,nan,-12.597463466553837,nan,1.2174627370456241,nan,1.2173782870759178,nan,1.0016845647055972,nan,1.0016712917941915,nan
D i C,3,-12.311778364636153,nan,-14.362091700804806,nan,-14.3625574114111,nan,1.1602130783431905,nan,1.1601903390046597,nan,1.0014481754339783,nan,1.0014502329867607,nan
D x S,3,-11.793398385986578,nan,-10.923899716106906,nan,-10.933373992146652,nan,1.217835016859053,nan,1.2177910314917952,nan,1.026745889026116,nan,1.026399360578999,nan
C x J,3,-14.26458675693477,nan,-inf,nan,-19.235313615849325,nan,1.1463978084404194,nan,1.14637968174488,nan,1.0003889121155847,nan,1.0004100875590793,nan
z u S,3,-12.821670650662373,nan,-21.149597116811968,nan,-20.833063267407905,nan,1.1076542844481458,nan,1.1076494380377047,nan,1.0000890386603922,nan,1.0001136239500537,nan
n c d,3,-9.695794823081245,nan,-13.40284009758832,nan,-13.37942613017374,nan,1.152922095288801,nan,1.15288809041221,nan,1.0043547795902337,nan,1.0043156667071775,nan
y x J,3,-12.004825334000135,nan,-inf,nan,-17.500498116657706,nan,1.2269031477540275,nan,1.2268570854285954,nan,1.0030237916986708,nan,1.0030084863317914,nan
p u S,3,-12.819865921784157,nan,-15.765261270177957,nan,-15.578968088793973,nan,1.1326928791444582,nan,1.1326793442554584,nan,1.0009543681175683,nan,1.0009669726244868,nan
y X p,3,-11.743696825629872,nan,-10.704581882799593,nan,-10.69907634848961,nan,1.1204852051394028,nan,1.1204746137809112,nan,1.0085064164241,nan,1.0084098227069858,nan
D Y v,3,-12.33487997849435,nan,-15.155957044712144,nan,-14.98419174217517,nan,1.1319616551482317,nan,1.1319430741375442,nan,1.0007946920094135,nan,1.0008020872413597,nan
s X t,3,-10.097950397034161,nan,-11.514546351772845,nan,-11.510539555214331,nan,1.2731586952956984,nan,1.2730415362904755,nan,1.0017326813899743,nan,1.0017248638240341,nan
y c G,3,-11.308589792726394,nan,-11.989743874663073,nan,-11.986352436615963,nan,1.176862765795581,nan,1.1768270791043145,nan,1.0026926527596767,nan,1.002659857489815,nan
z i C,3,-12.76978839200041,nan,-17.355642585954527,nan,-17.352547247693817,nan,1.0906056023906554,nan,1.0906070170859132,nan,1.0004175583276789,nan,1.0004338851273236,nan
S Y v,3,-14.387268472702477,nan,-16.180222984015128,nan,-15.931252982198696,nan,1.0648114509845719,nan,1.064816171325903,nan,1.0007655236007447,nan,1.0007733226793,nan
D i S,3,-12.215667152347184,nan,-14.794628736310791,nan,-14.745066438528042,nan,1.1600912904976175,nan,1.1600686316239766,nan,1.0012219980064856,nan,1.0012295985779762,nan
S c S,3,-14.574995535611503,nan,-16.573525803545337,nan,-16.343657033037488,nan,1.0728246071553402,nan,1.0728326792540734,nan,1.0013570645649563,nan,1.00135036651766,nan
f X t,3,-11.434073465006207,nan,-11.905106040946219,nan,-11.900498145652524,nan,1.2282518249830128,nan,1.2281502488163867,nan,1.0014409973032856,nan,1.0014372182034386,nan
g i S,3,-12.483140423654795,nan,-13.798886815887123,nan,-13.756941298427389,nan,1.1364960004207938,nan,1.136481529194039,nan,1.0001913809001861,nan,1.000213250718539,nan
C u v,3,-13.815017583431313,nan,-13.513168328686143,nan,-13.54138114351419,nan,1.1308954499064348,nan,1.1308757438616266,nan,1.0017398429429978,nan,1.0017308132160951,nan
t X t,3,-9.449616716927729,nan,-10.539781697195798,nan,-10.543508140149644,nan,1.2562318379544846,nan,1.2561205526270323,nan,1.0038814208285796,nan,1.003843853229087,nan
S X z,3,-13.909151765153755,nan,-11.503620549433881,nan,-11.531002625825039,nan,1.0666932319298559,nan,1.0666932018468658,nan,1.0008699131826644,nan,1.000875153944893,nan
S x J,3,-14.1684755446458,nan,-inf,nan,-19.724120994754898,nan,1.1472747530193488,nan,1.1472563220210215,nan,1.0005153085531497,nan,1.0005347339946706,nan
S u T,3,-14.283741783344244,nan,-16.579625929714176,nan,-16.533652221471012,nan,1.1090154656268643,nan,1.1090104907186604,nan,1.0008663489838217,nan,1.0008792446401236,nan
s X l,3,-10.921965459640035,nan,-11.815025896313841,nan,-11.814656211543815,nan,1.1396792165476775,nan,1.1396502470615786,nan,1.000984556052883,nan,1.0009950730872847,nan
g u v,3,-11.93399114824183,nan,-16.18535209213051,nan,-15.910341203317216,nan,1.1753273085722,nan,1.175292184519472,nan,1.0010786923465038,nan,1.0010788164760789,nan
w u v,3,-11.728257150823133,nan,-13.553254807355318,nan,-13.538232347938429,nan,1.194236426055369,nan,1.1941947404737774,nan,1.0014384360534196,nan,1.0014335794081466,nan
C Y b,3,-13.417035521945262,nan,-inf,nan,-21.7207898962075,nan,1.0489198048728554,nan,1.0489347496883776,nan,1,1,1.000026560064952,1.0
z u b,3,-11.05818374125229,nan,-inf,nan,-25.0128615864698,nan,1.1143004211637015,nan,1.114291183669279,nan,1.0000194456057792,nan,1.0000457364396584,nan
J Y z,3,-13.812721416673602,nan,-16.872270732934908,nan,-16.216715447128205,nan,1.0784468818869226,nan,1.0784425045053,nan,1.0003305670094125,nan,1.0003490257393295,nan
D x d,3,-9.627807716171034,nan,-12.172305660934391,nan,-12.102259440079262,nan,1.2633662728397062,nan,1.2632922050986803,nan,1.026571906389583,nan,1.0262296418030108,nan
f u S,3,-13.373549108049772,nan,-16.826572336580675,nan,-16.628218338762526,nan,1.1266730200036812,nan,1.1266615740265276,nan,1.000477950775977,nan,1.000497151444181,nan
S c T,3,-14.442688201449503,nan,-19.509193518613873,nan,-19.20398817510198,nan,1.071728516545183,nan,1.0717373128279237,nan,1,1,1.000026560064952,1.0
l W T,3,-13.482559144162629,nan,-13.538886643727874,nan,-13.55644763798923,nan,1.0545592322501416,nan,1.0545749729497342,nan,1.0018268176835952,nan,1.001808607212828,nan
D Y b,3,-11.268535815448166,nan,-inf,nan,-21.94890352866411,nan,1.1169469536154446,nan,1.1169382927761604,nan,1.0000291684086688,nan,1.0000553246270116,nan
S Y b,3,-13.320924309656291,nan,-inf,nan,-22.895964768687634,nan,1.0497967494517848,nan,1.0498113899645192,nan,1,1,1.000026560064952,1.0
z i D,3,-10.621288685503313,nan,-20.054173157996807,nan,-19.964155719788938,nan,1.096225241550667,nan,1.0962229433660142,nan,1.0000173982636533,nan,1.000043531942551,nan
s X m,3,-10.951490843922175,nan,-13.715335473166062,nan,-13.679324292697853,nan,1.1427239126870028,nan,1.1426929315786611,nan,1.0007931751526968,nan,1.0008083824336977,nan
h x s,3,-9.687337649373145,nan,-9.296509115917859,nan,-9.304563551129343,nan,1.251821488600444,nan,1.2517510940179553,nan,1.019887549858065,nan,1.0195589944951027,nan
T X z,3,-13.776844430991755,nan,-11.7852613874777,nan,-11.796508913831632,nan,1.0700639876551166,nan,1.0700627879082856,nan,1.0012004884809114,nan,1.0012011523149011,nan
y x S,3,-11.682136669549038,nan,-13.017270878144917,nan,-13.023560688836367,nan,1.230313207430072,nan,1.230264892087728,nan,1.0032847656534702,nan,1.0032630644957736,nan
g c T,3,-12.65777297854899,nan,-13.757541483185276,nan,-13.711600354189988,nan,1.115283430632019,nan,1.1152771132096275,nan,1.0062128710464653,nan,1.0061534117836346,nan
n W d,3,-10.938607460723444,nan,-12.517476615635236,nan,-12.497773519435261,nan,1.1087319561554918,nan,1.1087142720254048,nan,1.0042273719148576,nan,1.0041952170664783,nan
S u v,3,-13.718906371142342,nan,-13.303312676074588,nan,-13.330261654874437,nan,1.1317723944853642,nan,1.1317523841377684,nan,1.0017884569574458,nan,1.001778754152861,nan
k X m,3,-11.10577895623594,nan,-14.336815800486077,nan,-14.293187234519586,nan,1.1296884969147891,nan,1.1296620391405967,nan,1.0001709157677612,nan,1.000194738443094,nan
D x g,3,-10.008483163086066,nan,-12.344828183674476,nan,-12.335141364709163,nan,1.2265167504220433,nan,1.2264670290576476,nan,1.0271460490901416,nan,1.0267897137637718,nan
y c S,3,-12.411345324965838,nan,-12.892129773234373,nan,-12.906739608294048,nan,1.152453001890019,nan,1.1524334426616474,nan,1.0019793239498918,nan,1.0019640105082634,nan
C X z,3,-14.005262977442726,nan,-12.348840269081494,nan,-12.362362524216648,nan,1.0658162873509265,nan,1.0658165615707242,nan,1.0008699131826644,nan,1.000875153944893,nan
D i T,3,-12.083359818185183,nan,-14.821575554814965,nan,-14.812672721298323,nan,1.1589951998874604,nan,1.1589732651978268,nan,1.0014655736976317,nan,1.0014672048643596,nan
s X z,3,-11.530528687725239,nan,-11.091578670138057,nan,-11.093444621100321,nan,1.1281615660092013,nan,1.1281402062026722,nan,1.0016282918080546,nan,1.0016230325584412,nan
S e D,3,-12.578086193723607,nan,-inf,nan,-19.905680538476958,nan,1.0856636802703452,nan,1.085665337650252,nan,1.0006708733993837,nan,1.0006881449923215,nan
d Y z,3,-11.324442082406962,nan,-11.97391287373077,nan,-11.964350206694318,nan,1.123536448986885,nan,1.1235164253702516,nan,1.0019542750919785,nan,1.0019502530273108,nan
b A p,3,-11.269798377784262,nan,-9.77842438775725,nan,-9.79081517079094,nan,1.131357142950455,nan,1.1313418071372734,nan,1.007423571371503,nan,1.0073284284322295,nan
b i l,3,-10.30162704221615,nan,-9.979233075845091,nan,-9.986508006855196,nan,1.1870095300523225,nan,1.1869627563902734,nan,1.0080155847992822,nan,1.007889243090621,nan
b i s,3,-10.125945659716708,nan,-11.623266010254333,nan,-11.61476879729426,nan,1.1865049804063772,nan,1.1864585400988712,nan,1.0049534903963036,nan,1.0049021926332289,nan
b X s,3,-11.361420245159024,nan,-12.029716112103621,nan,-12.022801142306081,nan,1.1246776768313025,nan,1.124654071205209,nan,1.0021487228609363,nan,1.0021384840787437,nan
b Y s,3,-10.942301232227775,nan,-10.827902833175033,nan,-10.829500123520749,nan,1.1367145068086484,nan,1.1366864556194807,nan,1.0061171515854515,nan,1.0060477020221341,nan
b x l,3,-9.879358275855546,nan,-8.70747949251822,nan,-8.717150483177669,nan,1.2447532564137578,nan,1.244685156258092,nan,1.015728734893506,nan,1.0154518237119725,nan
C A l,3,-12.52263800027633,nan,-13.912889681620257,nan,-13.913428620309361,nan,1.120862926426218,nan,1.1208395144027277,nan,1.0006411827941402,nan,1.0006544134364468,nan
C i D,3,-12.311778364636153,nan,-17.942568134770916,nan,-17.88415231122484,nan,1.097805568760613,nan,1.097802722196978,nan,1.0006785488601473,nan,1.0006955286825672,nan
C i n,3,-11.650556816129564,nan,-12.409036281085497,nan,-12.434478654288844,nan,1.2299801777346375,nan,1.2298900037756963,nan,1.0038972276360054,nan,1.0038353260383486,nan
C X J,3,-15.922330108737691,nan,-17.676495896668285,nan,-17.443472170307604,nan,1.0268267785039094,nan,1.0268528129833991,nan,1,1,1.000026560064952,1.0
C X g,3,-13.814726221386081,nan,-18.97491107838179,nan,-18.587809820224884,nan,1.038918571742944,nan,1.038936617208384,nan,1,1,1.000026560064952,1.0
C X T,3,-15.467334110124597,nan,-17.195266948506408,nan,-17.05306182566141,nan,1.0291407475697967,nan,1.029165253216382,nan,1.0000347965273066,nan,1.0000605038201495,nan
C x J,3,-14.26458675693477,nan,-inf,nan,-19.235313615849325,nan,1.1463978084404194,nan,1.14637968174488,nan,1.0003889121155847,nan,1.0004100875590793,nan
C x n,3,-11.22828804976896,nan,-10.626099002064713,nan,-10.656635217601634,nan,1.287723904096073,nan,1.287612403643515,nan,1.0293048263073483,nan,1.028617348128316,nan
C x S,3,-13.941898092483676,nan,-14.72635697644167,nan,-14.758376188027988,nan,1.1498078681164638,nan,1.1497874884040125,nan,1.000649886070384,nan,1.0006646657230616,nan
C x C,3,-14.038009304772645,nan,-14.564568400858027,nan,-14.612494062562543,nan,1.149929655962037,nan,1.1499091957846956,nan,1.0015371975167016,nan,1.0015302314806014,nan
d i k,3,-9.878130011625014,nan,-13.874613622657815,nan,-13.822528028750765,nan,1.1857840793603678,nan,1.1857374362166768,nan,1.0032714620740688,nan,1.0032505016123898,nan
d i s,3,-9.723841899311248,nan,-12.62200580781923,nan,-12.610661396093592,nan,1.1843400234771448,nan,1.1842943344171464,nan,1.0039325960928938,nan,1.003895432961145,nan
d i t,3,-9.075508219204817,nan,-9.856522960520774,nan,-9.860910873109566,nan,1.318324051871111,nan,1.3181898399374454,nan,1.0065249373772336,nan,1.006424242723369,nan
d E p,3,-11.268978068477736,nan,-14.876890781858407,nan,-14.837759224437312,nan,1.1158330548508888,nan,1.115823404213861,nan,1.0008479146158535,nan,1.0008558714705251,nan
d X s,3,-10.959316484753565,nan,-12.189093188922726,nan,-12.181636222272452,nan,1.1225127199020701,nan,1.1224898655234843,nan,1.0025959717938588,nan,1.0025795406969902,nan
D i D,3,-10.163278658139056,nan,-17.060622272847084,nan,-16.974165883506224,nan,1.1658327175032022,nan,1.1658062652847607,nan,1.0010480153699528,nan,1.001059879801988,nan
D i g,3,-10.430751929446668,nan,-15.908072504130399,nan,-15.869384914918799,nan,1.1687730240606078,nan,1.168744629189829,nan,1.0011176084245659,nan,1.0011277673123833,nan
D i C,3,-12.311778364636153,nan,-14.362091700804806,nan,-14.3625574114111,nan,1.1602130783431905,nan,1.1601903390046597,nan,1.0014481754339783,nan,1.0014502329867607,nan
d I J,3,-12.302305818200619,nan,-13.760593853913344,nan,-13.761731522320346,nan,1.129203773811879,nan,1.1291930173441138,nan,1.0068719743008334,nan,1.0068032040265433,nan
d I D,3,-9.927228659541395,nan,-11.987927381983564,nan,-11.993466619739078,nan,1.138355260493508,nan,1.1383384576640305,nan,1.0144228207263601,nan,1.0141689989044307,nan
d Y p,3,-11.322637353528744,nan,-13.024091920281721,nan,-13.015002694266295,nan,1.0977000274617532,nan,1.097697073896723,nan,1.0023892316833107,nan,1.0023745499672814,nan
d Y t,3,-9.891863791715885,nan,-9.876308251652453,nan,-9.881150819358172,nan,1.2685335782733822,nan,1.268417755458055,nan,1.0103228399092097,nan,1.0101137261523427,nan
d I T,3,-11.847309819587522,nan,-13.010031971967884,nan,-13.020460203600837,nan,1.1315177428777663,nan,1.1315054575770966,nan,1.0068719743008334,nan,1.0068032040265433,nan
d I Z,3,-16.701681091209114,nan,-inf,nan,-19.0509217829647,nan,1.1280032936198021,nan,1.12799333030595,nan,1.00685457603718,nan,1.0067862321489445,nan
f i k,3,-11.001220671984088,nan,-14.346370554392044,nan,-14.299835750891257,nan,1.157539156047344,nan,1.1575023139892802,nan,1.0022700133764382,nan,1.0022629183150122,nan
f i s,3,-10.846932559670321,nan,-13.093762739553458,nan,-13.087969118234081,nan,1.156095100164121,nan,1.1560592121897497,nan,1.0029311473952631,nan,1.0029078496637673,nan
f X s,3,-12.082407145112638,nan,-13.434264249277069,nan,-13.418899794644998,nan,1.0942677965890466,nan,1.0942547432960876,nan,1.0011278285575265,nan,1.0011317244066598,nan
f X t,3,-11.434073465006207,nan,-11.905106040946219,nan,-11.900498145652524,nan,1.2282518249830128,nan,1.2281502488163867,nan,1.0014409973032856,nan,1.0014372182034386,nan
f Y k,3,-11.817576244495156,nan,-10.91134340919019,nan,-10.924062863000303,nan,1.1077486824496154,nan,1.1077302295098896,nan,1.006593975079934,nan,1.0064730324574267,nan
f x l,3,-10.60034517580916,nan,-9.849982910131832,nan,-9.863491753181735,nan,1.214343376171502,nan,1.2142858283489706,nan,1.0107603826169116,nan,1.010552259974497,nan
g e s,3,-10.466936387602702,nan,-13.73190016177275,nan,-13.708744449706984,nan,1.1700697174151,nan,1.1700292708668685,nan,1.0016006402561024,nan,1.0015879728040433,nan
g W d,3,-11.867302280537645,nan,-17.46672165328431,nan,-16.759706736369708,nan,1.1177206380895197,nan,1.117699834855857,nan,1.0000173982636533,nan,1.000043531942551,nan
g W r,3,-11.583223263078096,nan,-inf,nan,-19.695515827394363,nan,1.1943425912185974,nan,1.1942711640743218,nan,1,1,1.000026560064952,1.0
g W z,3,-12.43851448350932,nan,-15.75508160406227,nan,-15.072398617336686,nan,1.1077688312798393,nan,1.1077546031771646,nan,1.0010090992918907,nan,1.0010109289656834,nan
g i C,3,-12.579251635943764,nan,-13.366349780381137,nan,-13.374432271310447,nan,1.1366177882663668,nan,1.1366032365747223,nan,1.0004175583276789,nan,1.0004338851273236,nan
g i J,3,-12.80582908810589,nan,-inf,nan,-17.24348002222085,nan,1.1330859407447493,nan,1.1330737225349066,nan,1,1,1.000026560064952,1.0
g i D,3,-10.430751929446668,nan,-16.064880352423415,nan,-15.986040743405571,nan,1.1422374274263785,nan,1.1422191628548233,nan,1.0000173982636533,nan,1.000043531942551,nan
g X g,3,-11.933699786196598,nan,-16.53394177852711,nan,-16.144204499693746,nan,1.0833504304087094,nan,1.0833530578662294,nan,1,1,1.000026560064952,1.0
g u v,3,-11.93399114824183,nan,-16.18535209213051,nan,-15.910341203317216,nan,1.1753273085722,nan,1.175292184519472,nan,1.0010786923465038,nan,1.0010788164760789,nan
h e s,3,-10.472025457110174,nan,-11.456038656140692,nan,-11.456842784061166,nan,1.1810589291698113,nan,1.1810146693272692,nan,1.0043716390796433,nan,1.0043206061996999,nan
h e n,3,-10.137038491823976,nan,-10.946864026238266,nan,-10.948698424815005,nan,1.2723824150859169,nan,1.272277818071075,nan,1.0046326130344427,nan,1.004575184363682,nan
h i n,3,-9.77461945044755,nan,-8.59239333203309,nan,-8.60000339745046,nan,1.285401248155114,nan,1.2852918428939424,nan,1.0208732414812767,nan,1.0205763011570024,nan
h Y s,3,-10.925961988244817,nan,-11.141162559109715,nan,-11.141660579201474,nan,1.1442872886412798,nan,1.144256609670746,nan,1.00437676986821,nan,1.0043314164859147,nan
h x s,3,-9.687337649373145,nan,-9.296509115917859,nan,-9.304563551129343,nan,1.251821488600444,nan,1.2517510940179553,nan,1.019887549858065,nan,1.0195589944951027,nan
J X T,3,-15.693911562286722,nan,-inf,nan,-20.183105515623694,nan,1.029734512128447,nan,1.0297588117366863,nan,1.0000347965273066,nan,1.0000605038201495,nan
J x n,3,-11.454865501931085,nan,-9.06246407005151,nan,-9.108894786432712,nan,1.2883176686547233,nan,1.2882059621638193,nan,1.0324744600493634,nan,1.0317430972054529,nan
k e d,3,-10.240549053001438,nan,-11.342885808403278,nan,-11.332958899114633,nan,1.1738864275525454,nan,1.173844989514095,nan,1.0118003992615543,nan,1.0116580137226063,nan
k X m,3,-11.10577895623594,nan,-14.336815800486077,nan,-14.293187234519586,nan,1.1296884969147891,nan,1.1296620391405967,nan,1.0001709157677612,nan,1.000194738443094,nan
l e l,3,-10.224591298073584,nan,-12.379217748205921,nan,-12.374262124100671,nan,1.1540402078124772,nan,1.1540051652851826,nan,1.0019982639367657,nan,1.0019852852804159,nan
m A b,3,-10.692565262859416,nan,-14.265492673824792,nan,-14.26187774140952,nan,1.1262597221994868,nan,1.1262471266842355,nan,1.0042600962335344,nan,1.0042163582376764,nan
m e p,3,-10.860875181562712,nan,-13.313847281129037,nan,-13.302463141569845,nan,1.134636095098834,nan,1.1346195036050228,nan,1.0025381488842613,nan,1.0025234458710557,nan
m A v,3,-11.7589094259056,nan,-9.559865997804042,nan,-9.580135453486424,nan,1.1412744237322738,nan,1.1412519080456194,nan,1.0128548384782585,nan,1.0126004657714929,nan
m A z,3,-10.86167370542563,nan,-10.586924416638073,nan,-10.592267849714254,nan,1.1551930346549037,nan,1.1551613229808537,nan,1.0050082215706257,nan,1.0049461489744256,nan
m X n,3,-10.616503878635976,nan,-13.357273783167686,nan,-13.325154717917615,nan,1.214000632926725,nan,1.2139173843190667,nan,1.0015484454651427,nan,1.001537057171247,nan
m X s,3,-10.951490843922175,nan,-14.412864981938805,nan,-14.370495397392316,nan,1.1226771470106194,nan,1.122654235575261,nan,1.000661134018825,nan,1.0006714914137071,nan
m Y d,3,-10.745404238603898,nan,-10.536009017452571,nan,-10.542313957323948,nan,1.1336526829051148,nan,1.1336260271007208,nan,1.0046930386380788,nan,1.0046525814630618,nan
m x b,3,-9.908883660137686,nan,-15.438952965771975,nan,-15.424095967805938,nan,1.2023017635991815,nan,1.2022610834726193,nan,1.0043645023931231,nan,1.0043252548945307,nan
n e s,3,-9.538241567788502,nan,-13.840937071687287,nan,-13.831680358392004,nan,1.1610810354810719,nan,1.1610437080364162,nan,1.002475692516168,nan,1.0024509096658296,nan
n e n,3,-9.203254602502303,nan,-13.331762441784862,nan,-13.323535999145841,nan,1.2524045213971775,nan,1.252306856780222,nan,1.0027366664709674,nan,1.0027054878298118,nan
n c d,3,-9.695794823081245,nan,-13.40284009758832,nan,-13.37942613017374,nan,1.152922095288801,nan,1.15288809041221,nan,1.0043547795902337,nan,1.0043156667071775,nan
n W d,3,-10.938607460723444,nan,-12.517476615635236,nan,-12.497773519435261,nan,1.1087319561554918,nan,1.1087142720254048,nan,1.0042273719148576,nan,1.0041952170664783,nan
n c G,3,-10.758629960657345,nan,-11.250152519024635,nan,-11.25765174765851,nan,1.13180060321371,nan,1.131780553247992,nan,1.0059206233190296,nan,1.005843135691071,nan
n i n,3,-8.840835561125878,nan,-11.116140932991557,nan,-11.118901130824645,nan,1.2654233544663747,nan,1.2653208816030894,nan,1.0071251981953582,nan,1.0070186042396048,nan
p e k,3,-10.809956527094895,nan,-11.906067025925799,nan,-11.90918388203586,nan,1.1505401821189238,nan,1.1505060593953436,nan,1.006408727917291,nan,1.0062894225995318,nan
p e m,3,-10.860875181562712,nan,-13.070376079637704,nan,-13.06580352653673,nan,1.1526453720209715,nan,1.1526098584042979,nan,1.0020069672130094,nan,1.0019955375670306,nan
p e p,3,-11.43810829648756,nan,-13.941197988668835,nan,-13.92867736392661,nan,1.112246603818038,nan,1.1122377815547804,nan,1.0016242054126372,nan,1.0016221562598566,nan
p i m,3,-10.498456140186287,nan,-13.468436253902807,nan,-13.438952437224424,nan,1.1656642050901687,nan,1.1656238832271653,nan,1.0038860459982406,nan,1.0038567619127479,nan
p X b,3,-12.143860126865453,nan,-16.64790669162782,nan,-16.50793877301206,nan,1.0603412423818757,nan,1.060352492660896,nan,1.0014758186970958,nan,1.0014817600455281,nan
p X d,3,-11.741756366459994,nan,-11.523744281097585,nan,-11.529375766191054,nan,1.099226361646973,nan,1.0992119206362068,nan,1.002832883262052,nan,1.0028055664982358,nan
p X v,3,-13.210204289911637,nan,-14.134113744308415,nan,-13.940142233690754,nan,1.0753559439146627,nan,1.0753572740222799,nan,1.0015106152244024,nan,1.0015157038007256,nan
r e m,3,-10.007388690009707,nan,-13.603923018444599,nan,-13.599340892976262,nan,1.1450543205096124,nan,1.1450214410139465,nan,1.0019777988043406,nan,1.001966773004971,nan
r i g,3,-10.033470736379702,nan,-15.199594684371505,nan,-15.167640111916308,nan,1.1166130912930259,nan,1.1166027960984848,nan,1.003013554988041,nan,1.0029974638462535,nan
r i s,3,-9.4397628818517,nan,-12.94993179300841,nan,-12.93852951474385,nan,1.1545239077935392,nan,1.1544885650283292,nan,1.003796476852439,nan,1.0037611983382004,nan
r i t,3,-8.791429201745268,nan,-10.184448945709955,nan,-10.188778991759824,nan,1.2885079361875054,nan,1.2883840705486282,nan,1.0063888181367788,nan,1.0062900081004245,nan
r i z,3,-10.224007492436346,nan,-9.266671055631154,nan,-9.277228584743325,nan,1.1435108069010083,nan,1.143482740460825,nan,1.0118344746602577,nan,1.0116022057888547,nan
r E p,3,-10.98489905101819,nan,-13.2678788250873,nan,-13.261596480661842,nan,1.0860169391672831,nan,1.0860176348250439,nan,1.003706418665401,nan,1.0036747985523602,nan
r I D,3,-9.643149642081848,nan,-13.304779093796785,nan,-13.30887704136719,nan,1.1085391448099025,nan,1.1085326882752133,nan,1.010844829262981,nan,1.0106405459584602,nan
r I S,3,-11.695538136289976,nan,-12.090061170387152,nan,-12.120562798507533,nan,1.1027977178043178,nan,1.1027950546144292,nan,1.0052251901029692,nan,1.0051586294940416,nan
r I T,3,-11.563230802127975,nan,-14.326883683781103,nan,-14.33587062522895,nan,1.1017016271941606,nan,1.1016996881882795,nan,1.0032939828374543,nan,1.0032747510805728,nan
r I Z,3,-16.417602073749563,nan,-inf,nan,-20.366332204592812,nan,1.0981871779361965,nan,1.0981875609171328,nan,1.003276584573801,nan,1.003257779202974,nan
r I z,3,-10.101159669446105,nan,-9.407099219784534,nan,-9.417192542283583,nan,1.1383771669752905,nan,1.1383509965426217,nan,1.0089484185247726,nan,1.0087906113001888,nan
r x l,3,-9.193175497990538,nan,-11.032008295005738,nan,-11.037195914948672,nan,1.2127721838009198,nan,1.21271518118755,nan,1.0098172707366189,nan,1.0096222058012385,nan
s i g,3,-10.104517346226277,nan,-13.994360601491255,nan,-13.962890930805075,nan,1.1630911539762934,nan,1.163064730733994,nan,1.0100042502656759,nan,1.0098913705531907,nan
s i v,3,-11.192289822762891,nan,-10.5367912942238,nan,-10.547824865512093,nan,1.1760702586616458,nan,1.1760352601611,nan,1.0111351374031396,nan,1.0109945425971139,nan
s X d,3,-10.959316484753565,nan,-12.28936920456903,nan,-12.28514651273072,nan,1.1381133728188817,nan,1.1380854378813647,nan,1.0021328414539998,nan,1.0021152170088068,nan
s X g,3,-11.339991931668596,nan,-17.717649479438354,nan,-17.318891917108555,nan,1.1012638504012189,nan,1.101260261840332,nan,1.0007583786253902,nan,1.0007744386785002,nan
s X k,3,-10.900572189454358,nan,-14.063837496199184,nan,-14.018865486895406,nan,1.1406187227849551,nan,1.1405891325697068,nan,1.0010019543165363,nan,1.0010120449648836,nan
s X m,3,-10.951490843922175,nan,-13.715335473166062,nan,-13.679324292697853,nan,1.1427239126870028,nan,1.1426929315786611,nan,1.0007931751526968,nan,1.0008083824336977,nan
S x J,3,-14.1684755446458,nan,-inf,nan,-19.724120994754898,nan,1.1472747530193488,nan,1.1472563220210215,nan,1.0005153085531497,nan,1.0005347339946706,nan
S x C,3,-13.941898092483674,nan,-15.063400076863557,nan,-15.101301441468117,nan,1.1508066005409663,nan,1.1507858360608372,nan,1.0016635939542666,nan,1.0016548779161927,nan
s Y b,3,-10.942301232227775,nan,-inf,nan,-19.728141389159145,nan,1.1112650835311302,nan,1.1112583943203256,nan,1,1,1.000026560064952,1.0
s Y v,3,-12.008645395273959,nan,-12.766241033249043,nan,-12.763429602670204,nan,1.1262797850639172,nan,1.1262631756817094,nan,1.0007655236007447,nan,1.0007733226793,nan
s x J,3,-11.789852467217283,nan,-inf,nan,-17.12939069610531,nan,1.2087430870986942,nan,1.2087033263768279,nan,1.0070782005036412,nan,1.0070067604580677,nan
s x g,3,-9.682248579865675,nan,-14.066146394161049,nan,-14.054220640846482,nan,1.220834880337729,nan,1.2207871306018128,nan,1.0077393345224661,nan,1.0076516918068228,nan
s x S,3,-11.467163802766187,nan,-12.645217926593478,nan,-12.652453268283972,nan,1.2121531467747386,nan,1.2121111330359604,nan,1.0073391744584406,nan,1.00726133862205,nan
t e s,3,-9.224894852968268,nan,-12.391255860944506,nan,-12.389238124036954,nan,1.1710562800663957,nan,1.171015491177528,nan,1.0057036630755207,nan,1.0056341878670856,nan
t E m,3,-9.830378865833485,nan,-11.54660403727785,nan,-11.551151876039928,nan,1.1559669127122705,nan,1.1559306626466275,nan,1.0076762647806188,nan,1.0075353289558453,nan
t X t,3,-9.449616716927729,nan,-10.539781697195798,nan,-10.543508140149644,nan,1.2562318379544846,nan,1.2561205526270323,nan,1.0038814208285796,nan,1.003843853229087,nan
T i n,3,-11.422138269678593,nan,-15.671289805359743,nan,-15.297221399754095,nan,1.2342278780388276,nan,1.2341362301132577,nan,1.0032360770395115,nan,1.0031833292983323,nan
T X T,3,-15.238915563673626,nan,-16.631688066902615,nan,-16.487208215276393,nan,1.0333884478739868,nan,1.0334114795539433,nan,1.0003653718255536,nan,1.0003865021901577,nan
T x J,3,-14.0361682104838,nan,-inf,nan,-19.695530820132046,nan,1.1506455087446095,nan,1.1506259080824413,nan,1,1,1.000026560064952,1.0
T x S,3,-13.713479546032705,nan,-15.206127704830937,nan,-15.21859339231071,nan,1.154055568420654,nan,1.1540337147415738,nan,1.0002609739547994,nan,1.0002811382289343,nan
T x C,3,-13.809590758321674,nan,-15.044339129247293,nan,-15.072711266845266,nan,1.154177356266227,nan,1.154155422122257,nan,1.0011482854011169,nan,1.001146703986474,nan
t Y s,3,-9.678831384102912,nan,-12.587971786772227,nan,-12.584231981374455,nan,1.1342846395378643,nan,1.1342574315210048,nan,1.004221205021976,nan,1.0041780054882639,nan
t x l,3,-8.615888427730683,nan,-9.797149237148068,nan,-9.802809760390511,nan,1.2423233891429737,nan,1.2422561321596162,nan,1.0128216168295106,nan,1.0125849556933713,nan
v e t,3,-10.906375184032886,nan,-16.23579975051497,nan,-16.18164229660486,nan,1.2572376940693362,nan,1.2571249699785618,nan,1.0005567444369052,nan,1.0005696601481142,nan
v i n,3,-10.857302857476693,nan,-14.613019666398879,nan,-14.603390835211,nan,1.2275959846606725,nan,1.227506638024936,nan,1.0032360770395115,nan,1.0031833292983323,nan
v X n,3,-12.09277744291901,nan,-12.38444573535302,nan,-12.397961580245,nan,1.165768681085598,nan,1.165702169131274,nan,1.0015484454651427,nan,1.001537057171247,nan
v e D,3,-11.880943447359707,nan,-inf,nan,-23.032539538062437,nan,1.0824025426174508,nan,1.0824053316233502,nan,1,1,1.000026560064952,1.0
v Y k,3,-12.162933507587725,nan,-17.14904274459711,nan,-16.764325706136557,nan,1.0879260810300613,nan,1.08791450660127,nan,1.0052813966898357,nan,1.0051786271647474,nan
v Y r,3,-11.937598785427383,nan,-18.272953448006685,nan,-17.874224635640807,nan,1.1620426841930656,nan,1.1619821411313926,nan,1.0010536186220869,nan,1.0010544609082344,nan
v Y t,3,-11.360311715167528,nan,-15.92483755280513,nan,-15.53950816488355,nan,1.2204660535408047,nan,1.2203669103220387,nan,1.0087088546295333,nan,1.0085220870517146,nan
w e s,3,-10.261202390184005,nan,-10.234331393519616,nan,-10.236601841312709,nan,1.188978834898269,nan,1.1889318268211737,nan,1.0114498395832845,nan,1.0113008065928155,nan
w x J,3,-12.177826324326588,nan,-inf,nan,-15.406713614339509,nan,1.2097387845893537,nan,1.2096986783570305,nan,1.0261543397730697,nan,1.0258187840450086,nan
w x S,3,-11.855137659875492,nan,-10.920024894980989,nan,-10.92977618651817,nan,1.2131488442653982,nan,1.213106485016163,nan,1.026415313727869,nan,1.0260733622089908,nan
w x C,3,-11.951248872164463,nan,-10.758236319397344,nan,-10.783894061052727,nan,1.2132706321109712,nan,1.2132281923968462,nan,1.0273026251741866,nan,1.0269389279665306,nan
y c d,3,-10.245754655150295,nan,-14.142431453226756,nan,-14.108126819131193,nan,1.197984257870672,nan,1.1979346162685325,nan,1.0011268090308807,nan,1.0011323885059213,nan
y c g,3,-10.626430102065324,nan,-13.913367347187249,nan,-13.905762762760281,nan,1.1611347354530093,nan,1.1611094402274997,nan,1.003388583305808,nan,1.0033387325937677,nan
y c G,3,-11.308589792726394,nan,-11.989743874663073,nan,-11.986352436615963,nan,1.176862765795581,nan,1.1768270791043145,nan,1.0026926527596767,nan,1.002659857489815,nan
y X C,3,-13.435991233640928,nan,-13.767241161612803,nan,-13.409080225143446,nan,1.110863965339135,nan,1.1108597307069303,nan,1.008019265041808,nan,1.0079346101342188,nan
y X g,3,-11.554964798451444,nan,-15.057288590801196,nan,-14.66904765071962,nan,1.1194239110565523,nan,1.1194140208920995,nan,1.0080018667781547,nan,1.00791763825662,nan
y X T,3,-13.207572687189959,nan,-13.277644460925815,nan,-13.134299656156145,nan,1.1096460868834048,nan,1.1096426569000974,nan,1.0080366633054614,nan,1.0079515820118174,nan
y X v,3,-12.642737274988058,nan,-12.2393777791427,nan,-12.046068713841485,nan,1.1324030157419047,nan,1.1323845503192054,nan,1.0080540615691147,nan,1.0079685538894163,nan
y x J,3,-12.004825334000135,nan,-inf,nan,-17.500498116657706,nan,1.2269031477540275,nan,1.2268570854285954,nan,1.0030237916986708,nan,1.0030084863317914,nan
y x S,3,-11.682136669549038,nan,-13.017270878144917,nan,-13.023560688836367,nan,1.230313207430072,nan,1.230264892087728,nan,1.0032847656534702,nan,1.0032630644957736,nan
y x C,3,-11.77824788183801,nan,-12.855482302561272,nan,-12.877678563370923,nan,1.230434995275645,nan,1.2303865994684111,nan,1.0041720770997877,nan,1.0041286302533134,nan
b O n,3,-13.025131934687028,nan,-11.095245251479241,nan,-11.056292788686445,nan,1.1990737629165849,nan,1.1989960719156973,nan,1.0025668199628588,nan,1.0025578415261918,nan
b O r,3,-13.28907229012665,nan,-inf,nan,-13.073674722037339,nan,1.1833109360467065,nan,1.1832436595015445,nan,1.0025668199628588,nan,1.0025578415261918,nan
b O s,3,-13.360118899973227,nan,-11.847650191262614,nan,-11.744958524222415,nan,1.1077502770004792,nan,1.1077329231718915,nan,1.0025668199628588,nan,1.0025578415261918,nan
b U n,3,-10.919600896684944,nan,-inf,nan,-15.34330101877937,nan,1.2323646400106336,nan,1.2322746536882871,nan,1.0024209779195146,nan,1.002414018715894,nan
b u r,3,-10.202892520821067,nan,-9.631892721715046,nan,-9.63952988587662,nan,1.279236109355668,nan,1.279133404760999,nan,1.0106984981784002,nan,1.0105058869368697,nan
b U s,3,-11.254587861971142,nan,-inf,nan,-15.626501646207174,nan,1.141041154094528,nan,1.1410115049444813,nan,1.0024209779195146,nan,1.002414018715894,nan
b W r,3,-11.604651576568529,nan,-inf,nan,-15.14687366598072,nan,1.1977590211406772,nan,1.197686408483457,nan,1.001652876491235,nan,1.0016565519149927,nan
C e D,3,-12.674197406012576,nan,-inf,nan,-19.49963875353469,nan,1.0847867356914158,nan,1.0847886973741105,nan,1.0012834099814294,nan,1.001292200795572,nan
C i D,3,-12.311778364636153,nan,-17.942568134770916,nan,-17.88415231122484,nan,1.097805568760613,nan,1.097802722196978,nan,1.0006785488601473,nan,1.0006955286825672,nan
C O b,3,-15.834853189690714,nan,-21.8978412329417,nan,-20.623139188102137,nan,1.0199555750646863,nan,1.0199812172407885,nan,1,1,1.000026560064952,1.0
C O g,3,-15.813424876200283,nan,-21.10334680861268,nan,-19.831023725271763,nan,1.0219911719121209,nan,1.0220154691750665,nan,1,1,1.000026560064952,1.0
C O v,3,-16.901197352736897,nan,-inf,nan,-18.412017592719565,nan,1.0349702765974733,nan,1.0349859986021723,nan,1,1,1.000026560064952,1.0
C u D,3,-12.459771835587087,nan,-20.327811284488114,nan,-19.661932409859944,nan,1.1149760386636767,nan,1.1149668505294525,nan,1.000661150596494,nan,1.0006785568049683,nan
C u S,3,-14.512160329795215,nan,-16.76253476382156,nan,-16.596584940681144,nan,1.109234611658092,nan,1.1092292168686684,nan,1.000730743651107,nan,1.0007464443153635,nan
C u T,3,-14.379852995633215,nan,-16.78948158232573,nan,-16.744771710110765,nan,1.1081385210479349,nan,1.1081338504425187,nan,1.0008177349693737,nan,1.0008313037033576,nan
D e C,3,-12.674197406012576,nan,-13.060397942460535,nan,-12.948459218092605,nan,1.1471942452739934,nan,1.1471763141817923,nan,1.0134619873178679,nan,1.0133017905548922,nan
D e D,3,-10.52569769951548,nan,-inf,nan,-16.525148586231314,nan,1.152813884434005,nan,1.1527922404618933,nan,1.0134271907905612,nan,1.0132678467996947,nan
D e J,3,-12.900774858174701,nan,-11.171717323365922,nan,-11.20333665303649,nan,1.1436623977523759,nan,1.1436468001419766,nan,1.0143666970278387,nan,1.014184328190031,nan
D e S,3,-12.578086193723607,nan,-11.937718619699055,nan,-11.891185199138668,nan,1.1470724574284203,nan,1.1470546068011092,nan,1.0134271907905612,nan,1.0132678467996947,nan
D i C,3,-12.311778364636153,nan,-14.362091700804806,nan,-14.3625574114111,nan,1.1602130783431905,nan,1.1601903390046597,nan,1.0014481754339783,nan,1.0014502329867607,nan
D i D,3,-10.163278658139056,nan,-17.060622272847084,nan,-16.974165883506224,nan,1.1658327175032022,nan,1.1658062652847607,nan,1.0010480153699528,nan,1.001059879801988,nan
D i S,3,-12.215667152347184,nan,-14.794628736310791,nan,-14.745066438528042,nan,1.1600912904976175,nan,1.1600686316239766,nan,1.0012219980064856,nan,1.0012295985779762,nan
D i T,3,-12.083359818185183,nan,-14.821575554814965,nan,-14.812672721298323,nan,1.1589951998874604,nan,1.1589732651978268,nan,1.0014655736976317,nan,1.0014672048643596,nan
d u r,3,-9.800788760415607,nan,-9.146838662313314,nan,-9.153964244113865,nan,1.2770711524264355,nan,1.276969199079274,nan,1.016872478013307,nan,1.0165943859061395,nan
D W C,3,-13.861530891334548,nan,-inf,nan,-17.561340768784195,nan,1.0959064600312638,nan,1.0959074710595926,nan,1.0002261774274928,nan,1.0002471944737366,nan
D W D,3,-11.713031184837451,nan,-inf,nan,-21.900170188969803,nan,1.1015260991912754,nan,1.1015233973396936,nan,1.0000173982636533,nan,1.000043531942551,nan
D W T,3,-13.633112344883578,nan,-inf,nan,-16.698773534894773,nan,1.0946885815755336,nan,1.0946903972527597,nan,1.0018268176835952,nan,1.001808607212828,nan
f U n,3,-11.64058779663856,nan,-inf,nan,-16.24130591752026,nan,1.2019547597683777,nan,1.2018753257791657,nan,1.001166736346754,nan,1.0011771425473337,nan
f u r,3,-10.923879420774682,nan,-12.042047967038476,nan,-12.035091870772156,nan,1.248826229113412,nan,1.2487340768518773,nan,1.0070718927005728,nan,1.0069294930541333,nan
f U s,3,-11.975574761924758,nan,-inf,nan,-16.524506544948068,nan,1.1106312738522721,nan,1.1106121770353599,nan,1.001166736346754,nan,1.0011771425473337,nan
f W r,3,-12.32563847652214,nan,-inf,nan,-17.015244414545887,nan,1.1673491408984216,nan,1.1672870805743356,nan,1.0002916840866884,nan,1.0003142056855474,nan
f x r,3,-10.353617183463143,nan,-13.493055100654542,nan,-13.467364904344915,nan,1.2893994855717839,nan,1.2892923483872214,nan,1.0029659605002388,nan,1.002948858810226,nan
g U n,3,-10.898172583194516,nan,-inf,nan,-14.693189211618474,nan,1.2289482100885538,nan,1.2288594092791518,nan,1.0051336399257178,nan,1.0050891229874315,nan
g U S,3,-13.611782625909232,nan,-10.799113273131368,nan,-10.823686587800198,nan,1.0910321741089446,nan,1.0910344940396492,nan,1.0058991635264625,nan,1.0058358856017795,nan
g U T,3,-13.479475291747232,nan,-inf,nan,-15.631531728501981,nan,1.0899360834987875,nan,1.0899391276134995,nan,1.0051336399257178,nan,1.0050891229874315,nan
g W C,3,-14.12900416264216,nan,-17.667113810511154,nan,-16.994136995028395,nan,1.0723111699544396,nan,1.0723203686296552,nan,1.0002261774274928,nan,1.0002471944737366,nan
g W D,3,-11.980504456145063,nan,-22.69684828085313,nan,-21.332966415214003,nan,1.0779308091144513,nan,1.0779362949097562,nan,1.0000173982636533,nan,1.000043531942551,nan
g W T,3,-13.90058561619119,nan,-16.78827483722289,nan,-16.131569761138977,nan,1.0710932914987095,nan,1.0711032948228223,nan,1.0018268176835952,nan,1.001808607212828,nan
g x r,3,-9.6112019700191,nan,-12.494720845531516,nan,-12.464983692598913,nan,1.31639293589196,nan,1.3162764318872076,nan,1.0073898358150146,nan,1.0073114840559234,nan
h U n,3,-10.903261652701985,nan,-inf,nan,-18.986171114478548,nan,1.239937421843265,nan,1.2398448077395525,nan,1,1,1.000026560064952,1.0
h u r,3,-10.186553276838108,nan,-10.473010980352086,nan,-10.476711310909677,nan,1.2868088911882993,nan,1.2867035588122644,nan,1.0081997378357686,nan,1.0080417227871021,nan
h U s,3,-11.238248617988184,nan,-inf,nan,-19.269371741906355,nan,1.1486139359271594,nan,1.1485816589957467,nan,1,1,1.000026560064952,1.0
h W r,3,-11.58831233258557,nan,-inf,nan,-14.66438234401941,nan,1.2053318029733089,nan,1.2052565625347225,nan,1.0023820867079563,nan,1.0023756659664813,nan
J O b,3,-16.061430641852837,nan,-19.760860320181173,nan,-19.03468400676933,nan,1.0205493396233365,nan,1.0205747757610928,nan,1,1,1.000026560064952,1.0
J x r,3,-11.718805857370707,nan,-13.317981228010572,nan,-13.326346249252055,nan,1.272554841784845,nan,1.2724535497496665,nan,1.0038021215487458,nan,1.0037734429225995,nan
k E G,3,-11.703661436661172,nan,-16.383644660925462,nan,-16.219753739977467,nan,1.1341263223380584,nan,1.1341057230104918,nan,1.0002087791638394,nan,1.000230222596138,nan
k E S,3,-12.806416968900617,nan,-17.255258900830007,nan,-17.087120501121927,nan,1.1097165584324964,nan,1.1097120865678247,nan,1,1,1.000026560064952,1.0
k i b,3,-10.280233772030474,nan,-17.780756579493463,nan,-17.56312762208671,nan,1.1480201413566453,nan,1.1479995863616517,nan,1.001880081734208,nan,1.0018800549201463,nan
k i C,3,-12.139831893729529,nan,-13.648521882610796,nan,-13.654746743314538,nan,1.1414957924866627,nan,1.1414795481107605,nan,1.0022454452709268,nan,1.0022364643497215,nan
k i D,3,-9.99133218723243,nan,-16.347052454653074,nan,-16.26635521540966,nan,1.1471154316466743,nan,1.1470954743908615,nan,1.0018452852069013,nan,1.0018461111649488,nan
k i r,3,-9.594050994165466,nan,-9.108551836345889,nan,-9.114804064134066,nan,1.2635272137508204,nan,1.263430343555427,nan,1.0265682178582227,nan,1.0259631492328702,nan
k u f,3,-11.149214142935023,nan,-19.64770719550022,nan,-18.94746710659509,nan,1.1578833405253282,nan,1.1578612718531283,nan,1,1,1.000026560064952,1.0
k U m,3,-10.998946573048059,nan,-15.603460092214124,nan,-15.324741201845839,nan,1.1460519741780146,nan,1.146019472879869,nan,1.0012404240856192,nan,1.001249439051944,nan
k U n,3,-10.458752840980278,nan,-inf,nan,-16.491218314809558,nan,1.2338262143088496,nan,1.23373572081519,nan,1.0012056275583125,nan,1.0012154952967465,nan
k U p,3,-11.576179687972907,nan,-13.621650571331937,nan,-13.595620642908084,nan,1.1056532059750812,nan,1.1056473960303514,nan,1.001657982413298,nan,1.0016567641143157,nan
k u r,3,-9.7420444651164,nan,-12.404712687235545,nan,-12.387882697493627,nan,1.280697683653884,nan,1.2805944718879017,nan,1.006663534979209,nan,1.0065267891852996,nan
l U n,3,-10.480146111165954,nan,-inf,nan,-15.288740811519052,nan,1.2124141508399857,nan,1.2123310874060638,nan,1.0063878814984784,nan,1.0063259991559919,nan
l X l,3,-11.097646842139476,nan,-12.999912486760454,nan,-12.990324156735209,nan,1.1052317373065998,nan,1.105214721214388,nan,1.0006248123459671,nan,1.000640310155217,nan
m W l,3,-11.441450167677695,nan,-12.493162241133719,nan,-12.48031446194139,nan,1.1207023819197122,nan,1.120680052815258,nan,1.0019726928822774,nan,1.001966560805648,nan
m W r,3,-11.194722175331677,nan,-inf,nan,-15.71646283297925,nan,1.1957584913199941,nan,1.1956865728535089,nan,1.0014681432363322,nan,1.0014743763552822,nan
m W t,3,-10.617435105071822,nan,-9.255609639313256,nan,-9.267091775208778,nan,1.254181860667733,nan,1.254071342044155,nan,1.0052087699217889,nan,1.0051233300390283,nan
n c n,3,-9.147775450182074,nan,-9.208094211121846,nan,-9.21431610576758,nan,1.2453068752877572,nan,1.2452118320448275,nan,1.0247629428555398,nan,1.0242236791305919,nan
n W C,3,-13.200309342827959,nan,-12.717868772862081,nan,-12.73220377809395,nan,1.0633224880204117,nan,1.063334805799203,nan,1.004436151078697,nan,1.004398879597664,nan
n W D,3,-11.051809636330862,nan,-17.747603243204058,nan,-17.071033198279558,nan,1.0689421271804234,nan,1.068950732079304,nan,1.0042273719148576,nan,1.0041952170664783,nan
n x r,3,-8.682507150204898,nan,-13.132268727613583,nan,-13.099498369023593,nan,1.3074042539579318,nan,1.3072908690567553,nan,1.0077301339161513,nan,1.0076470706132847,nan
p c k,3,-10.754477374774666,nan,-11.68075582539694,nan,-11.685608309539257,nan,1.1434425360095035,nan,1.143411034659949,nan,1.0066016505406976,nan,1.0064804161476721,nan
p c p,3,-11.382629144167328,nan,-12.056472237203073,nan,-12.063120562889578,nan,1.1051489577086178,nan,1.105142756819386,nan,1.0023042794183357,nan,1.002288362380764,nan
p c s,3,-10.6001892624609,nan,-13.9797553179093,nan,-13.957055738616903,nan,1.1419984801262806,nan,1.1419679328604186,nan,1.001660543663164,nan,1.0016604029096077,nan
p O l,3,-13.703103996160666,nan,-17.31615956376612,nan,-16.590082383607502,nan,1.0838648055449456,nan,1.083855581783103,nan,1.0000173982636533,nan,1.000043531942551,nan
p O m,3,-13.732629380442805,nan,-inf,nan,-17.335518888890697,nan,1.086909501684271,nan,1.0868982663001856,nan,1,1,1.000026560064952,1.0
p O n,3,-13.192435648375024,nan,-15.070589764538056,nan,-14.918477063398306,nan,1.174683741815106,nan,1.1746145142355067,nan,1,1,1.000026560064952,1.0
p O r,3,-13.456376003814647,nan,-inf,nan,-16.9358589967492,nan,1.1589209149452275,nan,1.1588621018213539,nan,1,1,1.000026560064952,1.0
p O s,3,-13.527422613661223,nan,-15.82299470432143,nan,-15.607142798934277,nan,1.0833602558990003,nan,1.0833513654917009,nan,1,1,1.000026560064952,1.0
p O t,3,-12.879088933554792,nan,-inf,nan,-16.759364945524894,nan,1.2173442842929667,nan,1.217246871012,nan,1,1,1.000026560064952,1.0
p u k,3,-10.595530956669405,nan,-16.862479214484782,nan,-16.465132211030117,nan,1.1807294850911847,nan,1.1806842125506856,nan,1.000919571590262,nan,1.000933028869289,nan
p U m,3,-11.627098342440721,nan,-13.970081790217712,nan,-13.700912732961559,nan,1.1202003787783197,nan,1.1201768480727754,nan,1.0058782010639664,nan,1.0058230044194112,nan
p U n,3,-11.08690461037294,nan,-inf,nan,-14.867389845925278,nan,1.2079746189091547,nan,1.2078930960080965,nan,1.0058434045366598,nan,1.0057890606642137,nan
p U p,3,-12.20433145736557,nan,-11.988272269335525,nan,-11.971792174023804,nan,1.0798016105753863,nan,1.079804771223258,nan,1.0062957593916453,nan,1.006230329481783,nan
p U s,3,-11.421891575659139,nan,-inf,nan,-15.150590473353082,nan,1.116651132993049,nan,1.1166299472642907,nan,1.0058434045366598,nan,1.0057890606642137,nan
p u v,3,-12.122723175420255,nan,-12.51589483504254,nan,-12.52376429162702,nan,1.154353717392801,nan,1.1543258712484166,nan,1.001963467409459,nan,1.0019513415252184,nan
r U n,3,-10.233418118819937,nan,-inf,nan,-17.6416682447351,nan,1.2003835673977956,nan,1.2003046786177451,nan,1,1,1.000026560064952,1.0
r W r,3,-10.91846879870352,nan,-inf,nan,-16.827020023907004,nan,1.1657779485278392,nan,1.165716433412915,nan,1.0009333890774033,nan,1.0009470260508575,nan
S c g,3,-12.790080312710991,nan,-17.594763377498214,nan,-17.342680187503717,nan,1.0815063407183305,nan,1.0815086768199258,nan,1.0027663239208726,nan,1.0027250886031642,nan
s c p,3,-10.600189262460901,nan,-11.172457748961671,nan,-11.17932606824759,nan,1.1440359688805264,nan,1.1440162740645439,nan,1.004044661135577,nan,1.0040046479169833,nan
s U g,3,-11.233159548480714,nan,-20.138116791806866,nan,-19.407491114596873,nan,1.1176273276644444,nan,1.1176176955796042,nan,1.0002783722184525,nan,1.0002981101065331,nan
S U g,3,-13.611782625909228,nan,-15.813174985133491,nan,-15.793264171518286,nan,1.056158993585099,nan,1.0561706912237978,nan,1.0010950876611804,nan,1.0011035178442003,nan
s U k,3,-10.793739806266476,nan,-14.5854319748544,nan,-13.907611984641237,nan,1.1569822000481806,nan,1.156946566308979,nan,1.017137289698488,nan,1.0167438594997884,nan
s U m,3,-10.844658460734292,nan,-20.36990929013183,nan,-19.40550964991256,nan,1.1590873899502283,nan,1.1590503653179334,nan,1.0000347965273066,nan,1.0000605038201495,nan
s U n,3,-10.304464728666511,nan,-inf,nan,-20.571986762876275,nan,1.2468616300810633,nan,1.2467666132532544,nan,1,1,1.000026560064952,1.0
s U p,3,-11.421891575659139,nan,-18.388099769249646,nan,-17.676389090974805,nan,1.1186886217472949,nan,1.1186782884684159,nan,1.0004523548549855,nan,1.0004678288825213,nan
s U s,3,-10.63945169395271,nan,-inf,nan,-20.85518739030408,nan,1.1555381441649577,nan,1.1555034645094486,nan,1,1,1.000026560064952,1.0
S u T,3,-14.283741783344244,nan,-16.579625929714176,nan,-16.533652221471012,nan,1.1090154656268643,nan,1.1090104907186604,nan,1.0008663489838217,nan,1.0008792446401236,nan
s W l,3,-11.236243400896113,nan,-13.432532836561064,nan,-13.407538538440724,nan,1.1371999018108252,nan,1.1371718480101736,nan,1.0010393038048742,nan,1.0010460948197428,nan
s W t,3,-10.41222833829024,nan,-10.194980234740601,nan,-10.194315851708112,nan,1.270679380558846,nan,1.2705631372390704,nan,1.0042753808443856,nan,1.004202864053123,nan
S x r,3,-11.396117192919611,nan,-15.380447836029306,nan,-15.362894059326551,nan,1.272838021805124,nan,1.2727366315055038,nan,1.0007588842442958,nan,1.000772340281054,nan
T c g,3,-12.65777297854899,nan,-15.175788992927341,nan,-15.167015219230121,nan,1.0848770964435912,nan,1.0848782628813456,nan,1.002989948387334,nan,1.0029456169122875,nan
T i D,3,-12.083359818185182,nan,-21.204821659045162,nan,-20.746895056690093,nan,1.102053269064803,nan,1.1020489485345393,nan,1.0000173982636533,nan,1.000043531942551,nan
t O n,3,-11.761662086562163,nan,-13.129271110107101,nan,-13.082151492058976,nan,1.1966438956458008,nan,1.1965670478172215,nan,1.001244518769871,nan,1.0012538480461592,nan
t U n,3,-9.65613104856008,nan,-inf,nan,-18.87059789860498,nan,1.2299347727398495,nan,1.2298456295898113,nan,1.0002333472693508,nan,1.0002566765614285,nan
T W C,3,-15.781612051380675,nan,-17.716377115363102,nan,-17.066706215614317,nan,1.0321270115928647,nan,1.0321501543093712,nan,1.0002261774274928,nan,1.0002471944737366,nan
T W D,3,-13.633112344883578,nan,-22.74611158570508,nan,-21.40553563579993,nan,1.0377466507528763,nan,1.0377660805894722,nan,1.0000173982636533,nan,1.000043531942551,nan
T W T,3,-15.553193504929705,nan,-16.83753814207484,nan,-16.2041389817249,nan,1.0309091331371345,nan,1.0309330805025383,nan,1.0018268176835952,nan,1.001808607212828,nan
T W z,3,-14.091122372247835,nan,-15.80434490891422,nan,-15.144967837922609,nan,1.0675846729182643,nan,1.0675843888568806,nan,1.0010090992918907,nan,1.0010109289656834,nan
v e r,3,-11.483662254292742,nan,-13.07791574098012,nan,-13.037595137584233,nan,1.198814324721597,nan,1.1987402007879158,nan,1.0351966873706004,nan,1.0343606684473623,nan
w U S,3,-13.406048628490531,nan,-12.404688991773451,nan,-12.419727692082843,nan,1.1099412915921136,nan,1.1099370499939545,nan,1.0016600214665894,nan,1.0016554359157928,nan
w U T,3,-13.27374129432853,nan,-inf,nan,-17.227572832784627,nan,1.1088452009819565,nan,1.1088416835678048,nan,1.0008944978658447,nan,1.0009086733014447,nan
w W D,3,-11.774770458726366,nan,-18.913494973924404,nan,-18.21641708488772,nan,1.0968399265976205,nan,1.0968388508640614,nan,1.0003965875763483,nan,1.000417471249325,nan
w x r,3,-9.405467972600402,nan,-11.075284078563094,nan,-11.04548667891116,nan,1.335302053375129,nan,1.3351789878415128,nan,1.0263979154642158,nan,1.026056390331392,nan
y c f,3,-11.368845315509368,nan,-13.016692347833763,nan,-13.01619755830869,nan,1.151791867871194,nan,1.1517727454522237,nan,1.0019097308952787,nan,1.001896122997868,nan
y c g,3,-10.626430102065324,nan,-13.913367347187249,nan,-13.905762762760281,nan,1.1611347354530093,nan,1.1611094402274997,nan,1.003388583305808,nan,1.0033387325937677,nan
y c S,3,-12.411345324965838,nan,-12.892129773234373,nan,-12.906739608294048,nan,1.152453001890019,nan,1.1524334426616474,nan,1.0019793239498918,nan,1.0019640105082634,nan
y e C,3,-12.562935689575037,nan,-15.940791076995254,nan,-15.815871796050102,nan,1.1596724358450123,nan,1.159650174777725,nan,1.000764006744028,nan,1.0007796178716382,nan
y e D,3,-10.41443598307794,nan,-inf,nan,-19.392561164188812,nan,1.165292075005024,nan,1.165266101057826,nan,1.0007292102167213,nan,1.0007456741164407,nan
y e J,3,-12.789513141737162,nan,-14.05211045790064,nan,-14.07074923099399,nan,1.1561405883233948,nan,1.1561206607379093,nan,1.0016687164539988,nan,1.0016621555067768,nan
y e S,3,-12.466824477286067,nan,-14.818111754233776,nan,-14.758597777096165,nan,1.1595506479994393,nan,1.1595284673970419,nan,1.0007292102167213,nan,1.0007456741164407,nan
y i D,3,-10.052016941701517,nan,-20.98385388813323,nan,-20.500873279949314,nan,1.1783109080742213,nan,1.1782801258806934,nan,1.0000173982636533,nan,1.000043531942551,nan
y i J,3,-12.427094100360737,nan,-inf,nan,-21.75831255876459,nan,1.1691594213925922,nan,1.1691346855607767,nan,1,1,1.000026560064952,1.0
y i S,3,-12.104405435909642,nan,-18.717860351596936,nan,-18.271773834971132,nan,1.1725694810686367,nan,1.1725424922199092,nan,1.0001913809001861,nan,1.000213250718539,nan
y U g,3,-11.448132415263565,nan,-12.421564077471086,nan,-12.384181545768293,nan,1.1357873883197778,nan,1.1357714546313717,nan,1.0132777596818705,nan,1.013117516597736,nan
y u g,3,-10.467483683960063,nan,-12.557776180668414,nan,-12.463822871871548,nan,1.1984216845346904,nan,1.1983826181182362,nan,1.0613636759051448,nan,1.0605391508487225,nan
y U T,3,-13.100740304002077,nan,-inf,nan,-14.487019710931204,nan,1.1260095641466303,nan,1.1260000906393697,nan,1.012999387463418,nan,1.0128459665561549,nan
y U z,3,-11.638669171320208,nan,-12.836904931965599,nan,-12.163444023618062,nan,1.1626851039277601,nan,1.162651398993712,nan,1.012999387463418,nan,1.0128459665561549,nan
y x D,3,-9.629748175340913,nan,-13.486171599477792,nan,-13.486218472570783,nan,1.2360546344356567,nan,1.236002525748512,nan,1.0047114232730396,nan,1.0046547584588768,nan
z e C,3,-13.132207433376834,nan,-17.94873498960554,nan,-17.830867132725434,nan,1.077586769321458,nan,1.0775929922630458,nan,1.0013570977202946,nan,1.001364497300182,nan
z e D,3,-10.983707726879736,nan,-inf,nan,-21.407556500864143,nan,1.0832064084814697,nan,1.0832089185431468,nan,1.001322301192988,nan,1.0013305535449846,nan
z e S,3,-13.036096221087863,nan,-16.826055666844063,nan,-16.773593113771497,nan,1.077464981475885,nan,1.0774712848823627,nan,1.001322301192988,nan,1.0013305535449846,nan
z i C,3,-12.76978839200041,nan,-17.355642585954527,nan,-17.352547247693817,nan,1.0906056023906554,nan,1.0906070170859132,nan,1.0004175583276789,nan,1.0004338851273236,nan
z i D,3,-10.621288685503313,nan,-20.054173157996807,nan,-19.964155719788938,nan,1.096225241550667,nan,1.0962229433660142,nan,1.0000173982636533,nan,1.000043531942551,nan
z i T,3,-12.54136984554944,nan,-17.815126439964686,nan,-17.80266255758104,nan,1.0893877239349252,nan,1.0893899432790803,nan,1.0004349565913322,nan,1.0004508570049224,nan
z u f,3,-11.779170641205905,nan,-23.608067255534444,nan,-22.799521208519003,nan,1.106993150429321,nan,1.106988740828281,nan,1.0000194456057792,nan,1.0000457364396584,nan
z u g,3,-11.036755427761861,nan,-22.145257848975195,nan,-21.91816103064538,nan,1.1163360180111361,nan,1.116325435603557,nan,1.0001586317150055,nan,1.0001815114604489,nan
z u T,3,-12.689363316500373,nan,-21.17654393531614,nan,-20.981250036837526,nan,1.1065581938379887,nan,1.106554071611555,nan,1.0001760299786588,nan,1.0001984833380477,nan
