word,word_len,uni_prob,uni_prob_freq_weighted,bi_prob,bi_prob_freq_weighted,bi_prob_smoothed,bi_prob_freq_weighted_smoothed,pos_uni_score,pos_uni_score_freq_weighted,pos_uni_score_smoothed,pos_uni_score_freq_weighted_smoothed,pos_bi_score,pos_bi_score_freq_weighted,pos_bi_score_smoothed,pos_bi_score_freq_weighted_smoothed
f u T,3,-13.241241773887772,nan,-17.5168235886938,nan,-17.42882897214287,nan,1.1104811756016841,nan,1.1104778462542064,nan,1.0003815831672627,nan,1.000402058764734,nan
g i T,3,-12.350833089492795,nan,-15.184120245849595,nan,-15.119169973297748,nan,1.1281811942598468,nan,1.128172240692429,nan,1.0035785125789982,nan,1.003554719767172,nan
z i T,3,-12.54136984554944,nan,-18.12915814721895,nan,-18.040578563854698,nan,1.1021815035754001,nan,1.102181036129796,nan,1.0003827501404459,nan,1.000403428894351,nan
y c g,3,-10.626430102065324,nan,-16.63661476304989,nan,-16.553306326340476,nan,1.1358737478919492,nan,1.1358595611563431,nan,1.000568144046514,nan,1.0005825131689305,nan
l X z,3,-11.706210070224682,nan,-16.777236137487037,nan,-16.09514678984139,nan,1.063789766275536,nan,1.0637985040657725,nan,1.0007167800036758,nan,1.0007257898021595,nan
J Y p,3,-13.810916687795384,nan,-16.18343510806599,nan,-15.544327609687803,nan,1.0389181554207692,nan,1.038938046453193,nan,1.0007633109264005,nan,1.0007712344186563,nan
C x z,3,-12.347519625639805,nan,-12.816700897137945,nan,-12.843027883189341,nan,1.1476469795599837,nan,1.1476234912365162,nan,1.002491375126084,nan,1.002467572383526,nan
C e J,3,-15.049274564671798,nan,-17.357522599787814,nan,-17.02207434458364,nan,1.0566101720600705,nan,1.056626153592801,nan,1.0013584433607303,nan,1.0013670803411492,nan
z i S,3,-12.67367717971144,nan,-17.781832669186656,nan,-17.70636495895611,nan,1.1028431466557163,nan,1.1028422174404042,nan,1.0002540973192733,nan,1.0002781021496239,nan
z u v,3,-12.124527904298475,nan,-20.738179610060303,nan,-19.996620351076167,nan,1.1119330176243156,nan,1.1119268586887987,nan,1.0002119416928037,nan,1.0002341197983964,nan
D Y p,3,-11.435839529136164,nan,-inf,nan,-16.418046264086357,nan,1.0894826563057554,nan,1.0894860434297615,nan,1.0007535379525823,nan,1.0007615974435102,nan
s X k,3,-10.900572189454358,nan,-13.891791134208248,nan,-13.857079864758028,nan,1.1013040880060263,nan,1.1012913428710036,nan,1.00051811220424,nan,1.0005329581635822,nan
b X s,3,-11.361420245159024,nan,-10.96879170280474,nan,-10.974338965873025,nan,1.1065129410177612,nan,1.10649558695061,nan,1.0026489096803584,nan,1.0026231341154828,nan
T x z,3,-12.119101079188834,nan,-13.637340705558902,nan,-13.646727253143254,nan,1.1489615706620064,nan,1.148937653264964,nan,1.0019245426446282,nan,1.0019086278250438,nan
S c G,3,-13.47224000337206,nan,-16.23413663620525,nan,-16.118402614708558,nan,1.0758346606489284,nan,1.0758372570584334,nan,1.0002787483479951,nan,1.000301532556594,nan
J e J,3,-15.275852016833923,nan,-19.00582746010368,nan,-18.65017729376845,nan,1.0549003444175706,nan,1.0549168840263885,nan,1.0002540973192733,nan,1.0002781021496239,nan
D x z,3,-10.199019919142708,nan,-9.852291712370068,nan,-9.854902514282026,nan,1.1965016528024701,nan,1.1964622186466722,nan,1.0238355499450396,nan,1.0235147261029165,nan
S Y p,3,-13.488228023344288,nan,-13.938094279479147,nan,-13.884434975712482,nan,1.040937298616686,nan,1.0409565306145343,nan,1.0008512676907644,nan,1.0008579671949724,nan
n W C,3,-13.200309342827959,nan,-15.158561638267598,nan,-15.143569768550396,nan,1.0306070811446701,nan,1.0306333113343986,nan,1.002589838061824,nan,1.0025813392095755,nan
l W C,3,-13.7109776906136,nan,-19.85605362515323,nan,-19.15310294900195,nan,1.0422923353848708,nan,1.0423147515872675,nan,1.0000097729738182,nan,1.0000371777709678,nan
S c d,3,-12.40940486579596,nan,-inf,nan,-18.590482332380958,nan,1.116066235727039,nan,1.1160407539729207,nan,1.0002052324501822,nan,1.0002299172738927,nan
g i J,3,-12.80582908810589,nan,-inf,nan,-17.70537957923744,nan,1.1280709204131274,nan,1.1280620438073277,nan,1.0034498597578256,nan,1.0034293930224447,nan
C u T,3,-14.379852995633215,nan,-16.39822897715128,nan,-16.361317249364042,nan,1.0943366221330537,nan,1.0943385622577795,nan,1.0008213669890818,nan,1.0008357226463147,nan
D i g,3,-10.430751929446668,nan,-17.913168097718824,nan,-17.685059019560484,nan,1.1512673865462533,nan,1.1512466302003226,nan,1.0004434293332438,nan,1.0004599727512637,nan
w u T,3,-12.29309256302503,nan,-inf,nan,-20.64610700616682,nan,1.1488534884228137,nan,1.1488376346139948,nan,1.0001470317956258,nan,1.0001707713612242,nan
T c T,3,-14.310380867287503,nan,-inf,nan,-19.792335187865234,nan,1.0577809396895392,nan,1.0577965095169304,nan,1.0002247783978186,nan,1.000249191224185,nan
g u T,3,-12.498826560443728,nan,-inf,nan,-20.762383614870284,nan,1.1315919621223995,nan,1.1315817423581025,nan,1.0001470317956258,nan,1.0001707713612242,nan
f X s,3,-12.082407145112638,nan,-12.306453138406123,nan,-12.29349822933037,nan,1.0882031786752115,nan,1.088191800789681,nan,1.0016618393247199,nan,1.0016497996257125,nan
J Y m,3,-13.233683572870538,nan,-14.850565909004498,nan,-14.211835694275115,nan,1.0877510905429895,nan,1.087736900405588,nan,1.0008368268242134,nan,1.0008428497013577,nan
n X z,3,-11.19554172243904,nan,-inf,nan,-17.738102789658488,nan,1.0521045120353354,nan,1.0521170638129036,nan,1.0007167800036758,nan,1.0007257898021595,nan
m X n,3,-10.616503878635976,nan,-inf,nan,-16.13609487296703,nan,1.2000680265701298,nan,1.1999835787688564,nan,1.0014335600073516,nan,1.0014240388084976,nan
C u S,3,-14.512160329795215,nan,-inf,nan,-18.599021671243086,nan,1.0949982652133698,nan,1.0949997435683878,nan,1.000674335193456,nan,1.0006924920809122,nan
S e J,3,-14.953163352382829,nan,-17.72417960228558,nan,-17.382846363065383,nan,1.0569194876134875,nan,1.0569353681877298,nan,1.001006616303275,nan,1.0010201492358843,nan
T x S,3,-13.713479546032705,nan,-18.343117394670987,nan,-18.097459829397106,nan,1.132365356730744,nan,1.1323530220572062,nan,1.0005461195606362,nan,1.0005658412743939,nan
v e D,3,-11.880943447359707,nan,-inf,nan,-20.02937285282906,nan,1.0760347356015905,nan,1.076038791650752,nan,1.0001759135287276,nan,1.0002010063484539,nan
C x S,3,-13.941898092483676,nan,-17.52247758625003,nan,-17.293760459443195,nan,1.1310507656287212,nan,1.1310388600287584,nan,1.001112952042092,nan,1.001124785832876,nan
n c T,3,-11.72907815873479,nan,-inf,nan,-18.973863292311812,nan,1.069208430968559,nan,1.0692202709406917,nan,1.003029621883643,nan,1.0030150030911564,nan
s X p,3,-11.52872395884702,nan,-15.544911756071771,nan,-15.48000762983669,nan,1.066972163727401,nan,1.0669833793094403,nan,1.0003527014341609,nan,1.0003718237775043,nan
D i D,3,-10.163278658139056,nan,-19.527741754603507,nan,-19.258353235073663,nan,1.1547042547690065,nan,1.1546810997859822,nan,1.000222881639805,nan,1.0002451269031598,nan
S c g,3,-12.790080312710991,nan,-16.242994936733066,nan,-16.211410562485632,nan,1.0682625231741996,nan,1.068270404281472,nan,1.0006463278370596,nan,1.0006596089701005,nan
C i S,3,-14.364166858844278,nan,-16.146287019797626,nan,-16.115671872049482,nan,1.0915874973508168,nan,1.0915902419027144,nan,1.0007818379054563,nan,1.000798498807521,nan
g i D,3,-10.430751929446668,nan,-14.998236136246629,nan,-14.950507446364554,nan,1.143104921515866,nan,1.1430855524761492,nan,1.003633649502358,nan,1.003608431229198,nan
T c S,3,-14.442688201449503,nan,-16.95850188667709,nan,-16.906075630341018,nan,1.0584425827698554,nan,1.0584576908275387,nan,1.0004269471168041,nan,1.0004461332516137,nan
z u T,3,-12.689363316500373,nan,-21.4693734349198,nan,-20.723827155731875,nan,1.105592271437953,nan,1.1055905377954693,nan,1.000156804769444,nan,1.0001804083363703,nan
S Y m,3,-12.910994908419442,nan,-12.605225080417656,nan,-12.551943060299793,nan,1.0897702337389064,nan,1.0897553845669292,nan,1.0009247835885773,nan,1.0009295824776738,nan
D x v,3,-11.09625563962268,nan,-9.928455845977481,nan,-9.945540555463992,nan,1.1855845419772542,nan,1.1855527270216355,nan,1.0237252760983202,nan,1.0234073031788644,nan
t W C,3,-12.886962628007726,nan,-20.991893065532484,nan,-20.286700661799646,nan,1.0335112105073083,nan,1.0335364928090087,nan,1.0000097729738182,nan,1.0000371777709678,nan
g Y b,3,-11.536009086755778,nan,-inf,nan,-19.306623110842054,nan,1.0840219005199923,nan,1.0840247893905721,nan,1.0002021687189855,nan,1.0002244828232503,nan
r c S,3,-12.125325848336413,nan,-16.412690287474728,nan,-16.368451761490707,nan,1.074174715500596,nan,1.0741846886973936,nan,1.0009644606768053,nan,1.000976166884657,nan
d X s,3,-10.959316484753565,nan,-12.807093391099427,nan,-12.792495432158583,nan,1.0999915380998846,nan,1.0999763125741926,nan,1.0014859257959923,nan,1.0014763340730801,nan
S c z,3,-12.980617068767634,nan,-15.450010403129557,nan,-15.39648701949487,nan,1.0740335211525123,nan,1.0740373746017775,nan,1.0005544329647935,nan,1.000570089866724,nan
y c d,3,-10.245754655150295,nan,-inf,nan,-18.9323780962358,nan,1.1836774604447886,nan,1.183629910847792,nan,1.0001270486596365,nan,1.0001528214727227,nan
J u S,3,-14.73873778195734,nan,-inf,nan,-18.5686050411259,nan,1.09328843757087,nan,1.0932904740019753,nan,1.000625470324365,nan,1.000644307205181,nan
h u S,3,-12.636222964113202,nan,-inf,nan,-18.32629738704252,nan,1.140648085638507,nan,1.1406346642033085,nan,1.0008404757483655,nan,1.0008563206583982,nan
g u S,3,-12.631133894605728,nan,-inf,nan,-23.000088036749325,nan,1.1322536052027157,nan,1.1322429236687108,nan,1,1,1.0000275407958217,1.0
y X z,3,-11.745501554508088,nan,-10.39216344530914,nan,-10.399450413222846,nan,1.1072829699254596,nan,1.1072775118304945,nan,1.0030232018247718,nan,1.0030001159366724,nan
C e g,3,-12.94167067732019,nan,-14.81843889631098,nan,-14.80844085768868,nan,1.0682073049400558,nan,1.0682151926759629,nan,1.0013584433607303,nan,1.0013670803411492,nan
z i J,3,-12.996365844162534,nan,-inf,nan,-20.62678816979439,nan,1.1020712297286808,nan,1.1020708392446945,nan,1.0002540973192733,nan,1.0002781021496239,nan
m u S,3,-12.242632806859309,nan,-inf,nan,-18.718183574508107,nan,1.124606637354349,nan,1.1245984517385246,nan,1.0006938811410924,nan,1.0007117660312046,nan
D Y m,3,-10.858606414211316,nan,-inf,nan,-15.085554348673666,nan,1.1383155914279757,nan,1.1382848973821564,nan,1.0008270538503952,nan,1.0008332127262116,nan
J e g,3,-13.168248129482315,nan,-16.466743756626848,nan,-16.43654380687349,nan,1.066497477297556,nan,1.0665059231095504,nan,1.0002540973192733,nan,1.0002781021496239,nan
f u v,3,-12.676406361685874,nan,-16.785629763834308,nan,-16.701622167487166,nan,1.1168219217880468,nan,1.1168141671475358,nan,1.0004367200906223,nan,1.00045577022676,nan
v X n,3,-12.09277744291901,nan,-9.946776108847876,nan,-9.968127425858402,nan,1.174850216867932,nan,1.174773999987849,nan,1.003329516928083,nan,1.0032936119868683,nan
g i C,3,-12.579251635943764,nan,-17.61578784129371,nan,-16.958075486711927,nan,1.1279974045153145,nan,1.1279885792172601,nan,1.0034498597578256,nan,1.0034293930224447,nan
C i D,3,-12.311778364636153,nan,-16.307728388226952,nan,-16.281222950014875,nan,1.10584958152652,nan,1.1058423723758262,nan,1.0009656276499885,nan,1.0009775370142742,nan
C Y z,3,-13.586143964511477,nan,-15.440466939492012,nan,-15.359488047436916,nan,1.05009315490668,nan,1.0501058819908073,nan,1.0001856865025458,nan,1.0002106433236002,nan
d c T,3,-12.27709753163396,nan,-inf,nan,-18.203348522341095,nan,1.08439926148082,nan,1.0844061432694212,nan,1.002062097475641,nan,1.0020609425516784,nan
y X v,3,-12.642737274988058,nan,-inf,nan,-15.951032992014976,nan,1.0963658591002436,nan,1.0963680202054578,nan,1.002306421821096,nan,1.0023018669303345,nan
z i g,3,-10.888761956810924,nan,-16.3287003807313,nan,-16.298621821408325,nan,1.113668362608666,nan,1.1136598783278564,nan,1.0006584347572443,nan,1.000671986204481,nan
S e g,3,-12.845559465031219,nan,-15.185095898808747,nan,-15.169212876170425,nan,1.0685166204934728,nan,1.0685244072708917,nan,1.001006616303275,nan,1.0010201492358843,nan
C e D,3,-12.674197406012576,nan,-inf,nan,-18.25618625827503,nan,1.071644173162809,nan,1.0716496622616225,nan,1.0013584433607303,nan,1.0013670803411492,nan
n W T,3,-12.97189079637699,nan,-13.189863645411842,nan,-13.217652878146588,nan,1.0307908708892024,nan,1.0308169728095675,nan,1.0026633539596368,nan,1.0026529544922769,nan
T x J,3,-14.0361682104838,nan,-inf,nan,-19.919270751567275,nan,1.1315934398037084,nan,1.1315816438614965,nan,1.000527740586183,nan,1.0005479374537185,nan
T c g,3,-12.65777297854899,nan,-16.131956012263338,nan,-16.10200827052269,nan,1.0692677987228052,nan,1.0692753517149909,nan,1.000665873784696,nan,1.000678882920393,nan
n c G,3,-10.758629960657345,nan,-15.293968035065634,nan,-15.19052842719219,nan,1.0882674274765538,nan,1.0882659659157137,nan,1.0031031377814559,nan,1.0030866183738578,nan
s X n,3,-10.411297111854394,nan,-13.01459191826997,nan,-12.982991278819624,nan,1.2075345603456697,nan,1.2074476755186674,nan,1.001492197850261,nan,1.001481860659375,nan
s X d,3,-10.959316484753565,nan,-13.23490683778882,nan,-13.203548095252524,nan,1.1184700501453388,nan,1.1184453246517854,nan,1.001345166054635,nan,1.0013386300939722,nan
J e D,3,-12.900774858174701,nan,-inf,nan,-19.884289207459837,nan,1.0699343455203092,nan,1.06994039269521,nan,1.0002540973192733,nan,1.0002781021496239,nan
b c T,3,-12.67920129203942,nan,-inf,nan,-17.08364428884517,nan,1.0909206643986966,nan,1.0909254176458385,nan,1.0038603246581903,nan,1.003834145978587,nan
y x z,3,-10.087758202705169,nan,-12.207491939387955,nan,-12.205461140611023,nan,1.2155675198311504,nan,1.2155218627063162,nan,1.003410034664995,nan,1.0033734480472725,nan
y c T,3,-12.279037990803838,nan,-inf,nan,-20.24363324368302,nan,1.1243868888586832,nan,1.1243807189582826,nan,1.0001270486596365,nan,1.0001528214727227,nan
k X n,3,-10.565585224168158,nan,-14.725916347713605,nan,-14.514243027544369,nan,1.2025425509974663,nan,1.2024572955282875,nan,1.001453105954988,nan,1.00144331275879,nan
D i C,3,-12.311778364636153,nan,-22.14529345965059,nan,-21.265921275421036,nan,1.139596737768455,nan,1.1395841265270932,nan,1.0000390918952728,nan,1.0000660886964066,nan
D x S,3,-11.793398385986578,nan,-14.558068401482151,nan,-14.30563509053588,nan,1.1799054388712076,nan,1.1798775874389145,nan,1.0224571268610476,nan,1.0221719395522666,nan
C x J,3,-14.26458675693477,nan,-inf,nan,-19.115571381613364,nan,1.1302788487016857,nan,1.1302674818330487,nan,1.0010945730676388,nan,1.0011068820122007,nan
z u S,3,-12.821670650662373,nan,-inf,nan,-22.961531577610916,nan,1.106253914518269,nan,1.1062517191060777,nan,1.0000097729738182,nan,1.0000371777709678,nan
n c d,3,-9.695794823081245,nan,-inf,nan,-17.662608144864592,nan,1.1284990025546644,nan,1.128469462830201,nan,1.003029621883643,nan,1.0030150030911564,nan
y x J,3,-12.004825334000135,nan,-inf,nan,-18.478004639035042,nan,1.1981993889728524,nan,1.1981658533028487,nan,1.0020132326065498,nan,1.0020127576759472,nan
p u S,3,-12.819865921784157,nan,-inf,nan,-18.29678607263508,nan,1.1160145386483191,nan,1.1160091574349444,nan,1.0012118487534571,nan,1.0012225257139555,nan
y X p,3,-11.743696825629872,nan,-12.445962209840474,nan,-12.420389301760139,nan,1.0978177980820485,nan,1.0978189458592926,nan,1.0026004854123476,nan,1.0025883280611398,nan
D Y v,3,-12.33487997849435,nan,-inf,nan,-20.10284063416845,nan,1.0880307173239505,nan,1.0880351177759267,nan,1.0000367579489065,nan,1.0000633484371724,nan
s X t,3,-10.097950397034161,nan,-12.57517265303385,nan,-12.543501563610036,nan,1.2475639667047949,nan,1.2474491448104688,nan,1.0024662834962819,nan,1.0024307631551674,nan
y c G,3,-11.308589792726394,nan,-16.627756462522076,nan,-16.4602983785634,nan,1.143445885366678,nan,1.1434264139333046,nan,1.0002005645574494,nan,1.000224436755424,nan
z i C,3,-12.76978839200041,nan,-20.560825742663063,nan,-19.87948407726888,nan,1.1019977138308679,nan,1.101997374654627,nan,1.0002540973192733,nan,1.0002781021496239,nan
S Y v,3,-14.387268472702477,nan,-17.763127918686447,nan,-17.569229345794575,nan,1.0394853596348812,nan,1.0395056049606994,nan,1.0001344876870886,nan,1.0001597181886346,nan
D i S,3,-12.215667152347184,nan,-19.366300386174185,nan,-19.09280215710827,nan,1.1404421705933034,nan,1.1404289693128704,nan,1.0000390918952728,nan,1.0000660886964066,nan
S c S,3,-14.574995535611503,nan,-17.06954081114682,nan,-17.015477922303962,nan,1.0574373072212497,nan,1.0574527433940197,nan,1.0004074011691677,nan,1.0004268593013212,nan
f X t,3,-11.434073465006207,nan,-11.558137763828583,nan,-11.546064635420104,nan,1.226633614256906,nan,1.226525623886948,nan,1.0026910618941005,nan,1.002652413583531,nan
g i S,3,-12.483140423654795,nan,-14.8367947678173,nan,-14.784956368399163,nan,1.1288428373401629,nan,1.1288334220030374,nan,1.0034498597578256,nan,1.0034293930224447,nan
C u v,3,-13.815017583431313,nan,-15.667035152291788,nan,-15.634110444708337,nan,1.1006773683194164,nan,1.1006748831511088,nan,1.0008765039124414,nan,1.0008894341083407,nan
t X t,3,-9.449616716927729,nan,-11.581034837155283,nan,-11.585789506237385,nan,1.2261352725319563,nan,1.2260274448173403,nan,1.0031797105850107,nan,1.003134262340843,nan
S X z,3,-13.909151765153755,nan,-11.700574318254242,nan,-11.726370732380364,nan,1.03967174520771,nan,1.0396883549556233,nan,1.0013715692494953,nan,1.0013714671369576,nan
S x J,3,-14.1684755446458,nan,-inf,nan,-19.4308360427746,nan,1.1305881642551028,nan,1.1305766964279775,nan,1.0007427460101834,nan,1.0007599509069358,nan
S u T,3,-14.283741783344244,nan,-16.322631197399616,nan,-16.28418888398447,nan,1.0946459376864708,nan,1.0946477768527083,nan,1.0009190967272639,nan,1.0009320923977771,nan
s X l,3,-10.921965459640035,nan,-13.260376514272394,nan,-13.229236331795168,nan,1.0949633418196636,nan,1.0949550219776742,nan,1.0022824937517496,nan,1.0022517249484142,nan
g u v,3,-11.93399114824183,nan,-inf,nan,-20.03517681021458,nan,1.1379327083087623,nan,1.1379180632514319,nan,1.0002021687189855,nan,1.0002244828232503,nan
w u v,3,-11.728257150823133,nan,-inf,nan,-19.918900201511114,nan,1.1551942346091764,nan,1.1551739555073242,nan,1.0002021687189855,nan,1.0002244828232503,nan
C Y b,3,-13.417035521945262,nan,-16.192253095201682,nan,-16.158319713831183,nan,1.0467665605306464,nan,1.046781609290249,nan,1.0003878552215313,nan,1.0004075853510288,nan
z u b,3,-11.05818374125229,nan,-22.161917882843927,nan,-21.350163947459933,nan,1.119523534073498,nan,1.1195120776132772,nan,1.0000281519482714,nan,1.0000550815916431,nan
J Y z,3,-13.812721416673602,nan,-18.387405222369345,nan,-17.673620709412805,nan,1.0483833272641803,nan,1.0483966124243949,nan,1.0000097729738182,nan,1.0000371777709678,nan
D x d,3,-9.627807716171034,nan,-11.622126323571168,nan,-11.583354094394085,nan,1.2385343673769968,nan,1.2384655980178154,nan,1.0227511904522992,nan,1.022458400683072,nan
f u S,3,-13.373549108049772,nan,-inf,nan,-19.66653339402191,nan,1.1111428186820003,nan,1.1111390275648148,nan,1.0002345513716369,nan,1.0002588281993314,nan
S c T,3,-14.442688201449503,nan,-inf,nan,-19.901737479828178,nan,1.0567756641409336,nan,1.0567915620834114,nan,1.0002052324501822,nan,1.0002299172738927,nan
l W T,3,-13.482559144162629,nan,-17.88735563229747,nan,-17.227186058598143,nan,1.042476125129403,nan,1.0424984130624364,nan,1.0000832888716311,nan,1.0001087930536692,nan
D Y b,3,-11.268535815448166,nan,-inf,nan,-19.346171030205625,nan,1.0956212337731328,nan,1.0956203367004052,nan,1.0002021687189855,nan,1.0002244828232503,nan
S Y b,3,-13.320924309656291,nan,-16.89385054949217,nan,-16.81255974183175,nan,1.0470758760840635,nan,1.047090823885178,nan,1.0002998984571676,nan,1.0003208525747125,nan
z i D,3,-10.621288685503313,nan,-17.943274037615982,nan,-17.871916036921505,nan,1.1171052308314193,nan,1.117094347913516,nan,1.0004378870638055,nan,1.0004571403563771,nan
s X m,3,-10.951490843922175,nan,-14.259785600665186,nan,-14.217009713458399,nan,1.1158050988496213,nan,1.1157822332618352,nan,1.0002424275874415,nan,1.0002644008534523,nan
h x s,3,-9.687337649373145,nan,-9.718503275000934,nan,-9.72450261581144,nan,1.2259929955374091,nan,1.2259317883039964,nan,1.0149609565205533,nan,1.0147469555955422,nan
T X z,3,-13.776844430991755,nan,-12.372411344310587,nan,-12.3807905786473,nan,1.0406770207563156,nan,1.0406933023891423,nan,1.0010392881396766,nan,1.0010438099819854,nan
y x S,3,-11.682136669549038,nan,-16.91326862850004,nan,-16.656193716864877,nan,1.1989713058998879,nan,1.1989372314985585,nan,1.002031611581003,nan,1.0020306614966226,nan
g c T,3,-12.65777297854899,nan,-inf,nan,-16.955549986401778,nan,1.0937216885768624,nan,1.0937255275888056,nan,1.003850551684372,nan,1.0038245090034406,nan
n W d,3,-10.938607460723444,nan,-13.170657706958522,nan,-13.154541753338444,nan,1.0900814424753078,nan,1.0900661646990768,nan,1.0026082170362771,nan,1.0025992430302508,nan
S u v,3,-13.718906371142342,nan,-15.59143737254012,nan,-15.556982079328765,nan,1.1009866838728335,nan,1.1009840977460377,nan,1.0009742336506235,nan,1.0009858038598032,nan
k X m,3,-11.10577895623594,nan,-15.971110030108822,nan,-15.748261462183144,nan,1.1108130895014179,nan,1.1107918532714554,nan,1.0002033356921687,nan,1.0002258529528674,nan
D x g,3,-10.008483163086066,nan,-10.858271809952345,nan,-10.862510401102286,nan,1.1907306548241574,nan,1.1906952483263666,nan,1.0238906868683992,nan,1.0235684375649425,nan
y c S,3,-12.411345324965838,nan,-17.463160637463645,nan,-17.357373686158805,nan,1.1250485319389993,nan,1.125041900268891,nan,1.000329217378622,nan,1.0003497635001513,nan
C X z,3,-14.005262977442726,nan,-12.411536165041966,nan,-12.423739507511796,nan,1.039362429654293,nan,1.0393791403606945,nan,1.0010197421920402,nan,1.001024536031693,nan
D i T,3,-12.083359818185183,nan,-19.713625864206477,nan,-19.427015762006857,nan,1.1397805275129873,nan,1.139767788002262,nan,1.0001677447164454,nan,1.0001914154411338,nan
s X z,3,-11.530528687725239,nan,-13.491112991540438,nan,-13.459068741299395,nan,1.0764373355708121,nan,1.0764419452806422,nan,1.000775417846585,nan,1.0007836116530369,nan
S e D,3,-12.578086193723607,nan,-inf,nan,-18.616958276756773,nan,1.071953488716226,nan,1.0719588768565513,nan,1.001006616303275,nan,1.0010201492358843,nan
d Y z,3,-11.324442082406962,nan,-15.84545804011426,nan,-15.747957550744527,nan,1.0780260677999836,nan,1.078029677771746,nan,1.0001856865025458,nan,1.0002106433236002,nan
b A p,3,-11.269798377784262,nan,-10.033811015898976,nan,-10.045726485129094,nan,1.103756204057057,nan,1.103753646598411,nan,1.0056645312985306,nan,1.0056088577385909,nan
b i l,3,-10.30162704221615,nan,-10.09056522596595,nan,-10.097200010373667,nan,1.161164033342111,nan,1.1611310199648601,nan,1.0071764162755754,nan,1.0070624063542675,nan
b i s,3,-10.125945659716708,nan,-10.846113440261293,nan,-10.845843722608906,nan,1.1753342226455477,nan,1.1752913197003876,nan,1.0048790444689222,nan,1.0048244287698511,nan
b X s,3,-11.361420245159024,nan,-10.96879170280474,nan,-10.974338965873025,nan,1.1065129410177612,nan,1.10649558695061,nan,1.0026489096803584,nan,1.0026231341154828,nan
b Y s,3,-10.942301232227775,nan,-9.401431136719905,nan,-9.411978121834688,nan,1.1172436662701484,nan,1.1172223285807228,nan,1.005558047555111,nan,1.0054948605734104,nan
b x l,3,-9.879358275855546,nan,-8.686282473668278,nan,-8.695983868391917,nan,1.2006273016200153,nan,1.2005796380909042,nan,1.0153282297622301,nan,1.0150422022231333,nan
C A l,3,-12.52263800027633,nan,-13.330835561875757,nan,-13.331286841674512,nan,1.0972930663381395,nan,1.097282219109289,nan,1.0003643711659926,nan,1.000385525073676,nan
C i D,3,-12.311778364636153,nan,-16.307728388226952,nan,-16.281222950014875,nan,1.10584958152652,nan,1.1058423723758262,nan,1.0009656276499885,nan,1.0009775370142742,nan
C i n,3,-11.650556816129564,nan,-11.656458241950379,nan,-11.68321449157188,nan,1.239280936056937,nan,1.2391806033484973,nan,1.0043657379238353,nan,1.0042897438392107,nan
C X J,3,-15.922330108737691,nan,-18.685269454406026,nan,-18.043545363713747,nan,1.021994298795995,nan,1.022023130957227,nan,1.0003029621883643,nan,1.000326287025355,nan
C X g,3,-13.814726221386081,nan,-inf,nan,-18.46896920643405,nan,1.0335914316759802,nan,1.0336121700403889,nan,1.0003029621883643,nan,1.000326287025355,nan
C X T,3,-15.467334110124597,nan,-16.899324523136283,nan,-16.75661874190432,nan,1.0221045726427143,nan,1.0221333278423284,nan,1.0003213411628176,nan,1.0003441908460304,nan
C x J,3,-14.26458675693477,nan,-inf,nan,-19.115571381613364,nan,1.1302788487016857,nan,1.1302674818330487,nan,1.0010945730676388,nan,1.0011068820122007,nan
C x n,3,-11.22828804976896,nan,-9.582721049728933,nan,-9.61453810695366,nan,1.2787442043348414,nan,1.2786292214745414,nan,1.0475749994598462,nan,1.0463856445001156,nan
C x S,3,-13.941898092483676,nan,-17.52247758625003,nan,-17.293760459443195,nan,1.1310507656287212,nan,1.1310388600287584,nan,1.001112952042092,nan,1.001124785832876,nan
C x C,3,-14.038009304772645,nan,-16.804963098259957,nan,-16.75882937665375,nan,1.1302053328038728,nan,1.1301940172429812,nan,1.0012416048632646,nan,1.0012501125776032,nan
d i k,3,-9.878130011625014,nan,-12.968971132295954,nan,-12.96178507503604,nan,1.160983376610597,nan,1.1609480664817722,nan,1.0020103134672282,nan,1.002001980910315,nan
d i s,3,-9.723841899311248,nan,-12.469832409063665,nan,-12.465493941965642,nan,1.168812819727671,nan,1.1687720453239703,nan,1.0025433037263718,nan,1.0025211917098995,nan
d i t,3,-9.075508219204817,nan,-9.796668968370193,nan,-9.801114131204312,nan,1.3072432553093656,nan,1.3071058684212373,nan,1.0090678396572668,nan,1.0088770480496423,nan
d E p,3,-11.268978068477736,nan,-inf,nan,-21.21876547002567,nan,1.077395664288228,nan,1.0774026003557557,nan,1,1,1.0000275407958217,1.0
d X s,3,-10.959316484753565,nan,-12.807093391099427,nan,-12.792495432158583,nan,1.0999915380998846,nan,1.0999763125741926,nan,1.0014859257959923,nan,1.0014763340730801,nan
D i D,3,-10.163278658139056,nan,-19.527741754603507,nan,-19.258353235073663,nan,1.1547042547690065,nan,1.1546810997859822,nan,1.000222881639805,nan,1.0002451269031598,nan
D i g,3,-10.430751929446668,nan,-17.913168097718824,nan,-17.685059019560484,nan,1.1512673865462533,nan,1.1512466302003226,nan,1.0004434293332438,nan,1.0004599727512637,nan
D i C,3,-12.311778364636153,nan,-22.14529345965059,nan,-21.265921275421036,nan,1.139596737768455,nan,1.1395841265270932,nan,1.0000390918952728,nan,1.0000660886964066,nan
d I J,3,-12.302305818200619,nan,-inf,nan,-17.739394964371137,nan,1.1084086870174261,nan,1.108406691687707,nan,1.0058931032123766,nan,1.0058386368090049,nan
d I D,3,-9.927228659541395,nan,-11.915647726296566,nan,-11.921651255106635,nan,1.1234426881201647,nan,1.1234302003565284,nan,1.0125646709388973,nan,1.0123377237141504,nan
d Y p,3,-11.322637353528744,nan,-13.641487925810903,nan,-13.618664451019525,nan,1.0685608959565724,nan,1.068571111800544,nan,1.000939224455128,nan,1.0009446999712888,nan
d Y t,3,-9.891863791715885,nan,-11.60842531157161,nan,-11.584516022363102,nan,1.2491526989339663,nan,1.2490368773015725,nan,1.0109190075832295,nan,1.010666474597994,nan
d I T,3,-11.847309819587522,nan,-inf,nan,-17.551080631229816,nan,1.1085189608641455,nan,1.1085168885728083,nan,1.0058931032123766,nan,1.0058386368090049,nan
d I Z,3,-16.701681091209114,nan,-inf,nan,-19.415055208143343,nan,1.1080962444517213,nan,1.1080944671799196,nan,1.0058931032123766,nan,1.0058386368090049,nan
f i k,3,-11.001220671984088,nan,-12.572049021661984,nan,-12.571681960446963,nan,1.1491950171859242,nan,1.1491635546972605,nan,1.0028410162417754,nan,1.0028211237977454,nan
f i s,3,-10.846932559670321,nan,-12.072910298429695,nan,-12.075390827376564,nan,1.1570244603029982,nan,1.1569875335394586,nan,1.003374006500919,nan,1.00334033459733,nan
f X s,3,-12.082407145112638,nan,-12.306453138406123,nan,-12.29349822933037,nan,1.0882031786752115,nan,1.088191800789681,nan,1.0016618393247199,nan,1.0016497996257125,nan
f X t,3,-11.434073465006207,nan,-11.558137763828583,nan,-11.546064635420104,nan,1.226633614256906,nan,1.226525623886948,nan,1.0026910618941005,nan,1.002652413583531,nan
f Y k,3,-11.817576244495156,nan,-9.963933979922864,nan,-9.978233888180553,nan,1.0911044608105247,nan,1.0910945635775957,nan,1.0095171038564263,nan,1.0093163306531703,nan
f x l,3,-10.60034517580916,nan,-9.50512220468324,nan,-9.518815083149756,nan,1.1823175392774656,nan,1.1822758519299752,nan,1.0112138077847665,nan,1.010985035686566,nan
g e s,3,-10.466936387602702,nan,-15.205651092700121,nan,-14.810585394031603,nan,1.1439298384600025,nan,1.143898719529151,nan,1.0028131500645268,nan,1.0027681954887646,nan
g W d,3,-11.867302280537645,nan,-inf,nan,-17.110974677717007,nan,1.1145947000836112,nan,1.1145714213471907,nan,1.0000183789744532,nan,1.000045444616497,nan
g W r,3,-11.583223263078096,nan,-inf,nan,-20.259507685520422,nan,1.1758885798851184,nan,1.1758225233160415,nan,1,1,1.0000275407958217,1.0
g W z,3,-12.43851448350932,nan,-inf,nan,-18.400788693814743,nan,1.0725619855090844,nan,1.0725680419760475,nan,1.0000367579489065,nan,1.0000633484371724,nan
g i C,3,-12.579251635943764,nan,-17.61578784129371,nan,-16.958075486711927,nan,1.1279974045153145,nan,1.1279885792172601,nan,1.0034498597578256,nan,1.0034293930224447,nan
g i J,3,-12.80582908810589,nan,-inf,nan,-17.70537957923744,nan,1.1280709204131274,nan,1.1280620438073277,nan,1.0034498597578256,nan,1.0034293930224447,nan
g i D,3,-10.430751929446668,nan,-14.998236136246629,nan,-14.950507446364554,nan,1.143104921515866,nan,1.1430855524761492,nan,1.003633649502358,nan,1.003608431229198,nan
g X g,3,-11.933699786196598,nan,-inf,nan,-17.0766409385944,nan,1.070846771665326,nan,1.0708553501407119,nan,1.0012900325440028,nan,1.0012996215151253,nan
g u v,3,-11.93399114824183,nan,-inf,nan,-20.03517681021458,nan,1.1379327083087623,nan,1.1379180632514319,nan,1.0002021687189855,nan,1.0002244828232503,nan
h e s,3,-10.472025457110174,nan,-10.344861124639886,nan,-10.350721640534081,nan,1.152324318895794,nan,1.1522904600637487,nan,1.0048654745663494,nan,1.0047919602694753,nan
h e n,3,-10.137038491823976,nan,-10.851827464820847,nan,-10.85490263429112,nan,1.2507253481183633,nan,1.2506228138692144,nan,1.0036708412268898,nan,1.0036282119255786,nan
h i n,3,-9.77461945044755,nan,-8.531967840527239,nan,-8.539820487409024,nan,1.2849307564820742,nan,1.284815523983418,nan,1.0212241177602357,nan,1.0209135259664766,nan
h Y s,3,-10.925961988244817,nan,-10.26685584362838,nan,-10.273607782966765,nan,1.1284391708841055,nan,1.1284141790582876,nan,1.0027629770431048,nan,1.0027386856815854,nan
h x s,3,-9.687337649373145,nan,-9.718503275000934,nan,-9.72450261581144,nan,1.2259929955374091,nan,1.2259317883039964,nan,1.0149609565205533,nan,1.0147469555955422,nan
J X T,3,-15.693911562286722,nan,-inf,nan,-20.23390221368589,nan,1.0203947450002144,nan,1.0204240582759159,nan,1.0000183789744532,nan,1.000045444616497,nan
J x n,3,-11.454865501931085,nan,-8.372436919431735,nan,-8.4194847492033,nan,1.2770343766923415,nan,1.276919951908129,nan,1.050174610495488,nan,1.0489490798890158,nan
k e d,3,-10.240549053001438,nan,-10.691637647413906,nan,-10.6914964988267,nan,1.148093914061211,nan,1.1480579672969795,nan,1.0024117351786048,nan,1.0023997910827187,nan
k X m,3,-11.10577895623594,nan,-15.971110030108822,nan,-15.748261462183144,nan,1.1108130895014179,nan,1.1107918532714554,nan,1.0002033356921687,nan,1.0002258529528674,nan
l e l,3,-10.224591298073584,nan,-11.830101915269273,nan,-11.830526321479853,nan,1.116931645788463,nan,1.1169146033983786,nan,1.001233873239335,nan,1.0012391976084922,nan
m A b,3,-10.692565262859416,nan,-15.908107742860327,nan,-15.82200529693381,nan,1.1050488378542336,nan,1.1050435778818355,nan,1.0025007143242768,nan,1.002493236303642,nan
m e p,3,-10.860875181562712,nan,-15.51261137987724,nan,-15.468842874285626,nan,1.0941215032159366,nan,1.0941223051952034,nan,1.0004679357700905,nan,1.000488745473224,nan
m A v,3,-11.7589094259056,nan,-11.849165709777434,nan,-11.865291130268313,nan,1.0974583214050513,nan,1.097458358957357,nan,1.0068565312696913,nan,1.0067364418036957,nan
m A z,3,-10.86167370542563,nan,-13.259201602264774,nan,-13.231414161311488,nan,1.1083754322302672,nan,1.1083678505823937,nan,1.0025558512476365,nan,1.002546947765668,nan
m X n,3,-10.616503878635976,nan,-inf,nan,-16.13609487296703,nan,1.2000680265701298,nan,1.1999835787688564,nan,1.0014335600073516,nan,1.0014240388084976,nan
m X s,3,-10.951490843922175,nan,-inf,nan,-16.444038751667705,nan,1.1016669973475604,nan,1.1016512249633907,nan,1.001378423083992,nan,1.0013703273464716,nan
m Y d,3,-10.745404238603898,nan,-9.510585973613427,nan,-9.521014281348986,nan,1.121734241622186,nan,1.1217079695320873,nan,1.004961603555723,nan,1.0049029868362906,nan
m x b,3,-9.908883660137686,nan,-12.541301644885262,nan,-12.546995091024895,nan,1.1739287573249293,nan,1.1738979267060947,nan,1.005101044906567,nan,1.0050152572344129,nan
n e s,3,-9.538241567788502,nan,-15.806821979069689,nan,-15.659343789534486,nan,1.1194165808516992,nan,1.1193934628810371,nan,1.0028131500645268,nan,1.0027681954887646,nan
n e n,3,-9.203254602502303,nan,-16.31378831925065,nan,-16.163524783291525,nan,1.2178176100742686,nan,1.2177258166865028,nan,1.001618516725067,nan,1.001604447144868,nan
n c d,3,-9.695794823081245,nan,-inf,nan,-17.662608144864592,nan,1.1284990025546644,nan,1.128469462830201,nan,1.003029621883643,nan,1.0030150030911564,nan
n W d,3,-10.938607460723444,nan,-13.170657706958522,nan,-13.154541753338444,nan,1.0900814424753078,nan,1.0900661646990768,nan,1.0026082170362771,nan,1.0025992430302508,nan
n c G,3,-10.758629960657345,nan,-15.293968035065634,nan,-15.19052842719219,nan,1.0882674274765538,nan,1.0882659659157137,nan,1.0031031377814559,nan,1.0030866183738578,nan
n i n,3,-8.840835561125878,nan,-11.981508643139332,nan,-11.983491650464583,nan,1.2520230184379797,nan,1.2519185268007065,nan,1.0048934785100183,nan,1.0048101404971077,nan
p e k,3,-10.809956527094895,nan,-11.311652915706427,nan,-11.315071048983304,nan,1.119861328788532,nan,1.1198409744531865,nan,1.0044975990680798,nan,1.0044151627195903,nan
p e m,3,-10.860875181562712,nan,-11.83921985808188,nan,-11.84056145251281,nan,1.134362339632127,nan,1.1343318648440182,nan,1.0012445205898588,nan,1.0012461864600564,nan
p e p,3,-11.43810829648756,nan,-14.479444518839873,nan,-14.448525534518145,nan,1.0855294045099066,nan,1.0855330108916232,nan,1.0005461195606362,nan,1.0005658412743939,nan
p i m,3,-10.498456140186287,nan,-12.65329813106877,nan,-12.637415714002838,nan,1.1685677479958378,nan,1.1685245749582218,nan,1.0041262363011705,nan,1.0040930663135705,nan
p X b,3,-12.143860126865453,nan,-14.423642803266919,nan,-14.383734241577868,nan,1.0570521087132085,nan,1.0570642815266929,nan,1.0008662937502706,nan,1.0008811211949857,nan
p X d,3,-11.741756366459994,nan,-10.662864398862027,nan,-10.673074966186691,nan,1.102411417663769,nan,1.1023919335983943,nan,1.0020976850386367,nan,1.0020806771802329,nan
p X v,3,-13.210204289911637,nan,-inf,nan,-16.480178191025693,nan,1.0494615922640262,nan,1.0494790626022144,nan,1.000811156826911,nan,1.0008274097329597,nan
r e m,3,-10.007388690009707,nan,-12.87714564439561,nan,-12.87404384694302,nan,1.130392790029941,nan,1.1303636108757642,nan,1.0010979259825856,nan,1.001101631832863,nan
r i g,3,-10.033470736379702,nan,-13.580187969807891,nan,-13.57259989646832,nan,1.1194594371365303,nan,1.1194490626884692,nan,1.0071183704510764,nan,1.0070420267761464,nan
r i s,3,-9.4397628818517,nan,-11.931475367132652,nan,-11.92825552834537,nan,1.1579266306671312,nan,1.1578894094413343,nan,1.0079086663525652,nan,1.0078118910651859,nan
r i t,3,-8.791429201745268,nan,-9.258311926439179,nan,-9.263875717584039,nan,1.2963570662488257,nan,1.2962232325386014,nan,1.0144332022834601,nan,1.0141677474049287,nan
r i z,3,-10.224007492436346,nan,-9.679429415104535,nan,-9.689703614021441,nan,1.125230435114843,nan,1.1252160330087748,nan,1.0148926766447908,nan,1.014615342921812,nan
r E p,3,-10.98489905101819,nan,-16.524406787413938,nan,-16.131623440756215,nan,1.066509475227688,nan,1.0665199644731198,nan,1.0024041515592779,nan,1.002398236681797,nan
r I D,3,-9.643149642081848,nan,-13.069594863734178,nan,-13.073580221457007,nan,1.1125564990596244,nan,1.1125475644738925,nan,1.008792303045071,nan,1.0086178513077015,nan
r I S,3,-11.695538136289976,nan,-15.091273466459528,nan,-15.088511539684761,nan,1.0982944148839213,nan,1.0982954340007807,nan,1.0025250727565211,nan,1.0025126484574132,nan
r I T,3,-11.563230802127975,nan,-inf,nan,-18.70300959758019,nan,1.0976327718036052,nan,1.0976342526901723,nan,1.0021207353185502,nan,1.002118764402556,nan
r I Z,3,-16.417602073749563,nan,-inf,nan,-20.566984174493715,nan,1.097210055391181,nan,1.0972118312972836,nan,1.0021207353185502,nan,1.002118764402556,nan
r I z,3,-10.101159669446105,nan,-10.031168334289836,nan,-10.040439775863392,nan,1.1148906288151839,nan,1.1148800652085384,nan,1.0068808897019357,nan,1.006755853957467,nan
r x l,3,-9.193175497990538,nan,-10.892988495398447,nan,-10.897468673926307,nan,1.1832197096415986,nan,1.183177727831851,nan,1.010373332036401,nan,1.0101562558239892,nan
s i g,3,-10.104517346226277,nan,-12.875259463236894,nan,-12.868090373353564,nan,1.1394876192202859,nan,1.1394707077101143,nan,1.008682046261989,nan,1.0085839427995449,nan
s i v,3,-11.192289822762891,nan,-14.334721040842428,nan,-14.237661686433642,nan,1.1343415063733826,nan,1.1343281864053831,nan,1.0083144667729245,nan,1.0082258663860384,nan
s X d,3,-10.959316484753565,nan,-13.23490683778882,nan,-13.203548095252524,nan,1.1184700501453388,nan,1.1184453246517854,nan,1.001345166054635,nan,1.0013386300939722,nan
s X g,3,-11.339991931668596,nan,-inf,nan,-19.50429844022165,nan,1.0706663375924994,nan,1.0706749749603366,nan,1.0000586378429093,nan,1.000085362646699,nan
s X k,3,-10.900572189454358,nan,-13.891791134208248,nan,-13.857079864758028,nan,1.1013040880060263,nan,1.1012913428710036,nan,1.00051811220424,nan,1.0005329581635822,nan
s X m,3,-10.951490843922175,nan,-14.259785600665186,nan,-14.217009713458399,nan,1.1158050988496213,nan,1.1157822332618352,nan,1.0002424275874415,nan,1.0002644008534523,nan
S x J,3,-14.1684755446458,nan,-inf,nan,-19.4308360427746,nan,1.1305881642551028,nan,1.1305766964279775,nan,1.0007427460101834,nan,1.0007599509069358,nan
S x C,3,-13.941898092483674,nan,-17.12618636643581,nan,-17.074094037814987,nan,1.1305146483572899,nan,1.13050323183791,nan,1.0008897778058092,nan,1.0009031814723384,nan
s Y b,3,-10.942301232227775,nan,-18.81916362364249,nan,-18.5154047876011,nan,1.0838414664471656,nan,1.0838444142101968,nan,1.0002021687189855,nan,1.0002244828232503,nan
s Y v,3,-12.008645395273959,nan,-19.68844099283676,nan,-19.272074391563926,nan,1.0762509499979833,nan,1.0762591952857183,nan,1.0000367579489065,nan,1.0000633484371724,nan
s x J,3,-11.789852467217283,nan,-inf,nan,-18.380816871651948,nan,1.167353754618205,nan,1.1673302867529964,nan,1.0040948760298272,nan,1.0040654333820966,nan
s x g,3,-9.682248579865675,nan,-13.114546550290179,nan,-13.115881260048187,nan,1.1789508874981902,nan,1.1789193258361583,nan,1.005546815011632,nan,1.005479835215448,nan
s x S,3,-11.467163802766187,nan,-16.814343141819982,nan,-16.55900594948178,nan,1.1681256715452404,nan,1.1681016649487062,nan,1.0041132550042804,nan,1.004083337202772,nan
t e s,3,-9.224894852968268,nan,-11.866736574793988,nan,-11.870148977857195,nan,1.1223207102143373,nan,1.1222966443556472,nan,1.0043572799278029,nan,1.0042908375618707,nan
t E m,3,-9.830378865833485,nan,-15.069751373767348,nan,-15.003627078439024,nan,1.1139418982608256,nan,1.1139187634540313,nan,1.0014261209798998,nan,1.0014171420925855,nan
t X t,3,-9.449616716927729,nan,-11.581034837155283,nan,-11.585789506237385,nan,1.2261352725319563,nan,1.2260274448173403,nan,1.0031797105850107,nan,1.003134262340843,nan
T i n,3,-11.422138269678593,nan,-15.02210862422904,nan,-14.766203391916317,nan,1.2405955271589597,nan,1.2404947653769451,nan,1.0036132189398337,nan,1.00354769675295,nan
T X T,3,-15.238915563673626,nan,-16.860199702404906,nan,-16.71366981303982,nan,1.023419163744737,nan,1.0234474898707762,nan,1.000340887110454,nan,1.0003634647963229,nan
T x J,3,-14.0361682104838,nan,-inf,nan,-19.919270751567275,nan,1.1315934398037084,nan,1.1315816438614965,nan,1.000527740586183,nan,1.0005479374537185,nan
T x S,3,-13.713479546032705,nan,-18.343117394670987,nan,-18.097459829397106,nan,1.132365356730744,nan,1.1323530220572062,nan,1.0005461195606362,nan,1.0005658412743939,nan
T x C,3,-13.809590758321674,nan,-17.62560290668091,nan,-17.56252874660766,nan,1.1315199239058955,nan,1.131508179271429,nan,1.0006747723818088,nan,1.000691168019121,nan
t Y s,3,-9.678831384102912,nan,-14.237423459866127,nan,-14.207746778343436,nan,1.098435562202649,nan,1.0984203633501861,nan,1.0012970309703744,nan,1.0012931394096491,nan
t x l,3,-8.615888427730683,nan,-10.40818128579559,nan,-10.413616267487457,nan,1.1818191975525159,nan,1.1817776728603675,nan,1.0099237752407637,nan,1.009712954967262,nan
v e t,3,-10.906375184032886,nan,-12.570661459890449,nan,-12.559546168744856,nan,1.2494954964911327,nan,1.2493784919152244,nan,1.0016094735360792,nan,1.0015975043611298,nan
v i n,3,-10.857302857476693,nan,-13.151175759578155,nan,-13.132614009032013,nan,1.2436714984957187,nan,1.2435697327376267,nan,1.0037891324685613,nan,1.0037211623055824,nan
v X n,3,-12.09277744291901,nan,-9.946776108847876,nan,-9.968127425858402,nan,1.174850216867932,nan,1.174773999987849,nan,1.003329516928083,nan,1.0032936119868683,nan
v e D,3,-11.880943447359707,nan,-inf,nan,-20.02937285282906,nan,1.0760347356015905,nan,1.076038791650752,nan,1.0001759135287276,nan,1.0002010063484539,nan
v Y k,3,-12.162933507587725,nan,-15.302617384997468,nan,-14.634934233228591,nan,1.0793504697806757,nan,1.0793444089702982,nan,1.0080413848098777,nan,1.007861147406088,nan
v Y r,3,-11.937598785427383,nan,-16.738414236108103,nan,-16.059801770491575,nan,1.1578103117214955,nan,1.1577494927199308,nan,1.0001200468205376,nan,1.0001446006950199,nan
v Y t,3,-11.360311715167528,nan,-14.51866061109118,nan,-13.84941884084156,nan,1.2256103484794443,nan,1.2255022109097633,nan,1.010743094054502,nan,1.0104930090453617,nan
w e s,3,-10.261202390184005,nan,-8.822250933336665,nan,-8.830677609730042,nan,1.1611913647604166,nan,1.1611546117850433,nan,1.0124688481969115,nan,1.0122895269332508,nan
w x J,3,-12.177826324326588,nan,-inf,nan,-15.963992019837857,nan,1.1847957149914456,nan,1.184766554189264,nan,1.025829969801511,nan,1.0254980661073367,nan
w x S,3,-11.855137659875492,nan,-14.394315621177725,nan,-14.14218109766769,nan,1.1855676319184811,nan,1.1855379323849737,nan,1.0258483487759642,nan,1.025515969928012,nan
w x C,3,-11.951248872164463,nan,-13.67680113318765,nan,-13.607250014878247,nan,1.1847221990936327,nan,1.1846930895991965,nan,1.0259770015971368,nan,1.0256412966727393,nan
y c d,3,-10.245754655150295,nan,-inf,nan,-18.9323780962358,nan,1.1836774604447886,nan,1.183629910847792,nan,1.0001270486596365,nan,1.0001528214727227,nan
y c g,3,-10.626430102065324,nan,-16.63661476304989,nan,-16.553306326340476,nan,1.1358737478919492,nan,1.1358595611563431,nan,1.000568144046514,nan,1.0005825131689305,nan
y c G,3,-11.308589792726394,nan,-16.627756462522076,nan,-16.4602983785634,nan,1.143445885366678,nan,1.1434264139333046,nan,1.0002005645574494,nan,1.000224436755424,nan
y X C,3,-13.435991233640928,nan,-16.618472218287625,nan,-15.96509935745923,nan,1.0898413231693487,nan,1.0898480378369595,nan,1.002306421821096,nan,1.0023018669303345,nan
y X g,3,-11.554964798451444,nan,-inf,nan,-16.4446801121451,nan,1.101511971947147,nan,1.101510541510189,nan,1.002306421821096,nan,1.0023018669303345,nan
y X T,3,-13.207572687189959,nan,-14.879951803403458,nan,-14.732329647615368,nan,1.090025112913881,nan,1.0900316993121284,nan,1.0023248007955492,nan,1.0023197707510099,nan
y X v,3,-12.642737274988058,nan,-inf,nan,-15.951032992014976,nan,1.0963658591002436,nan,1.0963680202054578,nan,1.002306421821096,nan,1.0023018669303345,nan
y x J,3,-12.004825334000135,nan,-inf,nan,-18.478004639035042,nan,1.1981993889728524,nan,1.1981658533028487,nan,1.0020132326065498,nan,1.0020127576759472,nan
y x S,3,-11.682136669549038,nan,-16.91326862850004,nan,-16.656193716864877,nan,1.1989713058998879,nan,1.1989372314985585,nan,1.002031611581003,nan,1.0020306614966226,nan
y x C,3,-11.77824788183801,nan,-16.195754140509965,nan,-16.121262634075432,nan,1.1981258730750395,nan,1.1980923887127812,nan,1.0021602644021756,nan,1.0021559882413498,nan
b O n,3,-13.025131934687028,nan,-11.192362865874687,nan,-11.165451442722764,nan,1.194007331459216,nan,1.193925350902518,nan,1.0023357407425506,nan,1.0023307778557733,nan
b O r,3,-13.28907229012665,nan,-inf,nan,-13.163775660287003,nan,1.1662367010603922,nan,1.166174102004487,nan,1.0023357407425506,nan,1.0023307778557733,nan
b O s,3,-13.360118899973227,nan,-11.776173318837888,nan,-11.673165521552344,nan,1.0956063022366465,nan,1.0955929970970524,nan,1.002372498691457,nan,1.002366585497124,nan
b U n,3,-10.919600896684944,nan,-inf,nan,-15.89219098375734,nan,1.2251147071225565,nan,1.2250211784149496,nan,1.001534356889458,nan,1.0015405458937814,nan
b u r,3,-10.202892520821067,nan,-9.322197329073427,nan,-9.3304622488674,nan,1.2493753893318464,nan,1.2492819262734955,nan,1.013338770394969,nan,1.0130683609903806,nan
b U s,3,-11.254587861971142,nan,-inf,nan,-15.889079438820927,nan,1.126713677899987,nan,1.126688824609484,nan,1.001534356889458,nan,1.0015405458937814,nan
b W r,3,-11.604651576568529,nan,-inf,nan,-16.718057185557335,nan,1.1730875557069527,nan,1.1730224133730744,nan,1.0003127351621826,nan,1.0003359240005012,nan
C e D,3,-12.674197406012576,nan,-inf,nan,-18.25618625827503,nan,1.071644173162809,nan,1.0716496622616225,nan,1.0013584433607303,nan,1.0013670803411492,nan
C i D,3,-12.311778364636153,nan,-16.307728388226952,nan,-16.281222950014875,nan,1.10584958152652,nan,1.1058423723758262,nan,1.0009656276499885,nan,1.0009775370142742,nan
C O b,3,-15.834853189690714,nan,-inf,nan,-17.99756077925688,nan,1.0251291964971445,nan,1.0251522778065787,nan,1.000073515897813,nan,1.000099156078523,nan
C O g,3,-15.813424876200283,nan,-inf,nan,-18.901252895264598,nan,1.0226847928948655,nan,1.0227095801868313,nan,1.0000183789744532,nan,1.000045444616497,nan
C O v,3,-16.901197352736897,nan,-inf,nan,-19.506218063802585,nan,1.0175386800479622,nan,1.0175670588821002,nan,1,1,1.0000275407958217,1.0
C u D,3,-12.459771835587087,nan,-15.70688118692371,nan,-15.704301954516918,nan,1.109260349389073,nan,1.1092518740414996,nan,1.000766230065722,nan,1.0007820111842889,nan
C u S,3,-14.512160329795215,nan,-inf,nan,-18.599021671243086,nan,1.0949982652133698,nan,1.0949997435683878,nan,1.000674335193456,nan,1.0006924920809122,nan
C u T,3,-14.379852995633215,nan,-16.39822897715128,nan,-16.361317249364042,nan,1.0943366221330537,nan,1.0943385622577795,nan,1.0008213669890818,nan,1.0008357226463147,nan
D e C,3,-12.674197406012576,nan,-15.908646181304201,nan,-15.253036381952935,nan,1.105391329404744,nan,1.1053914164128895,nan,1.0130566930211193,nan,1.0129025395911997,nan
D e D,3,-10.52569769951548,nan,-inf,nan,-16.135840099501724,nan,1.1204988464052954,nan,1.1204883896717786,nan,1.0130566930211193,nan,1.0129025395911997,nan
D e J,3,-12.900774858174701,nan,-15.262923517129831,nan,-14.901728185810338,nan,1.1054648453025568,nan,1.105464881002957,nan,1.0130566930211193,nan,1.0129025395911997,nan
D e S,3,-12.578086193723607,nan,-inf,nan,-15.56482391342817,nan,1.1062367622295923,nan,1.1062362591986667,nan,1.0130566930211193,nan,1.0129025395911997,nan
D i C,3,-12.311778364636153,nan,-22.14529345965059,nan,-21.265921275421036,nan,1.139596737768455,nan,1.1395841265270932,nan,1.0000390918952728,nan,1.0000660886964066,nan
D i D,3,-10.163278658139056,nan,-19.527741754603507,nan,-19.258353235073663,nan,1.1547042547690065,nan,1.1546810997859822,nan,1.000222881639805,nan,1.0002451269031598,nan
D i S,3,-12.215667152347184,nan,-19.366300386174185,nan,-19.09280215710827,nan,1.1404421705933034,nan,1.1404289693128704,nan,1.0000390918952728,nan,1.0000660886964066,nan
D i T,3,-12.083359818185183,nan,-19.713625864206477,nan,-19.427015762006857,nan,1.1397805275129873,nan,1.139767788002262,nan,1.0001677447164454,nan,1.0001914154411338,nan
d u r,3,-9.800788760415607,nan,-8.968008795596996,nan,-8.975726238476271,nan,1.2428539864139698,nan,1.2427626518970782,nan,1.0188409546546175,nan,1.0184939779977142,nan
D W C,3,-13.861530891334548,nan,-inf,nan,-19.13955061229253,nan,1.066719672006114,nan,1.0667341152923455,nan,1,1,1.0000275407958217,1.0
D W D,3,-11.713031184837451,nan,-inf,nan,-20.610140994743443,nan,1.0818271890066655,nan,1.0818310885512346,nan,1.0000183789744532,nan,1.000045444616497,nan
D W T,3,-13.633112344883578,nan,-inf,nan,-17.213633721888723,nan,1.0669034617506463,nan,1.0669177767675144,nan,1.000073515897813,nan,1.000099156078523,nan
f U n,3,-11.64058779663856,nan,-inf,nan,-16.06132139759492,nan,1.2068049447800069,nan,1.2067173922540206,nan,1.0011825298320025,nan,1.0011936147885168,nan
f u r,3,-10.923879420774682,nan,-12.009596725912019,nan,-11.985524427908228,nan,1.2310656269892968,nan,1.2309781401125666,nan,1.0096445862916883,nan,1.0094255843851014,nan
f U s,3,-11.975574761924758,nan,-inf,nan,-16.058209852658507,nan,1.1084039155574374,nan,1.108385038448555,nan,1.0011825298320025,nan,1.0011936147885168,nan
f W r,3,-12.32563847652214,nan,-inf,nan,-18.75853450654132,nan,1.154777793364403,nan,1.1547186272121455,nan,1.0000293189214546,nan,1.0000564517212602,nan
f x r,3,-10.353617183463143,nan,-11.968349517906915,nan,-11.97003918483574,nan,1.2671181274046481,nan,1.2670172565729372,nan,1.0030719221019877,nan,1.0030536431273938,nan
g U n,3,-10.898172583194516,nan,-inf,nan,-14.699625421227195,nan,1.2279157313007223,nan,1.2278212883579167,nan,1.004954897725829,nan,1.0049134871949659,nan
g U S,3,-13.611782625909232,nan,-13.623015603367586,nan,-13.547647084681165,nan,1.0802222925946021,nan,1.0802309269121337,nan,1.0050651715725483,nan,1.005020910119018,nan
g U T,3,-13.479475291747232,nan,-inf,nan,-15.992073889926338,nan,1.079560649514286,nan,1.0795697456015254,nan,1.004954897725829,nan,1.0049134871949659,nan
g W C,3,-14.12900416264216,nan,-inf,nan,-19.100002692928964,nan,1.0551203387529735,nan,1.0551385679825125,nan,1,1,1.0000275407958217,1.0
g W D,3,-11.980504456145063,nan,-inf,nan,-20.570593075379872,nan,1.070227855753525,nan,1.0702355412414015,nan,1.0000183789744532,nan,1.000045444616497,nan
g W T,3,-13.90058561619119,nan,-inf,nan,-17.174085802525152,nan,1.0553041284975058,nan,1.0553222294576814,nan,1.000073515897813,nan,1.000099156078523,nan
g x r,3,-9.6112019700191,nan,-11.153716442515574,nan,-11.151242446066696,nan,1.2882289139253635,nan,1.2881211526768332,nan,1.0071374792103602,nan,1.00706262478823,nan
h U n,3,-10.903261652701985,nan,-inf,nan,-20.806040280810848,nan,1.2363102117365137,nan,1.2362130288925144,nan,1,1,1.0000275407958217,1.0
h u r,3,-10.186553276838108,nan,-10.645844298352722,nan,-10.645288420928834,nan,1.2605708939458036,nan,1.2604737767510603,nan,1.010250510668417,nan,1.0100230768441683,nan
h U s,3,-11.238248617988184,nan,-inf,nan,-20.802928735874435,nan,1.1379091825139442,nan,1.1378806750870487,nan,1,1,1.0000275407958217,1.0
h W r,3,-11.58831233258557,nan,-inf,nan,-14.807412046913361,nan,1.1842830603209098,nan,1.1842142638506392,nan,1.0018177731301858,nan,1.0018200181730224,nan
J O b,3,-16.061430641852837,nan,-16.89127274712896,nan,-16.622813987118832,nan,1.0234193688546447,nan,1.0234430082401662,nan,1.0000930618454493,nan,1.0001184300288155,nan
J x r,3,-11.718805857370707,nan,-11.668579204994854,nan,-11.704677547749416,nan,1.2492637462935179,nan,1.2491687030100977,nan,1.0039514897456259,nan,1.0039209708905554,nan
k E G,3,-11.703661436661172,nan,-inf,nan,-20.91401620749239,nan,1.0928119593030676,nan,1.0928096779322427,nan,1,1,1.0000275407958217,1.0
k E S,3,-12.806416968900617,nan,-inf,nan,-22.252924267366836,nan,1.074414605875389,nan,1.074425164267829,nan,1,1,1.0000275407958217,1.0
k i b,3,-10.280233772030474,nan,-15.243207824279967,nan,-15.218710951229076,nan,1.1369400134743617,nan,1.1369230253394818,nan,1.0008921117521756,nan,1.000905921731573,nan
k i C,3,-12.139831893729529,nan,-18.565718207034113,nan,-17.90458541102472,nan,1.1228249610942844,nan,1.122817824046505,nan,1.0007818379054563,nan,1.000798498807521,nan
k i D,3,-9.99133218723243,nan,-15.948166501987028,nan,-15.897017370677347,nan,1.1379324780948359,nan,1.137914797305394,nan,1.0009656276499885,nan,1.0009775370142742,nan
k i r,3,-9.594050994165466,nan,-9.956483704564748,nan,-9.961112549968496,nan,1.2435932022264293,nan,1.243501779380034,nan,1.0177088733768769,nan,1.0172879176495018,nan
k u f,3,-11.149214142935023,nan,-20.336603633439363,nan,-19.62331365697497,nan,1.1275590151174695,nan,1.1275496883333949,nan,1.000322215539523,nan,1.0003415427224485,nan
k U m,3,-10.998946573048059,nan,-inf,nan,-18.371040918020196,nan,1.1310138263836438,nan,1.1309850909303294,nan,1.0002052324501822,nan,1.0002299172738927,nan
k U n,3,-10.458752840980278,nan,-inf,nan,-18.40223891294808,nan,1.2227432878796922,nan,1.2226505331871615,nan,1.0002052324501822,nan,1.0002299172738927,nan
k U p,3,-11.576179687972907,nan,-inf,nan,-18.769041396911884,nan,1.0821808912614235,nan,1.0821862369779345,nan,1.0002052324501822,nan,1.0002299172738927,nan
k u r,3,-9.7420444651164,nan,-15.868317031543612,nan,-15.183643758765536,nan,1.2470039700889821,nan,1.2469112810457075,nan,1.0094198078938696,nan,1.0092039339567378,nan
l U n,3,-10.480146111165954,nan,-inf,nan,-15.24929633393064,nan,1.2150877279326195,nan,1.2149974719626717,nan,1.006205838374559,nan,1.0061470200136846,nan
l X l,3,-11.097646842139476,nan,-16.546499660218995,nan,-15.865314380337164,nan,1.0823157725243875,nan,1.0823115807628045,nan,1.0022238559088403,nan,1.0021939030975369,nan
m W l,3,-11.441450167677695,nan,-14.065144425456065,nan,-14.030113610357523,nan,1.0834410239095693,nan,1.0834366467428933,nan,1.0000770168173625,nan,1.0001032664673744,nan
m W r,3,-11.194722175331677,nan,-inf,nan,-17.395646282713674,nan,1.1682416120367518,nan,1.1681780513858553,nan,1.0000586378429093,nan,1.000085362646699,nan
m W t,3,-10.617435105071822,nan,-10.896675861052035,nan,-10.882218668111296,nan,1.2360416487947006,nan,1.2359307695756878,nan,1.0008673127188512,nan,1.0008731307564136,nan
n c n,3,-9.147775450182074,nan,-10.173156219202047,nan,-10.178125192937586,nan,1.2175635127549953,nan,1.217471813697083,nan,1.016391136311138,nan,1.016031080722123,nan
n W C,3,-13.200309342827959,nan,-15.158561638267598,nan,-15.143569768550396,nan,1.0306070811446701,nan,1.0306333113343986,nan,1.002589838061824,nan,1.0025813392095755,nan
n W D,3,-11.051809636330862,nan,-16.82114226021306,nan,-16.614160151001307,nan,1.0457145981452216,nan,1.0457302845932877,nan,1.0026082170362771,nan,1.0025992430302508,nan
n x r,3,-8.682507150204898,nan,-12.222618825719307,nan,-12.217031305413064,nan,1.2637156563170602,nan,1.2636158960287194,nan,1.0013127868147111,nan,1.0013189876010702,nan
p c k,3,-10.754477374774666,nan,-12.462959043745494,nan,-12.458964251607096,nan,1.1196072314692587,nan,1.1195869714637667,nan,1.0025896866444939,nan,1.0025572757582073,nan
p c p,3,-11.382629144167328,nan,-13.165110536224004,nan,-13.161278511509598,nan,1.0852753071906334,nan,1.0852790079022034,nan,1.0012296425349552,nan,1.0012323930282327,nan
p c s,3,-10.6001892624609,nan,-16.455755934412565,nan,-16.231782577424816,nan,1.1274366745863327,nan,1.1274109503059648,nan,1.000641515352452,nan,1.000659470766622,nan
p O l,3,-13.703103996160666,nan,-inf,nan,-16.551747806270985,nan,1.067998070556979,nan,1.0679990410707256,nan,1,1,1.0000275407958217,1.0
p O m,3,-13.732629380442805,nan,-inf,nan,-19.1607239419479,nan,1.0888398275869366,nan,1.0888262523548866,nan,1,1,1.0000275407958217,1.0
p O n,3,-13.192435648375024,nan,-inf,nan,-16.889336843881736,nan,1.180569289082985,nan,1.1804916946117188,nan,1,1,1.0000275407958217,1.0
p O r,3,-13.456376003814647,nan,-inf,nan,-18.887661061445975,nan,1.1527986586841614,nan,1.1527404457136876,nan,1,1,1.0000275407958217,1.0
p O s,3,-13.527422613661223,nan,-inf,nan,-17.397050922711315,nan,1.0821682598604156,nan,1.082159340806253,nan,1.0000367579489065,nan,1.0000633484371724,nan
p O t,3,-12.879088933554792,nan,-inf,nan,-18.855810576120028,nan,1.2205986954421102,nan,1.2204931639035201,nan,1,1,1.0000275407958217,1.0
p u k,3,-10.595530956669405,nan,-12.918852987748327,nan,-12.915478576340615,nan,1.1574775050147958,nan,1.1574431862330636,nan,1.00242486106737,nan,1.0024041778785275,nan
p U m,3,-11.627098342440721,nan,-inf,nan,-14.715187569802431,nan,1.1199472032502773,nan,1.1199220798673182,nan,1.0062742491912864,nan,1.0062144788397083,nan
p U n,3,-11.08690461037294,nan,-inf,nan,-14.746385564730312,nan,1.2116766647463257,nan,1.2115875221241503,nan,1.0062742491912864,nan,1.0062144788397083,nan
p U p,3,-12.20433145736557,nan,-inf,nan,-15.113188048694118,nan,1.071114268128057,nan,1.0711232259149233,nan,1.0062742491912864,nan,1.0062144788397083,nan
p U s,3,-11.421891575659139,nan,-inf,nan,-14.7432740197939,nan,1.1132756355237563,nan,1.1132551683186847,nan,1.0062742491912864,nan,1.0062144788397083,nan
p u v,3,-12.122723175420255,nan,-15.38722111530684,nan,-15.33187484610033,nan,1.1216936417543657,nan,1.1216842970176655,nan,1.0014140174724426,nan,1.0014194677413841,nan
r U n,3,-10.233418118819937,nan,-inf,nan,-20.617751002354247,nan,1.2077071151441399,nan,1.2076192681558964,nan,1.0000097729738182,nan,1.0000371777709678,nan
r W r,3,-10.91846879870352,nan,-inf,nan,-19.10878006732301,nan,1.155679963728536,nan,1.1556205031140212,nan,1.000087956764364,nan,1.0001142735721378,nan
S c g,3,-12.790080312710991,nan,-16.242994936733066,nan,-16.211410562485632,nan,1.0682625231741996,nan,1.068270404281472,nan,1.0006463278370596,nan,1.0006596089701005,nan
s c p,3,-10.600189262460901,nan,-12.589021979040401,nan,-12.590528262875736,nan,1.1013339396722033,nan,1.1013323989555945,nan,1.0017671560949564,nan,1.001762426661276,nan
s U g,3,-11.233159548480714,nan,-inf,nan,-21.68952447339904,nan,1.0908670744747253,nan,1.0908682126192106,nan,1,1,1.0000275407958217,1.0
S U g,3,-13.611782625909228,nan,-16.925370020311103,nan,-16.555629082817852,nan,1.0541014841116232,nan,1.0541146222941917,nan,1.0008209298007291,nan,1.0008370467081058,nan
s U k,3,-10.793739806266476,nan,-inf,nan,-14.772335357270624,nan,1.1215048248882522,nan,1.1214845805298777,nan,1.0146480426392208,nan,1.0142968858740613,nan
s U m,3,-10.844658460734292,nan,-inf,nan,-21.54389930313845,nan,1.1360058357318472,nan,1.1359754709207093,nan,1,1,1.0000275407958217,1.0
s U n,3,-10.304464728666511,nan,-inf,nan,-21.575097298066332,nan,1.2277352972278956,nan,1.2276409131775414,nan,1,1,1.0000275407958217,1.0
s U p,3,-11.421891575659139,nan,-inf,nan,-21.941899782030138,nan,1.087172900609627,nan,1.0871766169683144,nan,1,1,1.0000275407958217,1.0
s U s,3,-10.63945169395271,nan,-inf,nan,-21.57198575312992,nan,1.1293342680053262,nan,1.1293085593720757,nan,1,1,1.0000275407958217,1.0
S u T,3,-14.283741783344244,nan,-16.322631197399616,nan,-16.28418888398447,nan,1.0946459376864708,nan,1.0946477768527083,nan,1.0009190967272639,nan,1.0009320923977771,nan
s W l,3,-11.236243400896113,nan,-17.491984701644416,nan,-16.79590387048327,nan,1.0909075576851093,nan,1.0909007434927043,nan,1.0000281519482714,nan,1.0000550815916431,nan
s W t,3,-10.41222833829024,nan,-14.323516137240386,nan,-13.648008928237038,nan,1.2435081825702405,nan,1.2433948663254988,nan,1.0008184478497602,nan,1.0008249458806824,nan
S x r,3,-11.396117192919611,nan,-13.200086603467907,nan,-13.214995566661013,nan,1.2512828894894348,nan,1.251187187171439,nan,1.0010000516525286,nan,1.0010106043963904,nan
T c g,3,-12.65777297854899,nan,-16.131956012263338,nan,-16.10200827052269,nan,1.0692677987228052,nan,1.0692753517149909,nan,1.000665873784696,nan,1.000678882920393,nan
T i D,3,-12.083359818185182,nan,-19.67337877050561,nan,-19.36421185035931,nan,1.1071641726285426,nan,1.107156534404274,nan,1.000213108665987,nan,1.0002354899280135,nan
t O n,3,-11.761662086562163,nan,-16.34671160316826,nan,-16.214071806831306,nan,1.1751992273917164,nan,1.1751233856719814,nan,1.0000293189214546,nan,1.0000564517212602,nan
t U n,3,-9.65613104856008,nan,-inf,nan,-22.85986640961802,nan,1.206306603055057,nan,1.206219213184413,nan,1,1,1.0000275407958217,1.0
T W C,3,-15.781612051380675,nan,-inf,nan,-19.02226567626397,nan,1.0191795898656504,nan,1.0192095499106373,nan,1,1,1.0000275407958217,1.0
T W D,3,-13.633112344883578,nan,-inf,nan,-20.49285605871488,nan,1.0342871068662018,nan,1.0343065231695263,nan,1.0000183789744532,nan,1.000045444616497,nan
T W T,3,-15.553193504929705,nan,-inf,nan,-17.09634878586016,nan,1.0193633796101826,nan,1.0193932113858062,nan,1.000073515897813,nan,1.000099156078523,nan
T W z,3,-14.091122372247835,nan,-inf,nan,-18.32305167714975,nan,1.0366212366217613,nan,1.0366390239041723,nan,1.0000367579489065,nan,1.0000633484371724,nan
v e r,3,-11.483662254292742,nan,-10.325229247486188,nan,-10.318980991480801,nan,1.181695459733184,nan,1.181625773725392,nan,1.0400031511688672,nan,1.0389985857518986,nan
w U S,3,-13.406048628490531,nan,-16.048616115236833,nan,-15.950566199244333,nan,1.0974838188950162,nan,1.097486819168026,nan,1.0004034630612655,nan,1.0004240729742608,nan
w U T,3,-13.27374129432853,nan,-inf,nan,-18.394993004489507,nan,1.0968221758147,nan,1.0968256378574177,nan,1.0002931892145461,nan,1.0003166500502088,nan
w W D,3,-11.774770458726366,nan,-inf,nan,-20.454316466676406,nan,1.087489382053939,nan,1.0874914334972938,nan,1.0000183789744532,nan,1.000045444616497,nan
w x r,3,-9.405467972600402,nan,-9.75070137021975,nan,-9.748151543724271,nan,1.3054904402257776,nan,1.3053770449327255,nan,1.0260872754438561,nan,1.0257487195967914,nan
y c f,3,-11.368845315509368,nan,-15.25719921103164,nan,-15.198898549954528,nan,1.1255263852747832,nan,1.1255194201043301,nan,1.0004762491742478,nan,1.000492994065554,nan
y c g,3,-10.626430102065324,nan,-16.63661476304989,nan,-16.553306326340476,nan,1.1358737478919492,nan,1.1358595611563431,nan,1.000568144046514,nan,1.0005825131689305,nan
y c S,3,-12.411345324965838,nan,-17.463160637463645,nan,-17.357373686158805,nan,1.1250485319389993,nan,1.125041900268891,nan,1.000329217378622,nan,1.0003497635001513,nan
y e C,3,-12.562935689575037,nan,-22.992785972898247,nan,-21.644301789388148,nan,1.1244571964334242,nan,1.1244510604725335,nan,1.0000097729738182,nan,1.0000371777709678,nan
y e D,3,-10.41443598307794,nan,-inf,nan,-22.527105506936937,nan,1.1395647134339757,nan,1.1395480337314225,nan,1.0000097729738182,nan,1.0000371777709678,nan
y e J,3,-12.789513141737162,nan,-22.347063308723875,nan,-21.292993593245548,nan,1.1245307123312371,nan,1.124524525062601,nan,1.0000097729738182,nan,1.0000371777709678,nan
y e S,3,-12.466824477286067,nan,-inf,nan,-21.95608932086338,nan,1.1253026292582726,nan,1.1252959032583107,nan,1.0000097729738182,nan,1.0000371777709678,nan
y i D,3,-10.052016941701517,nan,-inf,nan,-20.690978643530997,nan,1.1737701217976868,nan,1.1737407438456262,nan,1.0001837897445323,nan,1.000206579002575,nan
y i J,3,-12.427094100360737,nan,-inf,nan,-23.445850776403887,nan,1.1587361206949482,nan,1.1587172351768047,nan,1,1,1.0000275407958217,1.0
y i S,3,-12.104405435909642,nan,-inf,nan,-20.525427565565607,nan,1.1595080376219837,nan,1.1594886133725144,nan,1,1,1.0000275407958217,1.0
y U g,3,-11.448132415263565,nan,-14.082414444660323,nan,-13.694555249932664,nan,1.1217127088293728,nan,1.121703779169063,nan,1.0120500767178444,nan,1.0119099311511368,nan
y u g,3,-10.467483683960063,nan,-8.180755627935515,nan,-8.19070026725422,nan,1.1737440214374864,nan,1.17371577592564,nan,1.0644399119751249,nan,1.0635095089267763,nan
y U T,3,-13.100740304002077,nan,-inf,nan,-14.872576543299099,nan,1.1102258497961068,nan,1.1102249369710024,nan,1.0120500767178444,nan,1.0119099311511368,nan
y U z,3,-11.638669171320208,nan,-inf,nan,-13.363058356519781,nan,1.1274837068076855,nan,1.1274707494893685,nan,1.0120500767178444,nan,1.0119099311511368,nan
y x D,3,-9.629748175340913,nan,-14.497766492682008,nan,-14.486369879013232,nan,1.213233390075591,nan,1.2131893619716703,nan,1.0020132326065498,nan,1.0020127576759472,nan
z e C,3,-13.132207433376834,nan,-18.7385005228235,nan,-18.079448268733284,nan,1.0677923054671568,nan,1.0678046645404233,nan,1.0007427460101834,nan,1.0007599509069358,nan
z e D,3,-10.983707726879736,nan,-inf,nan,-18.962251986282077,nan,1.0828998224677082,nan,1.0829016377993124,nan,1.0007427460101834,nan,1.0007599509069358,nan
z e S,3,-13.036096221087863,nan,-inf,nan,-18.39123580020852,nan,1.0686377382920051,nan,1.0686495073262006,nan,1.0007427460101834,nan,1.0007599509069358,nan
z i C,3,-12.76978839200041,nan,-20.560825742663063,nan,-19.87948407726888,nan,1.1019977138308679,nan,1.101997374654627,nan,1.0002540973192733,nan,1.0002781021496239,nan
z i D,3,-10.621288685503313,nan,-17.943274037615982,nan,-17.871916036921505,nan,1.1171052308314193,nan,1.117094347913516,nan,1.0004378870638055,nan,1.0004571403563771,nan
z i T,3,-12.54136984554944,nan,-18.12915814721895,nan,-18.040578563854698,nan,1.1021815035754001,nan,1.102181036129796,nan,1.0003827501404459,nan,1.000403428894351,nan
z u f,3,-11.779170641205905,nan,-20.43043317403377,nan,-19.720192509706667,nan,1.106731767854053,nan,1.1067292389415169,nan,1.000322215539523,nan,1.0003415427224485,nan
z u g,3,-11.036755427761861,nan,-17.769406196148886,nan,-17.089070089544137,nan,1.1170791304712189,nan,1.1170693799935298,nan,1.0051375068462682,nan,1.0050323437393853,nan
z u T,3,-12.689363316500373,nan,-21.4693734349198,nan,-20.723827155731875,nan,1.105592271437953,nan,1.1055905377954693,nan,1.000156804769444,nan,1.0001804083363703,nan
