word,word_len,uni_prob,uni_prob_freq_weighted,bi_prob,bi_prob_freq_weighted,bi_prob_smoothed,bi_prob_freq_weighted_smoothed,pos_uni_score,pos_uni_score_freq_weighted,pos_uni_score_smoothed,pos_uni_score_freq_weighted_smoothed,pos_bi_score,pos_bi_score_freq_weighted,pos_bi_score_smoothed,pos_bi_score_freq_weighted_smoothed
f u T,3,-13.241241773887772,nan,-15.818582958917613,nan,-15.823422652396088,nan,1.1233978298853322,nan,1.1233400388870447,nan,1.0010784481128672,nan,1.0010922208680302,nan
g i T,3,-12.350833089492795,nan,-13.536086798085165,nan,-13.55608673083657,nan,1.099815250133684,nan,1.099789720901074,nan,1.0002711391718635,nan,1.000327391182561,nan
z i T,3,-12.54136984554944,nan,-18.327872525649955,nan,-18.289397368387686,nan,1.0739619867755774,nan,1.0739710146504144,nan,1.0002711391718635,nan,1.000327391182561,nan
y c g,3,-10.626430102065324,nan,-14.55696128369506,nan,-14.54613353248616,nan,1.1991895948054194,nan,1.1990282181651608,nan,1.0017247118096475,nan,1.001704819236071,nan
l X z,3,-11.706210070224682,nan,-13.30125469402594,nan,-13.294103530063442,nan,1.0871417593775523,nan,1.087132325659775,nan,1.0000356798801155,nan,1.0001045457633828,nan
J Y p,3,-13.810916687795384,nan,-17.15759543517803,nan,-16.513764275514283,nan,1.0481099852171614,nan,1.0481528856876527,nan,1.0013169616919084,nan,1.0013178170656907,nan
C x z,3,-12.347519625639805,nan,-13.675988465975971,nan,-13.693108218819994,nan,1.1513216484479996,nan,1.151224611738301,nan,1.0028214856462754,nan,1.0027429306732465,nan
C e J,3,-15.049274564671798,nan,-15.582587528098282,nan,-15.61814997215606,nan,1.0878911580101294,nan,1.0878813555193052,nan,1.0002915476155119,nan,1.000347568951782,nan
z i S,3,-12.67367717971144,nan,-18.766975063208413,nan,-18.725617712554246,nan,1.0752014801326677,nan,1.07520868628066,nan,1.0003873416740907,nan,1.0004374385029087,nan
z u v,3,-12.124527904298475,nan,-21.875042691008275,nan,-21.696398168068253,nan,1.1206247426369726,nan,1.1205701274167523,nan,1.001352641572024,nan,1.001351748727324,nan
D Y p,3,-11.435839529136164,nan,-15.346401949795068,nan,-15.17726401094865,nan,1.1114751361452724,nan,1.1114333387461495,nan,1.001352641572024,nan,1.001351748727324,nan
s X k,3,-10.900572189454358,nan,-13.864703817465205,nan,-13.861635687756548,nan,1.1336842456941938,nan,1.1336072036614808,nan,1.000892968570296,nan,1.000917983322742,nan
b X s,3,-11.361420245159024,nan,-12.424897792255454,nan,-12.431968367986924,nan,1.1230174022600548,nan,1.1229538862767547,nan,1.0011345364366309,nan,1.001146330298885,nan
T x z,3,-12.119101079188834,nan,-13.21877609547227,nan,-13.2332448752992,nan,1.1570981269094838,nan,1.1569933689932166,nan,1.002750125886044,nan,1.0026750673499796,nan
S c G,3,-13.47224000337206,nan,-15.14294030990553,nan,-15.130207965985246,nan,1.0460487738358666,nan,1.0460951875606819,nan,1.0006197466785451,nan,1.000657533143604,nan
J e J,3,-15.275852016833923,nan,-15.955847077358445,nan,-15.983786320351253,nan,1.0912725112558763,nan,1.0912581890343778,nan,1.000541306776321,nan,1.0005850905832163,nan
D x z,3,-10.199019919142708,nan,-9.01299660809185,nan,-9.024056799186937,nan,1.2180681526218573,nan,1.2178818983118702,nan,1.0113132971137888,nan,1.0108186661420124,nan
S Y p,3,-13.488228023344288,nan,-15.068359929473115,nan,-15.029768773511796,nan,1.0473703141946542,nan,1.0474142033562306,nan,1.0013169616919084,nan,1.0013178170656907,nan
n W C,3,-13.200309342827959,nan,-13.735732344047895,nan,-13.745437776523392,nan,1.0600803785633806,nan,1.0601087142700005,nan,1.0078852535055483,nan,1.0075695113227463,nan
l W C,3,-13.7109776906136,nan,-14.794396177028789,nan,-14.796591989944082,nan,1.0630038402237658,nan,1.0630282682465737,nan,1,1,1.0000706141017495,1.0
S c d,3,-12.40940486579596,nan,-16.98110021867603,nan,-16.94736775328132,nan,1.0955123056172509,nan,1.0954860210551705,nan,1.000542278343727,nan,1.0005841682633723,nan
g i J,3,-12.80582908810589,nan,-14.927822291945137,nan,-14.938991474851589,nan,1.0997377817988658,nan,1.0997123664241837,nan,1.0002711391718635,nan,1.000327391182561,nan
C u T,3,-14.379852995633215,nan,-15.602929160404518,nan,-15.627399259243086,nan,1.1178326860017072,nan,1.117782333726821,nan,1.0011498078730983,nan,1.001160084191297,nan
D i g,3,-10.430751929446668,nan,-14.073635675135256,nan,-14.069963860508917,nan,1.1692523757481086,nan,1.1691303934361987,nan,1.0031599587236706,nan,1.0030657426186864,nan
w u T,3,-12.29309256302503,nan,-14.227871961415048,nan,-14.22602962355743,nan,1.224873649687382,nan,1.224680219688339,nan,1.0022915640367975,nan,1.0022458973635682,nan
T c T,3,-14.310380867287503,nan,-17.58926554255347,nan,-17.535571886339486,nan,1.0450777483287497,nan,1.0451260063567587,nan,1.0000356798801155,nan,1.0001045457633828,nan
g u T,3,-12.498826560443728,nan,-17.94795720615474,nan,-17.68517263977933,nan,1.1424883867519449,nan,1.142405078107559,nan,1.0010070883526359,nan,1.0010243575447633,nan
f X s,3,-12.082407145112638,nan,-14.437198723247047,nan,-14.432400019871917,nan,1.098185589361601,nan,1.09815526515044,nan,1.0010988565565153,nan,1.0011123986372514,nan
J Y m,3,-13.233683572870538,nan,-16.354055823109903,nan,-15.710406350205162,nan,1.1218211057966245,nan,1.1217556704488207,nan,1.0009683541852268,nan,1.0009876751046474,nan
n X z,3,-11.19554172243904,nan,-14.663509802157762,nan,-14.63093644804304,nan,1.084218297717167,nan,1.0842127716832017,nan,1.0000356798801155,nan,1.0001045457633828,nan
m X n,3,-10.616503878635976,nan,-14.430821070040261,nan,-14.40300800706328,nan,1.1313016366720323,nan,1.1312252794890714,nan,1.0015493666963629,nan,1.001537911706386,nan
C u S,3,-14.512160329795215,nan,-16.09516120502309,nan,-16.11753398509653,nan,1.1190721793587974,nan,1.1190200053570665,nan,1.0008399345338257,nan,1.00086662467037,nan
S e J,3,-14.953163352382829,nan,-15.092668806889758,nan,-15.133514578437913,nan,1.0905328402333692,nan,1.0905195067029556,nan,1.0008267458172457,nan,1.000856543876284,nan
T x S,3,-13.713479546032705,nan,-15.610940044191798,nan,-15.636049636835645,nan,1.1467561042112617,nan,1.1466665463283547,nan,1.0001162025022272,nan,1.0001806614220972,nan
v e D,3,-11.880943447359707,nan,-20.603586867725422,nan,-20.543564777503487,nan,1.1057299454448974,nan,1.1056938965400647,nan,1.0008908858504086,nan,1.0009143102244156,nan
C x S,3,-13.941898092483676,nan,-16.0681524146955,nan,-16.095912980356438,nan,1.1409796257497775,nan,1.140897789073439,nan,1.0001875622624585,nan,1.000248524745364,nan
n c T,3,-11.72907815873479,nan,-15.438086339613339,nan,-15.396457412095511,nan,1.0769540471558428,nan,1.0769596973061415,nan,1.0025332714882078,nan,1.0024797620777257,nan
s X p,3,-11.52872395884702,nan,-13.565656896077968,nan,-13.563480684851411,nan,1.0920062815620328,nan,1.0919904950944725,nan,1.000815500235478,nan,1.0008446184425102,nan
D i D,3,-10.163278658139056,nan,-16.539233715130525,nan,-16.503224731498378,nan,1.1598787072351133,nan,1.1597705017324664,nan,1.0037797054022157,nan,1.0036526616605412,nan
S c g,3,-12.790080312710991,nan,-16.970805197762044,nan,-16.950605275734553,nan,1.0692892742813096,nan,1.0693015306277869,nan,1.0015106325289538,nan,1.0015012292662702,nan
C i S,3,-14.364166858844278,nan,-16.2585596020007,nan,-16.28002120250356,nan,1.0763990427405365,nan,1.0764046481505816,nan,1.000815500235478,nan,1.0008446184425102,nan
g i D,3,-10.430751929446668,nan,-16.01157748850531,nan,-15.98269729169271,nan,1.1177879038114933,nan,1.1177359595396352,nan,1.0031374675601348,nan,1.0030418917511388,nan
T c S,3,-14.442688201449503,nan,-15.51843168225809,nan,-15.527376942072786,nan,1.04631724168584,nan,1.0463636779870042,nan,1.0005779582238425,nan,1.0006180999250056,nan
z u T,3,-12.689363316500373,nan,-20.642487155764567,nan,-20.4823293032205,nan,1.1166351233938383,nan,1.1165863718568994,nan,1.0010427682327514,nan,1.0010582892063966,nan
S Y m,3,-12.910994908419442,nan,-14.264820317404984,nan,-14.226410848202676,nan,1.1210814347741174,nan,1.1210169881173986,nan,1.0009683541852268,nan,1.0009876751046474,nan
D x v,3,-11.09625563962268,nan,-10.450571404220126,nan,-10.463465007908095,nan,1.2104762558096793,nan,1.2103011595766158,nan,1.0088343103996082,nan,1.0084709899745938,nan
t W C,3,-12.886962628007726,nan,-15.66825904536223,nan,-15.67300616410115,nan,1.0408841544078382,nan,1.04093814900214,nan,1.0001070396403469,nan,1.0001724090866497,nan
g Y b,3,-11.536009086755778,nan,-17.720790315793746,nan,-17.627571480014414,nan,1.0747296478241042,nan,1.0747362554587523,nan,1.0034473408994073,nan,1.003335351272066,nan
r c S,3,-12.125325848336413,nan,-15.206668340202675,nan,-15.223736276887037,nan,1.046845578130488,nan,1.0468913082237346,nan,1.0006493179840739,nan,1.0006859632482725,nan
d X s,3,-10.959316484753565,nan,-12.656723548546914,nan,-12.663127151388672,nan,1.1195303817253783,nan,1.119471526714336,nan,1.0010274967962842,nan,1.0010445353139845,nan
S c z,3,-12.980617068767634,nan,-15.249347282269508,nan,-15.232107203629408,nan,1.0535244681458173,nan,1.0535598945806008,nan,1.000038734167409,nan,1.0001072965418654,nan
y c d,3,-10.245754655150295,nan,-14.567256304609046,nan,-14.542896010032926,nan,1.2254126261413607,nan,1.2252127085925444,nan,1.0007563576244207,nan,1.000787758233173,nan
J u S,3,-14.73873778195734,nan,-14.780055583259479,nan,-14.824650753989722,nan,1.1224535326045442,nan,1.122396838872139,nan,1.000911294294057,nan,1.0009344879936368,nan
h u S,3,-12.636222964113202,nan,-13.201463189887813,nan,-13.218976333738336,nan,1.2109322758682546,nan,1.210757315849873,nan,1.00494312074712,nan,1.004768765758219,nan
g u S,3,-12.631133894605728,nan,-18.44018925077331,nan,-18.17530736563277,nan,1.1437278801090351,nan,1.1436427497378046,nan,1.0006972150133633,nan,1.000730898023836,nan
y X z,3,-11.745501554508088,nan,-9.263278129279655,nan,-9.276257478086631,nan,1.1791075231759391,nan,1.1789751621999276,nan,1.0269026296071646,nan,1.0256550869733858,nan
C e g,3,-12.94167067732019,nan,-16.091722534386363,nan,-16.101829417904245,nan,1.115314948535752,nan,1.115264840338489,nan,1.000911294294057,nan,1.0009344879936368,nan
z i J,3,-12.996365844162534,nan,-19.719608019509927,nan,-19.672302112402704,nan,1.0738845184407593,nan,1.073893660173524,nan,1.0002711391718635,nan,1.000327391182561,nan
m u S,3,-12.242632806859309,nan,-14.497082520677978,nan,-14.513559043728174,nan,1.1444675511315423,nan,1.1443814320692265,nan,1.0029093675805307,nan,1.002834661045111,nan
D Y m,3,-10.858606414211316,nan,-14.542862337726937,nan,-14.373906085639529,nan,1.1851862567247355,nan,1.1850361235073175,nan,1.0010040340653423,nan,1.0010216067662807,nan
J e g,3,-13.168248129482315,nan,-16.46498208364653,nan,-16.467465766099437,nan,1.118696301781499,nan,1.1186416738535616,nan,1.001161053454866,nan,1.0011720096250711,nan
f u v,3,-12.676406361685874,nan,-17.05113849416132,nan,-17.037491517243843,nan,1.1273874491284666,nan,1.1273237944468977,nan,1.0013883214521397,nan,1.0013856803889576,nan
v X n,3,-12.09277744291901,nan,-13.20204737433961,nan,-13.20338908845239,nan,1.105694930321428,nan,1.1056528006822193,nan,1.0015493666963629,nan,1.001537911706386,nan
g i C,3,-12.579251635943764,nan,-13.779223471571349,nan,-13.802496306318051,nan,1.1012096801604105,nan,1.1011821014851004,nan,1.0007746833481814,nan,1.0008042629040679,nan
C i D,3,-12.311778364636153,nan,-18.294947754862385,nan,-18.270411419193138,nan,1.0931322030612556,nan,1.0931132151588971,nan,1.003565626121522,nan,1.0034490716907403,nan
C Y z,3,-13.586143964511477,nan,-16.38406161479003,nan,-16.34733167080967,nan,1.0458519228262777,nan,1.0458976920874903,nan,1,1,1.0000706141017495,1.0
d c T,3,-12.27709753163396,nan,-15.643426530779621,nan,-15.602180336618412,nan,1.0662112061146678,nan,1.0662312158259628,nan,1.0015699147250865,nan,1.001563607213622,nan
y X v,3,-12.642737274988058,nan,-12.717901565460465,nan,-12.693393895794497,nan,1.1715156263637612,nan,1.1713944234646732,nan,1.027057566276801,nan,1.0258018167338494,nan
z i g,3,-10.888761956810924,nan,-18.33776517607483,nan,-18.282747058254365,nan,1.101308308966382,nan,1.101277144992708,nan,1.0025177208815896,nan,1.002454972709284,nan
S e g,3,-12.845559465031219,nan,-15.601803813177842,nan,-15.617194024186098,nan,1.1179566307589919,nan,1.1179029915221395,nan,1.0014464924957909,nan,1.0014434629181388,nan
C e D,3,-12.674197406012576,nan,-18.994583406420272,nan,-18.964440881991226,nan,1.1059412800227568,nan,1.1059049486347567,nan,1.0011049651311024,nan,1.0011179001942163,nan
n W T,3,-12.97189079637699,nan,-12.387285433209474,nan,-12.414984328202092,nan,1.058685948536654,nan,1.0587163336859742,nan,1.0079239876729573,nan,1.0076061937628622,nan
T x J,3,-14.0361682104838,nan,-17.39728324504146,nan,-17.39286226392489,nan,1.1454391425193533,nan,1.1453515202212188,nan,1.000038734167409,nan,1.0001072965418654,nan
T c g,3,-12.65777297854899,nan,-16.35844711040041,nan,-16.346086641360664,nan,1.0724240705195542,nan,1.0724321366990521,nan,1.0015463124090693,nan,1.0015351609279035,nan
n c G,3,-10.758629960657345,nan,-12.379403019603767,nan,-12.386574857367382,nan,1.0810598689012043,nan,1.08105948458133,nan,1.003153018166753,nan,1.0030666811195803,nan
s X n,3,-10.411297111854394,nan,-12.768841730978322,nan,-12.769155744126099,nan,1.1524703168875936,nan,1.1523656643073907,nan,1.00197752525775,nan,1.0019450916459876,nan
s X d,3,-10.959316484753565,nan,-13.284274160471032,nan,-13.28455819480143,nan,1.1351174098883294,nan,1.1350382614839523,nan,1.000815500235478,nan,1.0008446184425102,nan
J e D,3,-12.900774858174701,nan,-19.367842955680437,nan,-19.33007723018642,nan,1.1093226332685038,nan,1.1092817821498293,nan,1.0013547242919114,nan,1.0013554218256506,nan
b c T,3,-12.67920129203942,nan,-14.950396585156508,nan,-14.91168105903762,nan,1.0696982266493442,nan,1.0697135753883815,nan,1.001712634245549,nan,1.0016993338601559,nan
y x z,3,-10.087758202705169,nan,-10.59313393694141,nan,-10.60124226702744,nan,1.283863651195349,nan,1.2835894504593253,nan,1.0059613150964484,nan,1.0057289168969918,nan
y c T,3,-12.279037990803838,nan,-15.787779715848117,nan,-15.735618777464982,nan,1.1718432726146149,nan,1.1717220878228674,nan,1.0002140792806937,nan,1.0002742040715502,nan
k X n,3,-10.565585224168158,nan,-13.150435822267884,nan,-13.143182371686223,nan,1.153632657065819,nan,1.153526450828197,nan,1.0016564063367097,nan,1.0016397066912863,nan
D i C,3,-12.311778364636153,nan,-14.306879698196566,nan,-14.323023746123717,nan,1.1433004835840306,nan,1.1432166436779316,nan,1.0014169211902624,nan,1.0014150328134703,nan
D x S,3,-11.793398385986578,nan,-11.405160556811378,nan,-11.426861560723383,nan,1.2077261299236353,nan,1.2075550756470084,nan,1.008679373729972,nan,1.00832426021413,nan
C x J,3,-14.26458675693477,nan,-17.85449561554516,nan,-17.852725607445684,nan,1.139662664057869,nan,1.1395827629663031,nan,1.0001100939276404,nan,1.0001751598651323,nan
z u S,3,-12.821670650662373,nan,-21.134719200383138,nan,-20.97246402907394,nan,1.1178746167509286,nan,1.117824043487145,nan,1.0007328948934788,nan,1.0007648296854694,nan
n c d,3,-9.695794823081245,nan,-14.217562928374267,nan,-14.203734644663456,nan,1.1305234006825886,nan,1.1304503180758185,nan,1.0030755498319348,nan,1.0029933162393485,nan
y x J,3,-12.004825334000135,nan,-14.7716410865106,nan,-14.760859655653134,nan,1.2722046668052185,nan,1.2719476016873275,nan,1.0032499233778134,nan,1.0031611460888776,nan
p u S,3,-12.819865921784157,nan,-14.671589544931152,nan,-14.688956617704195,nan,1.1340064895275128,nan,1.1339343533819706,nan,1.001268093095213,nan,1.0012738046099714,nan
y X p,3,-11.743696825629872,nan,-10.123734291354728,nan,-10.132511125779581,nan,1.177984232321076,nan,1.1778535222850175,nan,1.0272899712812553,nan,1.026021911374545,nan
D Y v,3,-12.33487997849435,nan,-17.807037831276283,nan,-17.62721738476079,nan,1.1050065301879575,nan,1.1049742399258051,nan,1.000810363228297,nan,1.0008381945657012,nan
s X t,3,-10.097950397034161,nan,-12.66026984247009,nan,-12.660624909973457,nan,1.2158006806014257,nan,1.2156029491652518,nan,1.000892968570296,nan,1.000917983322742,nan
y c G,3,-11.308589792726394,nan,-12.729096395838546,nan,-12.725736222736852,nan,1.1759490943599764,nan,1.1758218750980558,nan,1.0008338259592389,nan,1.0008611231134048,nan
z i C,3,-12.76978839200041,nan,-18.571009199136142,nan,-18.53580694386917,nan,1.075356416802304,nan,1.0753633952344408,nan,1.0007746833481814,nan,1.0008042629040679,nan
S Y v,3,-14.387268472702477,nan,-17.528995810954328,nan,-17.479722147323937,nan,1.0409017082373393,nan,1.0409551045358862,nan,1.0007746833481814,nan,1.0008042629040679,nan
D i S,3,-12.215667152347184,nan,-14.502845562268838,nan,-14.512834514808798,nan,1.1431455469143943,nan,1.1430619347241509,nan,1.0010295795161717,nan,1.0010482084123111,nan
S c S,3,-14.574995535611503,nan,-16.130789769619724,nan,-16.131895576446674,nan,1.0431824454475953,nan,1.043233071915739,nan,1.000542278343727,nan,1.0005841682633723,nan
f X t,3,-11.434073465006207,nan,-13.821559924969092,nan,-13.817566902483467,nan,1.1748017724967446,nan,1.1746588427949962,nan,1.0007502490498337,nan,1.0007822566762081,nan
g i S,3,-12.483140423654795,nan,-13.975189335643623,nan,-13.992307075003133,nan,1.1010547434907743,nan,1.1010273925313196,nan,1.0003873416740907,nan,1.0004374385029087,nan
C u v,3,-13.815017583431313,nan,-16.835484695648226,nan,-16.84146812409084,nan,1.1218223052448415,nan,1.1217660892866739,nan,1.0014596812123708,nan,1.0014535437122245,nan
t X t,3,-9.449616716927729,nan,-12.263967817274386,nan,-12.271095042994453,nan,1.1876931817461545,nan,1.1875330205712105,nan,1.001784965573186,nan,1.0017662748635787,nan
S X z,3,-13.909151765153755,nan,-13.014038930023967,nan,-13.035962159943665,nan,1.0492072026518293,nan,1.0492484746625537,nan,1,1,1.0000706141017495,1.0
S x J,3,-14.1684755446458,nan,-17.319143160014725,nan,-17.32258285640703,nan,1.1423043462811087,nan,1.1422209141499535,nan,1.0002884933282183,nan,1.0003448181732995,nan
S u T,3,-14.283741783344244,nan,-14.670755656946561,nan,-14.704863481663619,nan,1.1204743682249467,nan,1.1204204849104713,nan,1.0010427682327514,nan,1.0010582892063966,nan
s X l,3,-10.921965459640035,nan,-13.324165815099573,nan,-13.324716589013976,nan,1.117532097884611,nan,1.1174787952298428,nan,1.000892968570296,nan,1.000917983322742,nan
g u v,3,-11.93399114824183,nan,-19.180512741398445,nan,-18.899241504627085,nan,1.1464780059950792,nan,1.146388833667412,nan,1.0013169616919084,nan,1.0013178170656907,nan
w u v,3,-11.728257150823133,nan,-15.460427496658752,nan,-15.440098488405187,nan,1.2288632689305163,nan,1.228663975248192,nan,1.00260143737607,nan,1.0025393568844956,nan
C Y b,3,-13.417035521945262,nan,-17.86940259980028,nan,-17.83416197965202,nan,1.0500739470738665,nan,1.0501135110780142,nan,1.0034473408994073,nan,1.003335351272066,nan
z u b,3,-11.05818374125229,nan,-22.193900201752122,nan,-22.00798626032625,nan,1.1324386636967394,nan,1.1323666851425307,nan,1.0023597299246598,nan,1.0023054921703378,nan
J Y z,3,-13.812721416673602,nan,-18.05595458661166,nan,-17.398997731795944,nan,1.0492332760720244,nan,1.0492745256025628,nan,1,1,1.0000706141017495,1.0
D x d,3,-9.627807716171034,nan,-9.932464848053545,nan,-9.940013791058977,nan,1.2600559900932908,nan,1.2598080247864398,nan,1.009260386241108,nan,1.008874496815869,nan
f u S,3,-13.373549108049772,nan,-16.310815003536185,nan,-16.313557378249527,nan,1.1246373232424225,nan,1.1245777105172903,nan,1.0007685747735946,nan,1.000798761347103,nan
S c T,3,-14.442688201449503,nan,-18.2016236299151,nan,-18.140090520713375,nan,1.041942952090505,nan,1.0419954002854934,nan,1,1,1.0000706141017495,1.0
l W T,3,-13.482559144162629,nan,-13.445949266190368,nan,-13.466138541622781,nan,1.0616094101970392,nan,1.0616358876625474,nan,1.000038734167409,nan,1.0001072965418654,nan
D Y b,3,-11.268535815448166,nan,-17.730102086238944,nan,-17.549327776072662,nan,1.1168204512477242,nan,1.1167707976515835,nan,1.003483020779523,nan,1.0033692829336993,nan
S Y b,3,-13.320924309656291,nan,-17.45206006591699,nan,-17.40183253863581,nan,1.052715629297106,nan,1.0527516622616646,nan,1.0034473408994073,nan,1.003335351272066,nan
z i D,3,-10.621288685503313,nan,-20.8033632160701,nan,-20.716007929243826,nan,1.0919346404533867,nan,1.0919172532889756,nan,1.0031374675601348,nan,1.0030418917511388,nan
s X m,3,-10.951490843922175,nan,-13.564425141277882,nan,-13.56038080270794,nan,1.165717402141496,nan,1.1655932798556405,nan,1.0005443610636144,nan,1.0005878413616986,nan
h x s,3,-9.687337649373145,nan,-9.285221858822634,nan,-9.294631515407662,nan,1.289236670006843,nan,1.2889491587424204,nan,1.0304946331618463,nan,1.029053706150548,nan
T X z,3,-13.776844430991755,nan,-13.23642862389525,nan,-13.244827730747671,nan,1.052341998890074,nan,1.052379080733819,nan,1.0001070396403469,nan,1.0001724090866497,nan
y x S,3,-11.682136669549038,nan,-12.985297885660938,nan,-13.004047028563885,nan,1.273521628497127,nan,1.2732626277944634,nan,1.0033273917126315,nan,1.0032345109691094,nan
g c T,3,-12.65777297854899,nan,-14.787923749357827,nan,-14.749565134395791,nan,1.0639569706175032,nan,1.063979993482581,nan,1.003782067292254,nan,1.0036673702348973,nan
n W d,3,-10.938607460723444,nan,-12.912851454365267,nan,-12.914110119107832,nan,1.1122553020633998,nan,1.1122069544556512,nan,1.008814873523366,nan,1.0084498898855283,nan
S u v,3,-13.718906371142342,nan,-15.90331119219027,nan,-15.918932346511372,nan,1.124463987468081,nan,1.1244042404703243,nan,1.001352641572024,nan,1.001351748727324,nan
k X m,3,-11.10577895623594,nan,-13.946019232567446,nan,-13.934407430268063,nan,1.1668797423197215,nan,1.1667540663764469,nan,1.000223242142574,nan,1.0002824564069974,nan
D x g,3,-10.008483163086066,nan,-10.957497243035643,nan,-10.96228170085674,nan,1.2338329587573496,nan,1.2336235343590563,nan,1.0095315254129715,nan,1.0091312738966802,nan
y c S,3,-12.411345324965838,nan,-13.71694585555274,nan,-13.72742383319828,nan,1.1730827659717051,nan,1.172959759453113,nan,1.0007563576244207,nan,1.000787758233173,nan
C X z,3,-14.005262977442726,nan,-14.58157650051798,nan,-14.578738347274989,nan,1.0465655204285897,nan,1.0466103234789033,nan,1,1,1.0000706141017495,1.0
D i T,3,-12.083359818185183,nan,-14.063743024710384,nan,-14.076614170642236,nan,1.141906053557304,nan,1.1418242630939053,nan,1.0009133770139444,nan,1.0009381610919634,nan
s X z,3,-11.530528687725239,nan,-12.705200734002895,nan,-12.70722703715846,nan,1.093129572416896,nan,1.0931121350093826,nan,1.0004281585613872,nan,1.000477794041351,nan
S e D,3,-12.578086193723607,nan,-18.50466468521175,nan,-18.47980548827308,nan,1.1085829622459966,nan,1.1085430998184072,nan,1.0016401633328362,nan,1.0016268751187183,nan
d Y z,3,-11.324442082406962,nan,-13.616676014599982,nan,-13.610156892282763,nan,1.07276185907368,nan,1.07277165881161,nan,1.0009276768830058,nan,1.0009528373042196,nan
b A p,3,-11.269798377784262,nan,-10.949725539308396,nan,-10.961630250433403,nan,1.0994592669923344,nan,1.099433108906295,nan,1.0017044429510746,nan,1.0016901592048646,nan
b i l,3,-10.30162704221615,nan,-11.319566300630413,nan,-11.327820502765942,nan,1.1415405476885525,nan,1.141454457322442,nan,1.0059285499185509,nan,1.0056922182758259,nan
b i s,3,-10.125945659716708,nan,-11.111853394221928,nan,-11.119904850411258,nan,1.1631929472702236,nan,1.163075033613295,nan,1.002713614023598,nan,1.0026475757462048,nan
b X s,3,-11.361420245159024,nan,-12.424897792255454,nan,-12.431968367986924,nan,1.1230174022600548,nan,1.1229538862767547,nan,1.0011345364366309,nan,1.001146330298885,nan
b Y s,3,-10.942301232227775,nan,-11.086869225573189,nan,-11.097216132991834,nan,1.1223038046577427,nan,1.1222412548853418,nan,1.0049389553073451,nan,1.0047614195615657,nan
b x l,3,-9.879358275855546,nan,-10.33569927112779,nan,-10.344844931046408,nan,1.2061211306977935,nan,1.2059475982452996,nan,1.0071787360452291,nan,1.0068954573271975,nan
C A l,3,-12.52263800027633,nan,-16.2230950229714,nan,-16.206897206819434,nan,1.0945881265328339,nan,1.0945650827551268,nan,1.0005718496492557,nan,1.0006125983680407,nan
C i D,3,-12.311778364636153,nan,-18.294947754862385,nan,-18.270411419193138,nan,1.0931322030612556,nan,1.0931132151588971,nan,1.003565626121522,nan,1.0034490716907403,nan
C i n,3,-11.650556816129564,nan,-14.034166545506338,nan,-14.044479452303372,nan,1.1460818099094563,nan,1.1459850001134515,nan,1.0018613227555229,nan,1.0018350443256399,nan
C X J,3,-15.922330108737691,nan,-18.23209022269881,nan,-18.16699395066596,nan,1.0349065360384593,nan,1.0349684747069055,nan,1.000038734167409,nan,1.0001072965418654,nan
C X g,3,-13.814726221386081,nan,-18.582620198810258,nan,-18.54114315588917,nan,1.062330326564082,nan,1.0623519595260893,nan,1.0001549366696363,nan,1.000217343862213,nan
C X T,3,-15.467334110124597,nan,-18.016928558976662,nan,-17.9422935925213,nan,1.0349840043732774,nan,1.0350458291837958,nan,1,1,1.0000706141017495,1.0
C x J,3,-14.26458675693477,nan,-17.85449561554516,nan,-17.852725607445684,nan,1.139662664057869,nan,1.1395827629663031,nan,1.0001100939276404,nan,1.0001751598651323,nan
C x n,3,-11.22828804976896,nan,-12.307738541235985,nan,-12.322285397901465,nan,1.2106623929186973,nan,1.210478141036309,nan,1.0137832550230426,nan,1.0131240612260508,nan
C x S,3,-13.941898092483676,nan,-16.0681524146955,nan,-16.095912980356438,nan,1.1409796257497775,nan,1.140897789073439,nan,1.0001875622624585,nan,1.000248524745364,nan
C x C,3,-14.038009304772645,nan,-15.62867569648458,nan,-15.662641831617995,nan,1.1411345624194138,nan,1.1410524980272199,nan,1.000497435601731,nan,1.0005419842662915,nan
d i k,3,-9.878130011625014,nan,-12.233783056827342,nan,-12.239508719618483,nan,1.1542056749634588,nan,1.1541005061916614,nan,1.005288255211282,nan,1.0050796037267353,nan
d i s,3,-9.723841899311248,nan,-12.18614654384736,nan,-12.191280163252962,nan,1.1597059267355472,nan,1.1595926740508762,nan,1.0011436992985114,nan,1.0011545826343322,nan
d i t,3,-9.075508219204817,nan,-11.039827301078375,nan,-11.045378928387667,nan,1.2363221098706907,nan,1.2360962516954324,nan,1.0013761043029659,nan,1.0013746772750278,nan
d E p,3,-11.268978068477736,nan,-15.89628269521619,nan,-15.863906764675292,nan,1.106319411691183,nan,1.1062839045193618,nan,1.0012751732372058,nan,1.0012783838470922,nan
d X s,3,-10.959316484753565,nan,-12.656723548546914,nan,-12.663127151388672,nan,1.1195303817253783,nan,1.119471526714336,nan,1.0010274967962842,nan,1.0010445353139845,nan
D i D,3,-10.163278658139056,nan,-16.539233715130525,nan,-16.503224731498378,nan,1.1598787072351133,nan,1.1597705017324664,nan,1.0037797054022157,nan,1.0036526616605412,nan
D i g,3,-10.430751929446668,nan,-14.073635675135256,nan,-14.069963860508917,nan,1.1692523757481086,nan,1.1691303934361987,nan,1.0031599587236706,nan,1.0030657426186864,nan
D i C,3,-12.311778364636153,nan,-14.306879698196566,nan,-14.323023746123717,nan,1.1433004835840306,nan,1.1432166436779316,nan,1.0014169211902624,nan,1.0014150328134703,nan
d I J,3,-12.302305818200619,nan,-15.00159308518218,nan,-14.994524970174139,nan,1.066990054902624,nan,1.0670090190187678,nan,1.0050308630963,nan,1.0048549783920686,nan
d I D,3,-9.927228659541395,nan,-15.232480363161269,nan,-15.20400500819541,nan,1.0850401769152516,nan,1.0850326121342193,nan,1.0057280781096634,nan,1.0055152623141552,nan
d Y p,3,-11.322637353528744,nan,-12.718316863166354,nan,-12.7249234360011,nan,1.071638568218817,nan,1.0716500188967,nan,1.0022446385749142,nan,1.0022000402681608,nan
d Y t,3,-9.891863791715885,nan,-11.508005930672187,nan,-11.51360728946289,nan,1.1954329672582098,nan,1.1952624729674792,nan,1.0045299544520494,nan,1.004364304235,nan
d I T,3,-11.847309819587522,nan,-14.006272863910453,nan,-14.013498529847997,nan,1.0670675232374423,nan,1.0670863734956582,nan,1.0050308630963,nan,1.0048549783920686,nan
d I Z,3,-16.701681091209114,nan,-inf,nan,-19.4777725561132,nan,1.0643173973513982,nan,1.0643402895660508,nan,1.0050308630963,nan,1.0048549783920686,nan
f i k,3,-11.001220671984088,nan,-13.299941693018912,nan,-13.30782712599528,nan,1.1328608825996815,nan,1.1327842446277654,nan,1.00546665461186,nan,1.0052492620349027,nan
f i s,3,-10.846932559670321,nan,-13.252305180038931,nan,-13.259598569629759,nan,1.13836113437177,nan,1.1382764124869802,nan,1.0013220986990894,nan,1.0013242409424996,nan
f X s,3,-12.082407145112638,nan,-14.437198723247047,nan,-14.432400019871917,nan,1.098185589361601,nan,1.09815526515044,nan,1.0010988565565153,nan,1.0011123986372514,nan
f X t,3,-11.434073465006207,nan,-13.821559924969092,nan,-13.817566902483467,nan,1.1748017724967446,nan,1.1746588427949962,nan,1.0007502490498337,nan,1.0007822566762081,nan
f Y k,3,-11.817576244495156,nan,-12.610046000189918,nan,-12.620157101357865,nan,1.0919717399872007,nan,1.0919504658998123,nan,1.002435255124666,nan,1.002380701690258,nan
f x l,3,-10.60034517580916,nan,-12.068193929791349,nan,-12.07782276025509,nan,1.1812893177993398,nan,1.181148977118985,nan,1.0010061167852298,nan,1.0010252798646073,nan
g e s,3,-10.466936387602702,nan,-13.823198609998322,nan,-13.813607374297408,nan,1.170260768199884,nan,1.170133185183354,nan,1.0013556958593175,nan,1.0013544995058066,nan
g W d,3,-11.867302280537645,nan,-17.80834675115479,nan,-17.409411335099975,nan,1.0992582255250603,nan,1.0992272506320908,nan,1.0009296200178177,nan,1.0009509926645315,nan
g W r,3,-11.583223263078096,nan,-20.92211629077269,nan,-20.13368313429164,nan,1.1558101099423048,nan,1.1556960187620464,nan,1.000038734167409,nan,1.0001072965418654,nan
g W z,3,-12.43851448350932,nan,-16.97333995054945,nan,-16.578180655103996,nan,1.0572703880536267,nan,1.0573011241575212,nan,1.000503544176318,nan,1.0005474858232564,nan
g i C,3,-12.579251635943764,nan,-13.779223471571349,nan,-13.802496306318051,nan,1.1012096801604105,nan,1.1011821014851004,nan,1.0007746833481814,nan,1.0008042629040679,nan
g i J,3,-12.80582908810589,nan,-14.927822291945137,nan,-14.938991474851589,nan,1.0997377817988658,nan,1.0997123664241837,nan,1.0002711391718635,nan,1.000327391182561,nan
g i D,3,-10.430751929446668,nan,-16.01157748850531,nan,-15.98269729169271,nan,1.1177879038114933,nan,1.1177359595396352,nan,1.0031374675601348,nan,1.0030418917511388,nan
g X g,3,-11.933699786196598,nan,-15.814495181261437,nan,-15.78635115609125,nan,1.0869860273143197,nan,1.0869747039068274,nan,1.0001549366696363,nan,1.000217343862213,nan
g u v,3,-11.93399114824183,nan,-19.180512741398445,nan,-18.899241504627085,nan,1.1464780059950792,nan,1.146388833667412,nan,1.0013169616919084,nan,1.0013178170656907,nan
h e s,3,-10.472025457110174,nan,-10.814298287824442,nan,-10.821989618421384,nan,1.2374651639591034,nan,1.2372477512954225,nan,1.0069217571573514,nan,1.006647838720628,nan
h e n,3,-10.137038491823976,nan,-11.06592929876716,nan,-11.071391898450484,nan,1.250750983380415,nan,1.2505140440821176,nan,1.0066118838180789,nan,1.0063543791997005,nan
h i n,3,-9.77461945044755,nan,-8.84140377745279,nan,-8.850616225886457,nan,1.2379419064189134,nan,1.237722310606258,nan,1.0347938521022242,nan,1.0331539680133328,nan
h Y s,3,-10.925961988244817,nan,-10.469469868510117,nan,-10.479408439373575,nan,1.183766944385121,nan,1.1836222390916098,nan,1.0091491811609863,nan,1.008765355634315,nan
h x s,3,-9.687337649373145,nan,-9.285221858822634,nan,-9.294631515407662,nan,1.289236670006843,nan,1.2889491587424204,nan,1.0304946331618463,nan,1.029053706150548,nan
J X T,3,-15.693911562286722,nan,-inf,nan,-20.157110463313256,nan,1.0383653576190242,nan,1.0384226626988684,nan,1,1,1.0000706141017495,1.0
J x n,3,-11.454865501931085,nan,-9.822409099883078,nan,-9.86476543916149,nan,1.214043746164444,nan,1.2138549745513816,nan,1.0171728436340248,nan,1.0163475690812305,nan
k e d,3,-10.240549053001438,nan,-11.089739473295282,nan,-11.096209382342415,nan,1.189264372038225,nan,1.1891119288171583,nan,1.003072355959566,nan,1.0029850477228515,nan
k X m,3,-11.10577895623594,nan,-13.946019232567446,nan,-13.934407430268063,nan,1.1668797423197215,nan,1.1667540663764469,nan,1.000223242142574,nan,1.0002824564069974,nan
l e l,3,-10.224591298073584,nan,-12.082035765039599,nan,-12.08780962701376,nan,1.1645289068169375,nan,1.1644118666926349,nan,1.0019347652356416,nan,1.0019065807472334,nan
m A b,3,-10.692565262859416,nan,-15.85936479684965,nan,-15.847970887109252,nan,1.0998029970854524,nan,1.0997756682373505,nan,1.0034802456623804,nan,1.0033775676312466,nan
m e p,3,-10.860875181562712,nan,-13.195730005414102,nan,-13.199905473561797,nan,1.1238222233181419,nan,1.123762991088553,nan,1.0028502249694733,nan,1.002777800835774,nan
m A v,3,-11.7589094259056,nan,-12.737662073770657,nan,-12.749244480219062,nan,1.0879890760256856,nan,1.0879791105115721,nan,1.003325308992744,nan,1.0032308378707828,nan
m A z,3,-10.86167370542563,nan,-12.491526345821061,nan,-12.496355974023954,nan,1.0955809728378636,nan,1.0955598492468266,nan,1.0028604989838352,nan,1.0027906485893918,nan
m X n,3,-10.616503878635976,nan,-14.430821070040261,nan,-14.40300800706328,nan,1.1313016366720323,nan,1.1312252794890714,nan,1.0015493666963629,nan,1.001537911706386,nan
m X s,3,-10.951490843922175,nan,-14.937887979809982,nan,-14.909310290299086,nan,1.1180158172507209,nan,1.1179589867023763,nan,1.0008134175155905,nan,1.0008409453441838,nan
m Y d,3,-10.745404238603898,nan,-11.294104293941466,nan,-11.303910466171924,nan,1.113235132070456,nan,1.11318524527422,nan,1.0041315067812662,nan,1.0039910721380816,nan
m x b,3,-9.908883660137686,nan,-13.874675089767488,nan,-13.871457719221269,nan,1.1809390444683332,nan,1.1808018574409849,nan,1.0025106407395967,nan,1.0024503934721631,nan
n e s,3,-9.538241567788502,nan,-13.301831705858444,nan,-13.302003621736432,nan,1.1832578447382236,nan,1.1831128890069145,nan,1.001855214180936,nan,1.001829542768675,nan
n e n,3,-9.203254602502303,nan,-13.553462716801157,nan,-13.551405901765532,nan,1.196543664159535,nan,1.1963791817936096,nan,1.0015453408416635,nan,1.0015360832477476,nan
n c d,3,-9.695794823081245,nan,-14.217562928374267,nan,-14.203734644663456,nan,1.1305234006825886,nan,1.1304503180758185,nan,1.0030755498319348,nan,1.0029933162393485,nan
n W d,3,-10.938607460723444,nan,-12.912851454365267,nan,-12.914110119107832,nan,1.1122553020633998,nan,1.1122069544556512,nan,1.008814873523366,nan,1.0084498898855283,nan
n c G,3,-10.758629960657345,nan,-12.379403019603767,nan,-12.386574857367382,nan,1.0810598689012043,nan,1.08105948458133,nan,1.003153018166753,nan,1.0030666811195803,nan
n i n,3,-8.840835561125878,nan,-11.746652939633675,nan,-11.750710138907118,nan,1.1837345871980336,nan,1.18358744831775,nan,1.0017186032350605,nan,1.001699317679106,nan
p e k,3,-10.809956527094895,nan,-13.032186238945524,nan,-13.03518554286182,nan,1.155039125846273,nan,1.1549326209683053,nan,1.004835662351547,nan,1.004650417559274,nan
p e m,3,-10.860875181562712,nan,-13.19241860520718,nan,-13.194637385447592,nan,1.1870722822935753,nan,1.186918697162465,nan,1.0022404731351393,nan,1.0021926940715078,nan
p e p,3,-11.43810829648756,nan,-13.769837018323042,nan,-13.772034475677227,nan,1.1133611617141121,nan,1.113315912401297,nan,1.0009235114432309,nan,1.0009454911075666,nan
p i m,3,-10.498456140186287,nan,-12.590573077115963,nan,-12.596594940012324,nan,1.174263205332074,nan,1.1741269636866054,nan,1.0048065098012446,nan,1.00463854066865,nan
p X b,3,-12.143860126865453,nan,-15.39216080954143,nan,-15.387553469419053,nan,1.065721854844894,nan,1.0657404904943313,nan,1.0003333360702142,nan,1.0003870021703802,nan
p X d,3,-11.741756366459994,nan,-12.711465238122901,nan,-12.720420339756803,nan,1.1034876680687387,nan,1.103450797978377,nan,1.0005657410746687,nan,1.0006070968110758,nan
p X v,3,-13.210204289911637,nan,-15.587015247835577,nan,-15.560225599821699,nan,1.0539079337851271,nan,1.053943932768553,nan,1.0003333360702142,nan,1.0003870021703802,nan
r e m,3,-10.007388690009707,nan,-13.906681729865932,nan,-13.907699503480291,nan,1.1784427870309924,nan,1.1783007366292069,nan,1.0023118328953704,nan,1.0022605573947747,nan
r i g,3,-10.033470736379702,nan,-14.227199715776154,nan,-14.226779110624161,nan,1.108810686480383,nan,1.1087694943542754,nan,1.0031242788435548,nan,1.0030318109570528,nan
r i s,3,-9.4397628818517,nan,-12.941481538869109,nan,-12.943595191628186,nan,1.139100805394277,nan,1.1390150948184024,nan,1.001536177979783,nan,1.0015278309123004,nan
r i t,3,-8.791429201745268,nan,-11.795162296100127,nan,-11.797693956762892,nan,1.2157169885294206,nan,1.2155186724629585,nan,1.0017685829842373,nan,1.001747925552996,nan
r i z,3,-10.224007492436346,nan,-11.43306880574599,nan,-11.4403138815076,nan,1.0930458803448908,nan,1.0930278583070894,nan,1.0066490880777803,nan,1.0063699130076014,nan
r E p,3,-10.98489905101819,nan,-14.872894319301988,nan,-14.863180679976281,nan,1.0857142903499128,nan,1.085706325286888,nan,1.0039868441259916,nan,1.003857190131236,nan
r I D,3,-9.643149642081848,nan,-16.994941801284245,nan,-16.96210641286202,nan,1.0644350555739814,nan,1.0644550329017455,nan,1.000911294294057,nan,1.0009344879936368,nan
r I S,3,-11.695538136289976,nan,-14.231294686922068,nan,-14.25402790669638,nan,1.0477018952532624,nan,1.04774646589343,nan,1.0006401551221935,nan,1.0006777109128253,nan
r I T,3,-11.563230802127975,nan,-15.76873430203343,nan,-15.77159993451461,nan,1.0464624018961721,nan,1.0465087942631843,nan,1.0002140792806937,nan,1.0002742040715502,nan
r I Z,3,-16.417602073749563,nan,-inf,nan,-21.235873960779816,nan,1.043712276010128,nan,1.043762710333577,nan,1.0002140792806937,nan,1.0002742040715502,nan
r I z,3,-10.101159669446105,nan,-11.605492114570927,nan,-11.612248968499513,nan,1.0580439179514844,nan,1.0580732885582917,nan,1.000911294294057,nan,1.0009344879936368,nan
r x l,3,-9.193175497990538,nan,-13.000563806100747,nan,-13.002508297123063,nan,1.182028988821847,nan,1.181887659450407,nan,1.0015056351068483,nan,1.001500323127476,nan
s i g,3,-10.104517346226277,nan,-12.423459703058027,nan,-12.426805801034341,nan,1.149069923562557,nan,1.1489749183931088,nan,1.0114376909104903,nan,1.0109378881176514,nan
s i v,3,-11.192289822762891,nan,-13.035013832709499,nan,-13.041501076655212,nan,1.1257132206148868,nan,1.1256525436106684,nan,1.0095397167074458,nan,1.0091404485519715,nan
s X d,3,-10.959316484753565,nan,-13.284274160471032,nan,-13.28455819480143,nan,1.1351174098883294,nan,1.1350382614839523,nan,1.000815500235478,nan,1.0008446184425102,nan
s X g,3,-11.339991931668596,nan,-16.706244432295172,nan,-16.669631845772642,nan,1.1088943785523881,nan,1.1088537710565687,nan,1.0005830952310235,nan,1.0006245238018145,nan
s X k,3,-10.900572189454358,nan,-13.864703817465205,nan,-13.861635687756548,nan,1.1336842456941938,nan,1.1336072036614808,nan,1.000892968570296,nan,1.000917983322742,nan
s X m,3,-10.951490843922175,nan,-13.564425141277882,nan,-13.56038080270794,nan,1.165717402141496,nan,1.1655932798556405,nan,1.0005443610636144,nan,1.0005878413616986,nan
S x J,3,-14.1684755446458,nan,-17.319143160014725,nan,-17.32258285640703,nan,1.1423043462811087,nan,1.1422209141499535,nan,1.0002884933282183,nan,1.0003448181732995,nan
S x C,3,-13.941898092483674,nan,-15.093323240954144,nan,-15.132499080579342,nan,1.1437762446426534,nan,1.1436906492108703,nan,1.000675835002309,nan,1.0007116425744587,nan
s Y b,3,-10.942301232227775,nan,-14.914471686659141,nan,-14.908490143438215,nan,1.0966379990621726,nan,1.0966153226084936,nan,1.0034473408994073,nan,1.003335351272066,nan
s Y v,3,-12.008645395273959,nan,-14.991407431696478,nan,-14.986379752126346,nan,1.0848240780024059,nan,1.0848187648827152,nan,1.0007746833481814,nan,1.0008042629040679,nan
s x J,3,-11.789852467217283,nan,-15.137289000268478,nan,-15.12707490512524,nan,1.1862267160461752,nan,1.1860845744967825,nan,1.0022508867345765,nan,1.0022110595631404,nan
s x g,3,-9.682248579865675,nan,-12.90328248564308,nan,-12.905682418169349,nan,1.213650506571798,nan,1.2134680593159664,nan,1.0031805067523942,nan,1.0030914381259224,nan
s x S,3,-11.467163802766187,nan,-13.350945799418815,nan,-13.370262278035993,nan,1.1875436777380837,nan,1.1873996006039185,nan,1.0023283550693947,nan,1.0022844244433722,nan
t e s,3,-9.224894852968268,nan,-12.588451462947205,nan,-12.592845360799,nan,1.164061620582681,nan,1.163942323739054,nan,1.0032467295054444,nan,1.0031528775723804,nan
t E m,3,-9.830378865833485,nan,-13.10336580036134,nan,-13.108037768243502,nan,1.1715771491562788,nan,1.171444605492848,nan,1.0047899876272204,nan,1.004614673620052,nan
t X t,3,-9.449616716927729,nan,-12.263967817274386,nan,-12.271095042994453,nan,1.1876931817461545,nan,1.1875330205712105,nan,1.001784965573186,nan,1.0017662748635787,nan
T i n,3,-11.422138269678593,nan,-15.141135495848618,nan,-15.052975422956772,nan,1.1518582883709405,nan,1.1517537573683672,nan,1.0014331641941356,nan,1.0014278643860384,nan
T X T,3,-15.238915563673626,nan,-16.671780682353933,nan,-16.608382975993983,nan,1.0407604828347616,nan,1.0408145864387115,nan,1.0001070396403469,nan,1.0001724090866497,nan
T x J,3,-14.0361682104838,nan,-17.39728324504146,nan,-17.39286226392489,nan,1.1454391425193533,nan,1.1453515202212188,nan,1.000038734167409,nan,1.0001072965418654,nan
T x S,3,-13.713479546032705,nan,-15.610940044191798,nan,-15.636049636835645,nan,1.1467561042112617,nan,1.1466665463283547,nan,1.0001162025022272,nan,1.0001806614220972,nan
T x C,3,-13.809590758321674,nan,-15.171463325980879,nan,-15.2027784880972,nan,1.146911040880898,nan,1.1468212552821355,nan,1.0004260758414998,nan,1.0004741209430246,nan
t Y s,3,-9.678831384102912,nan,-13.162254628407958,nan,-13.166915777899186,nan,1.110363401008699,nan,1.1103168115352413,nan,1.0062234309915068,nan,1.0059829593803706,nan
t x l,3,-8.615888427730683,nan,-11.39486329666876,nan,-11.399725122713484,nan,1.1941807270487497,nan,1.1940231548951992,nan,1.0013272357062704,nan,1.0013306648193085,nan
v e t,3,-10.906375184032886,nan,-15.232101003749028,nan,-15.217360138494683,nan,1.2220099160069302,nan,1.22180296635248,nan,1.0020916450400899,nan,1.002051465868009,nan
v i n,3,-10.857302857476693,nan,-15.503408064436327,nan,-15.481824887441162,nan,1.145870475331597,nan,1.1457739480187594,nan,1.0014331641941356,nan,1.0014278643860384,nan
v X n,3,-12.09277744291901,nan,-13.20204737433961,nan,-13.20338908845239,nan,1.105694930321428,nan,1.1056528006822193,nan,1.0015493666963629,nan,1.001537911706386,nan
v e D,3,-11.880943447359707,nan,-20.603586867725422,nan,-20.543564777503487,nan,1.1057299454448974,nan,1.1056938965400647,nan,1.0008908858504086,nan,1.0009143102244156,nan
v Y k,3,-12.162933507587725,nan,-17.714980504050047,nan,-17.432141439805108,nan,1.0861952615257162,nan,1.0861817086448964,nan,1.0015075782416603,nan,1.0014984784877876,nan
v Y r,3,-11.937598785427383,nan,-18.96738654121171,nan,-18.676778809886727,nan,1.1441803101370964,nan,1.1440815345973234,nan,1.001352641572024,nan,1.001351748727324,nan
v Y t,3,-11.360311715167528,nan,-17.037074502105767,nan,-16.753263862599304,nan,1.168311696432948,nan,1.1681774541486674,nan,1.0036379574491592,nan,1.0035160126941631,nan
w e s,3,-10.261202390184005,nan,-9.566145948752723,nan,-9.575338325140125,nan,1.252646031135321,nan,1.2524083267641342,nan,1.0207298707620898,nan,1.0197793917727809,nan
w x J,3,-12.177826324326588,nan,-12.659927309345758,nan,-12.652573012908139,nan,1.246703627743544,nan,1.2464806489278213,nan,1.0476356942416232,nan,1.0453721331609145,nan
w x S,3,-11.855137659875492,nan,-10.873584108496095,nan,-10.89576038581889,nan,1.2480205894354524,nan,1.2477956750349573,nan,1.0477131625764413,nan,1.0454454980411463,nan
w x C,3,-11.951248872164463,nan,-10.434107390285176,nan,-10.462489237080446,nan,1.2481755261050886,nan,1.247950383988738,nan,1.0480230359157139,nan,1.0457389575620737,nan
y c d,3,-10.245754655150295,nan,-14.567256304609046,nan,-14.542896010032926,nan,1.2254126261413607,nan,1.2252127085925444,nan,1.0007563576244207,nan,1.000787758233173,nan
y c g,3,-10.626430102065324,nan,-14.55696128369506,nan,-14.54613353248616,nan,1.1991895948054194,nan,1.1990282181651608,nan,1.0017247118096475,nan,1.001704819236071,nan
y c G,3,-11.308589792726394,nan,-12.729096395838546,nan,-12.725736222736852,nan,1.1759490943599764,nan,1.1758218750980558,nan,1.0008338259592389,nan,1.0008611231134048,nan
y X C,3,-13.435991233640928,nan,-12.471763231978786,nan,-12.443715919025909,nan,1.1689204371473534,nan,1.1688030484888465,nan,1.0269026296071646,nan,1.0256550869733858,nan
y X g,3,-11.554964798451444,nan,-13.264321827571933,nan,-13.238662286700812,nan,1.1948723293114314,nan,1.1947167982471136,nan,1.027057566276801,nan,1.0258018167338494,nan
y X T,3,-13.207572687189959,nan,-12.698630187738338,nan,-12.639812723332941,nan,1.1675260071206268,nan,1.1674106679048202,nan,1.0269026296071646,nan,1.0256550869733858,nan
y X v,3,-12.642737274988058,nan,-12.717901565460465,nan,-12.693393895794497,nan,1.1715156263637612,nan,1.1713944234646732,nan,1.027057566276801,nan,1.0258018167338494,nan
y x J,3,-12.004825334000135,nan,-14.7716410865106,nan,-14.760859655653134,nan,1.2722046668052185,nan,1.2719476016873275,nan,1.0032499233778134,nan,1.0031611460888776,nan
y x S,3,-11.682136669549038,nan,-12.985297885660938,nan,-13.004047028563885,nan,1.273521628497127,nan,1.2732626277944634,nan,1.0033273917126315,nan,1.0032345109691094,nan
y x C,3,-11.77824788183801,nan,-12.54582116745002,nan,-12.570775879825439,nan,1.2736765651667632,nan,1.2734173367482442,nan,1.003637265051904,nan,1.0035279704900368,nan
b O n,3,-13.025131934687028,nan,-12.394226584216781,nan,-12.385865967135288,nan,1.1069386803462251,nan,1.1068953973068134,nan,1.0008563171227745,nan,1.0008849739809527,nan
b O r,3,-13.28907229012665,nan,-inf,nan,-14.887163100503217,nan,1.1461376577642055,nan,1.1460367626133305,nan,1.0008563171227745,nan,1.0008849739809527,nan
b O s,3,-13.360118899973227,nan,-13.26448311894643,nan,-13.189559136949836,nan,1.0936528609249137,nan,1.0936291045201183,nan,1.0008950512901835,nan,1.0009216564210686,nan
b U n,3,-10.919600896684944,nan,-inf,nan,-16.960556269679994,nan,1.1399425694531578,nan,1.139854599159655,nan,1.0003567988011561,nan,1.000409930718084,nan
b u r,3,-10.202892520821067,nan,-11.047542850080905,nan,-11.055676677755814,nan,1.2583508807277763,nan,1.258098048912992,nan,1.0168967070400556,nan,1.016089885861625,nan
b U s,3,-11.254587861971142,nan,-inf,nan,-17.22525293876185,nan,1.1266567500318463,nan,1.1265883063729598,nan,1.0003567988011561,nan,1.000409930718084,nan
b W r,3,-11.604651576568529,nan,-16.188161263675102,nan,-15.800105592667283,nan,1.1615513659741459,nan,1.1614296006678468,nan,1.0008236915299524,nan,1.0008537930978016,nan
C e D,3,-12.674197406012576,nan,-18.994583406420272,nan,-18.964440881991226,nan,1.1059412800227568,nan,1.1059049486347567,nan,1.0011049651311024,nan,1.0011179001942163,nan
C i D,3,-12.311778364636153,nan,-18.294947754862385,nan,-18.270411419193138,nan,1.0931322030612556,nan,1.0931132151588971,nan,1.003565626121522,nan,1.0034490716907403,nan
C O b,3,-15.834853189690714,nan,-21.548759933584922,nan,-20.848023637391126,nan,1.0214230033410374,nan,1.0215013607127907,nan,1,1,1.0000706141017495,1.0
C O g,3,-15.813424876200283,nan,-21.85049021222951,nan,-21.027550578415266,nan,1.032965785228941,nan,1.0330271777694529,nan,1,1,1.0000706141017495,1.0
C O v,3,-16.901197352736897,nan,-inf,nan,-21.924666015279886,nan,1.0096090822812707,nan,1.0097048029870124,nan,1,1,1.0000706141017495,1.0
C u D,3,-12.459771835587087,nan,-18.449025093815333,nan,-18.42250032541603,nan,1.1358053396795165,nan,1.135728572365382,nan,1.0008012003664166,nan,1.0008299422302538,nan
C u S,3,-14.512160329795215,nan,-16.09516120502309,nan,-16.11753398509653,nan,1.1190721793587974,nan,1.1190200053570665,nan,1.0008399345338257,nan,1.00086662467037,nan
C u T,3,-14.379852995633215,nan,-15.602929160404518,nan,-15.627399259243086,nan,1.1178326860017072,nan,1.117782333726821,nan,1.0011498078730983,nan,1.001160084191297,nan
D e C,3,-12.674197406012576,nan,-13.228748780760098,nan,-13.203755524739272,nan,1.156109560545532,nan,1.1560083771537912,nan,1.0259097015385146,nan,1.0247105020046137,nan
D e D,3,-10.52569769951548,nan,-15.201401650646051,nan,-15.16316867249218,nan,1.1726877841966148,nan,1.172562235208326,nan,1.026723119054105,nan,1.025480833247048,nan
D e J,3,-12.900774858174701,nan,-11.78940577232406,nan,-11.816877762657013,nan,1.1546376621839873,nan,1.1545386420928745,nan,1.0259097015385146,nan,1.0247105020046137,nan
D e S,3,-12.578086193723607,nan,-12.374640535955393,nan,-12.37427075958483,nan,1.1559546238758958,nan,1.1558536682000105,nan,1.0259484357059236,nan,1.0247471844447296,nan
D i C,3,-12.311778364636153,nan,-14.306879698196566,nan,-14.323023746123717,nan,1.1433004835840306,nan,1.1432166436779316,nan,1.0014169211902624,nan,1.0014150328134703,nan
D i D,3,-10.163278658139056,nan,-16.539233715130525,nan,-16.503224731498378,nan,1.1598787072351133,nan,1.1597705017324664,nan,1.0037797054022157,nan,1.0036526616605412,nan
D i S,3,-12.215667152347184,nan,-14.502845562268838,nan,-14.512834514808798,nan,1.1431455469143943,nan,1.1430619347241509,nan,1.0010295795161717,nan,1.0010482084123111,nan
D i T,3,-12.083359818185183,nan,-14.063743024710384,nan,-14.076614170642236,nan,1.141906053557304,nan,1.1418242630939053,nan,1.0009133770139444,nan,1.0009381610919634,nan
d u r,3,-9.800788760415607,nan,-10.634937470151527,nan,-10.642434739428435,nan,1.2548638601931,nan,1.2546156893505733,nan,1.0188947803265296,nan,1.0179900589130992,nan
D W C,3,-13.861530891334548,nan,-16.694629262227302,nan,-16.575530231991742,nan,1.089174105448661,nan,1.0891635526392713,nan,1,1,1.0000706141017495,1.0
D W D,3,-11.713031184837451,nan,-20.244971346232774,nan,-20.061283814510258,nan,1.1057523290997437,nan,1.1057174106938061,nan,1.0007359491807724,nan,1.000767580463952,nan
D W T,3,-13.633112344883578,nan,-15.34618235138888,nan,-15.245076783670442,nan,1.0877796754219344,nan,1.087771172055245,nan,1.000038734167409,nan,1.0001072965418654,nan
f U n,3,-11.64058779663856,nan,-inf,nan,-18.462894167966965,nan,1.115110756554704,nan,1.1150559780333402,nan,1.0002854390409248,nan,1.0003420673948171,nan
f u r,3,-10.923879420774682,nan,-14.06545088922248,nan,-14.055571662197428,nan,1.2335190678293226,nan,1.2332994277866773,nan,1.0125437616659523,nan,1.0119502231423416,nan
f U s,3,-11.975574761924758,nan,-inf,nan,-18.727590837048822,nan,1.1018249371333926,nan,1.1017896852466451,nan,1.0002854390409248,nan,1.0003420673948171,nan
f W r,3,-12.32563847652214,nan,-18.714489846635818,nan,-18.302704805575154,nan,1.1367195530756922,nan,1.1366309795415321,nan,1.000145773807756,nan,1.0002090915267656,nan
f x r,3,-10.353617183463143,nan,-13.323241780451966,nan,-13.330066504676688,nan,1.2554265142203027,nan,1.25517721150305,nan,1.0008899142830026,nan,1.0009152325442596,nan
g U n,3,-10.898172583194516,nan,-inf,nan,-16.439200787726772,nan,1.1342013134213167,nan,1.1341210172538545,nan,1.0065294180611553,nan,1.0062801081806745,nan
g U S,3,-13.611782625909232,nan,-12.708749076667253,nan,-12.728076133718869,nan,1.064518546252397,nan,1.0645406652909846,nan,1.0071104305722913,nan,1.0068303447824132,nan
g U T,3,-13.479475291747232,nan,-inf,nan,-16.815712619665405,nan,1.0632790528953067,nan,1.063302993660739,nan,1.0065294180611553,nan,1.0062801081806745,nan
g W C,3,-14.12900416264216,nan,-18.631227640837416,nan,-18.240738992515535,nan,1.047083302025041,nan,1.0471290104464401,nan,1,1,1.0000706141017495,1.0
g W D,3,-11.980504456145063,nan,-22.181569724842888,nan,-21.72649257503405,nan,1.0636615256761237,nan,1.063682868500975,nan,1.0007359491807724,nan,1.000767580463952,nan
g W T,3,-13.90058561619119,nan,-17.282780729998997,nan,-16.910285544194235,nan,1.0456888719983144,nan,1.0457366298624138,nan,1.000038734167409,nan,1.0001072965418654,nan
g x r,3,-9.6112019700191,nan,-11.85452521836768,nan,-11.860445662633305,nan,1.2745170710869154,nan,1.2742422507235642,nan,1.0019246308063552,nan,1.0018992507316302,nan
h U n,3,-10.903261652701985,nan,-inf,nan,-19.671558880276542,nan,1.2014057091805361,nan,1.201235583365923,nan,1,1,1.0000706141017495,1.0
h u r,3,-10.186553276838108,nan,-10.956099075574107,nan,-10.960990617686235,nan,1.3198140204551547,nan,1.31947903311926,nan,1.0167183076394777,nan,1.0159202275534576,nan
h U s,3,-11.238248617988184,nan,-inf,nan,-19.9362555493584,nan,1.1881198897592247,nan,1.1879692905792278,nan,1,1,1.0000706141017495,1.0
h W r,3,-11.58831233258557,nan,-14.833400577834276,nan,-14.447390948714544,nan,1.2230145057015243,nan,1.2228105848741149,nan,1.003892161219894,nan,1.00377191599828,nan
J O b,3,-16.061430641852837,nan,-18.484454457012056,nan,-18.344341636887986,nan,1.0248043565867841,nan,1.0248781942278633,nan,1,1,1.0000706141017495,1.0
J x r,3,-11.718805857370707,nan,-12.06822068416801,nan,-12.108412787176514,nan,1.2532427235824244,nan,1.2529963398578987,nan,1.0038870242127134,nan,1.0037654921214711,nan
k E G,3,-11.703661436661172,nan,-16.86616496593879,nan,-16.758489159790265,nan,1.1207834641552246,nan,1.1207294687415188,nan,1.000038734167409,nan,1.0001072965418654,nan
k E S,3,-12.806416968900617,nan,-17.834542322240164,nan,-17.718329660316193,nan,1.1179171357669533,nan,1.117867353096576,nan,1,1,1.0000706141017495,1.0
k i b,3,-10.280233772030474,nan,-14.5534459660452,nan,-14.548292209522018,nan,1.138689481852879,nan,1.138609887857253,nan,1.000413858692326,nan,1.0004631178290948,nan
k i C,3,-12.139831893729529,nan,-13.540169185502657,nan,-13.56214177329701,nan,1.1242803715767045,nan,1.124221955155648,nan,1.0009174028686438,nan,1.0009399895506017,nan
k i D,3,-9.99133218723243,nan,-15.772523202436616,nan,-15.74234275867167,nan,1.1408585952277872,nan,1.1407758132101828,nan,1.0032801870805972,nan,1.0031776183976726,nan
k i r,3,-9.594050994165466,nan,-10.31643932113736,nan,-10.323068200862759,nan,1.2330071794939683,nan,1.2327889634712543,nan,1.0315561292892195,nan,1.0299557996822917,nan
k u f,3,-11.149214142935023,nan,-15.03391281076185,nan,-15.021415061558205,nan,1.168890216565419,nan,1.1687711742843916,nan,1.001626835031181,nan,1.001611276586618,nan
k U m,3,-10.998946573048059,nan,-16.620464090636347,nan,-16.34178445884691,nan,1.170519090091513,nan,1.170388486472652,nan,1.00089199700289,nan,1.0009189056425862,nan
k U n,3,-10.458752840980278,nan,-inf,nan,-17.70598684892283,nan,1.1572720048376106,nan,1.1571608709244021,nan,1.00089199700289,nan,1.0009189056425862,nan
k U p,3,-11.576179687972907,nan,-14.396253628291262,nan,-14.370101314237543,nan,1.0968079695120498,nan,1.096785701711484,nan,1.0018603511881168,nan,1.0018359666454841,nan
k u r,3,-9.7420444651164,nan,-13.368708815894035,nan,-13.353914723596214,nan,1.2756803161122292,nan,1.2754043206777392,nan,1.012472401905721,nan,1.0118823598190747,nan
l U n,3,-10.480146111165954,nan,-inf,nan,-16.154554207607518,nan,1.1501218516200415,nan,1.150020275053988,nan,1.0142362721661256,nan,1.013609347093504,nan
l X l,3,-11.097646842139476,nan,-13.920219775122618,nan,-13.911593081918957,nan,1.1115442848452675,nan,1.111498985880235,nan,1.0005004898890244,nan,1.0005447350447738,nan
m W l,3,-11.441450167677695,nan,-14.010096040261132,nan,-14.005285402229955,nan,1.082412584543849,nan,1.0824064667094033,nan,1.0006849978641894,nan,1.000719894909906,nan
m W r,3,-11.194722175331677,nan,-16.794438284149386,nan,-16.40403870555463,nan,1.156549780964812,nan,1.1564347010934684,nan,1.0001814536878715,nan,1.0002430231883992,nan
m W t,3,-10.617435105071822,nan,-11.003098261848606,nan,-11.015560278597121,nan,1.1806811672606636,nan,1.1805306206448123,nan,1.0002589220226896,nan,1.000316388068631,nan
n c n,3,-9.147775450182074,nan,-10.218229297840661,nan,-10.224706150584005,nan,1.1478763076818528,nan,1.147777720899257,nan,1.0071039032424782,nan,1.006808290011404,nan
n W C,3,-13.200309342827959,nan,-13.735732344047895,nan,-13.745437776523392,nan,1.0600803785633806,nan,1.0601087142700005,nan,1.0078852535055483,nan,1.0075695113227463,nan
n W D,3,-11.051809636330862,nan,-17.286074428053368,nan,-17.231191359041908,nan,1.0766586022144633,nan,1.0766625723245353,nan,1.0086212026863206,nan,1.0082664776849488,nan
n x r,3,-8.682507150204898,nan,-11.671338963818615,nan,-11.674856783595125,nan,1.287514147625255,nan,1.2872219545471246,nan,1.0011039935636963,nan,1.0011188225140604,nan
p c k,3,-10.754477374774666,nan,-13.30391694656684,nan,-13.307806976590832,nan,1.106371769368591,nan,1.1063311600739527,nan,1.0015667208527177,nan,1.0015553386971248,nan
p c p,3,-11.382629144167328,nan,-13.059152046149984,nan,-13.065362129384127,nan,1.06469380523643,nan,1.0647144515069444,nan,1.0004821641652637,nan,1.0005282303738792,nan
p c s,3,-10.6001892624609,nan,-14.72008721862803,nan,-14.71327740163308,nan,1.1118720211406794,nan,1.1118233279331675,nan,1.0002884933282183,nan,1.0003448181732995,nan
p O l,3,-13.703103996160666,nan,-16.337093954960874,nan,-16.2485482984533,nan,1.0565378147298792,nan,1.056566549967631,nan,1.0001549366696363,nan,1.000217343862213,nan
p O m,3,-13.732629380442805,nan,-inf,nan,-18.784031351648416,nan,1.1047231189867641,nan,1.1046810345934288,nan,1,1,1.0000706141017495,1.0
p O n,3,-13.192435648375024,nan,-16.399409498891423,nan,-16.277032730816444,nan,1.0914760337328617,nan,1.091453419045179,nan,1,1,1.0000706141017495,1.0
p O r,3,-13.456376003814647,nan,-inf,nan,-18.778329864184375,nan,1.1306750111508421,nan,1.1305947843516961,nan,1,1,1.0000706141017495,1.0
p O s,3,-13.527422613661223,nan,-17.26966603362107,nan,-17.08072590063099,nan,1.0781902143115503,nan,1.078187126258484,nan,1.000038734167409,nan,1.0001072965418654,nan
p O t,3,-12.879088933554792,nan,-18.80869219826054,nan,-18.079669097275243,nan,1.1548063974466938,nan,1.15469070390304,nan,1,1,1.0000706141017495,1.0
p u k,3,-10.595530956669405,nan,-12.923534086653937,nan,-12.928438884928745,nan,1.1849031855030328,nan,1.1847562446989306,nan,1.0113002424541624,nan,1.0107745565999937,nan
p U m,3,-11.627098342440721,nan,-15.419788025793702,nan,-15.149425195719278,nan,1.1377270080936968,nan,1.1376402364462703,nan,1.0066721375816177,nan,1.0064158348272083,nan
p U n,3,-11.08690461037294,nan,-inf,nan,-16.5136275857952,nan,1.1244799228397944,nan,1.1244126208980205,nan,1.0066721375816177,nan,1.0064158348272083,nan
p U p,3,-12.20433145736557,nan,-13.195577563448618,nan,-13.177742051109911,nan,1.0640158875142336,nan,1.0640374516851023,nan,1.0076404917668444,nan,1.0073328958301062,nan
p U s,3,-11.421891575659139,nan,-inf,nan,-16.778324254877056,nan,1.111194103418483,nan,1.1111463281113254,nan,1.0066721375816177,nan,1.0064158348272083,nan
p u v,3,-12.122723175420255,nan,-15.411913035556289,nan,-15.41289075669851,nan,1.1367566154135569,nan,1.136680437311578,nan,1.001887839773758,nan,1.001860723651826,nan
r U n,3,-10.233418118819937,nan,-inf,nan,-19.694839862087285,nan,1.1158504275772112,nan,1.1157946603647624,nan,1,1,1.0000706141017495,1.0
r W r,3,-10.91846879870352,nan,-18.336372569732003,nan,-17.941663966040025,nan,1.1374592240981993,nan,1.1373696618729543,nan,1.000217133567987,nan,1.0002769548500325,nan
S c g,3,-12.790080312710991,nan,-16.970805197762044,nan,-16.950605275734553,nan,1.0692892742813096,nan,1.0693015306277869,nan,1.0015106325289538,nan,1.0015012292662702,nan
s c p,3,-10.600189262460901,nan,-11.898910792537974,nan,-11.906559733900854,nan,1.0963235470560209,nan,1.0963019150125197,nan,1.000981682486882,nan,1.0010032736367478,nan
s U g,3,-11.233159548480714,nan,-21.65244038897194,nan,-20.917715292614332,nan,1.1125337263241797,nan,1.1124881911527738,nan,1.0001936708370454,nan,1.000254026302329,nan
S U g,3,-13.611782625909228,nan,-17.224294899023814,nan,-17.19466546759623,nan,1.068611356559113,nan,1.0686245308059448,nan,1.000586149518317,nan,1.000627274580297,nan
s U k,3,-10.793739806266476,nan,-16.142339682746396,nan,-15.464180113260722,nan,1.1373235934659853,nan,1.137241623757686,nan,1.01626835031181,nan,1.0154772389504345,nan
s U m,3,-10.844658460734292,nan,-21.626799524584506,nan,-20.66238922117524,nan,1.1693567499132875,nan,1.1692276999518456,nan,1,1,1.0000706141017495,1.0
s U n,3,-10.304464728666511,nan,-inf,nan,-22.026591611251156,nan,1.1561096646593851,nan,1.1560000844035958,nan,1,1,1.0000706141017495,1.0
s U p,3,-11.421891575659139,nan,-19.40258906223942,nan,-18.690706076565874,nan,1.0956456293338244,nan,1.0956249151906776,nan,1.0009683541852268,nan,1.0009876751046474,nan
s U s,3,-10.63945169395271,nan,-inf,nan,-22.291288280333013,nan,1.1428238452380737,nan,1.1427337916169007,nan,1,1,1.0000706141017495,1.0
S u T,3,-14.283741783344244,nan,-14.670755656946561,nan,-14.704863481663619,nan,1.1204743682249467,nan,1.1204204849104713,nan,1.0010427682327514,nan,1.0010582892063966,nan
s W l,3,-11.236243400896113,nan,-14.711010068966615,nan,-14.695376599115997,nan,1.1035812647594103,nan,1.1035468515277227,nan,1.000720677744305,nan,1.0007538265715394,nan
s W t,3,-10.41222833829024,nan,-11.704012290554092,nan,-11.705651475483162,nan,1.201849847476225,nan,1.2016710054631317,nan,1.0002946019028052,nan,1.0003503197302643,nan
S x r,3,-11.396117192919611,nan,-14.018197669990478,nan,-14.035789994877836,nan,1.2525030525599172,nan,1.2522576575264766,nan,1.000675835002309,nan,1.0007116425744587,nan
T c g,3,-12.65777297854899,nan,-16.35844711040041,nan,-16.346086641360664,nan,1.0724240705195542,nan,1.0724321366990521,nan,1.0015463124090693,nan,1.0015351609279035,nan
T i D,3,-12.083359818185182,nan,-19.401916705204666,nan,-19.278907389846538,nan,1.0989086815227398,nan,1.0988819724138128,nan,1.0031374675601348,nan,1.0030418917511388,nan
t O n,3,-11.761662086562163,nan,-14.8437374727185,nan,-14.826575816067756,nan,1.0949982766971813,nan,1.094970953956713,nan,1.0001427195204624,nan,1.0002063407482833,nan
t U n,3,-9.65613104856008,nan,-inf,nan,-20.902704295065547,nan,1.128002165804114,nan,1.1279301558095545,nan,1.0001070396403469,nan,1.0001724090866497,nan
T W C,3,-15.781612051380675,nan,-18.919224848924525,nan,-18.261902994334104,nan,1.0282040797362875,nan,1.0282750233206177,nan,1,1,1.0000706141017495,1.0
T W D,3,-13.633112344883578,nan,-22.469566932929993,nan,-21.74765657685262,nan,1.0447823033873702,nan,1.0448288813751525,nan,1.0007359491807724,nan,1.000767580463952,nan
T W T,3,-15.553193504929705,nan,-17.570777938086103,nan,-16.931449546012804,nan,1.026809649709561,nan,1.0268826427365914,nan,1.000038734167409,nan,1.0001072965418654,nan
T W z,3,-14.091122372247835,nan,-17.261337158636557,nan,-16.599344656922565,nan,1.0383911657648732,nan,1.0384471370316988,nan,1.000503544176318,nan,1.0005474858232564,nan
v e r,3,-11.483662254292742,nan,-13.164116780002649,nan,-13.153316942396577,nan,1.1978785297110786,nan,1.1977070468011362,nan,1.0466746717279312,nan,1.0442729544414289,nan
w U S,3,-13.406048628490531,nan,-13.226336835344837,nan,-13.237083077158404,nan,1.146903809187834,nan,1.1468158068717647,nan,1.002293646756685,nan,1.0022495704618946,nan
w U T,3,-13.27374129432853,nan,-inf,nan,-17.32471956310494,nan,1.1456643158307438,nan,1.145578135241519,nan,1.001712634245549,nan,1.0016993338601559,nan
w W D,3,-11.774770458726366,nan,-18.00337563850961,nan,-17.92837419197282,nan,1.1460467886115608,nan,1.145958010081755,nan,1.0019133852245872,nan,1.0018873252978564,nan
w x r,3,-9.405467972600402,nan,-9.35898181932151,nan,-9.365780151378942,nan,1.3569023340223525,nan,1.3565173923043443,nan,1.0480230359157139,nan,1.0457389575620737,nan
y c f,3,-11.368845315509368,nan,-12.893946572318114,nan,-12.893695232087456,nan,1.175174411011795,nan,1.1750483303291523,nan,1.0005626867873754,nan,1.0006043460325935,nan
y c g,3,-10.626430102065324,nan,-14.55696128369506,nan,-14.54613353248616,nan,1.1991895948054194,nan,1.1990282181651608,nan,1.0017247118096475,nan,1.001704819236071,nan
y c S,3,-12.411345324965838,nan,-13.71694585555274,nan,-13.72742383319828,nan,1.1730827659717051,nan,1.172959759453113,nan,1.0007563576244207,nan,1.000787758233173,nan
y e C,3,-12.562935689575037,nan,-15.610394043404822,nan,-15.572642207365762,nan,1.2219050591190235,nan,1.2217159293012463,nan,1.0025750599429104,nan,1.0025191952963242,nan
y e D,3,-10.41443598307794,nan,-17.583046913290776,nan,-17.53205535511867,nan,1.2384832827701062,nan,1.238269787355781,nan,1.003388477458501,nan,1.0032895265387585,nan
y e J,3,-12.789513141737162,nan,-14.171051034968784,nan,-14.185764445283503,nan,1.2204331607574788,nan,1.2202461942403295,nan,1.0025750599429104,nan,1.0025191952963242,nan
y e S,3,-12.466824477286067,nan,-14.756285798600118,nan,-14.74315744221132,nan,1.2217501224493872,nan,1.2215612203474655,nan,1.0026137941103195,nan,1.00255587773644,nan
y i D,3,-10.052016941701517,nan,-19.94813640677383,nan,-19.515836208233072,nan,1.225674205808605,nan,1.2254780538799215,nan,1.0031374675601348,nan,1.0030418917511388,nan
y i J,3,-12.427094100360737,nan,-18.864381210213658,nan,-18.47213039139195,nan,1.2076240837959775,nan,1.20745446076447,nan,1.0002711391718635,nan,1.000327391182561,nan
y i S,3,-12.104405435909642,nan,-17.911748253912144,nan,-17.525445991543492,nan,1.208941045487886,nan,1.208769486871606,nan,1.0003873416740907,nan,1.0004374385029087,nan
y U g,3,-11.448132415263565,nan,-13.154325958550077,nan,-13.113280431102858,nan,1.198511677083223,nan,1.1983512183433187,nan,1.003012381366178,nan,1.002934627571373,nan
y u g,3,-10.467483683960063,nan,-8.377066516104799,nan,-8.383994733704,nan,1.2777210109398611,nan,1.2774533027901387,nan,1.1023723714953848,nan,1.0973745486033188,nan
y U T,3,-13.100740304002077,nan,-inf,nan,-14.598668581678314,nan,1.1711653548924184,nan,1.1710450880010252,nan,1.0028187105291326,nan,1.0027512153707936,nan
y U z,3,-11.638669171320208,nan,-13.707580115872133,nan,-13.034420011295444,nan,1.1827468709477307,nan,1.1826095822961327,nan,1.0028187105291326,nan,1.0027512153707936,nan
y x D,3,-9.629748175340913,nan,-15.82756318688756,nan,-15.794424231681823,nan,1.290254788817846,nan,1.289971194802779,nan,1.0033273917126315,nan,1.0032345109691094,nan
z e C,3,-13.132207433376834,nan,-19.26819722729542,nan,-19.188625514658675,nan,1.0881654937638054,nan,1.0881551287103004,nan,1.0002915476155119,nan,1.000347568951782,nan
z e D,3,-10.983707726879736,nan,-21.240850097181372,nan,-21.14803866241158,nan,1.1047437174148882,nan,1.1047089867648352,nan,1.0011049651311024,nan,1.0011179001942163,nan
z e S,3,-13.036096221087863,nan,-18.414088982490714,nan,-18.359140749504228,nan,1.0880105570941692,nan,1.0880004197565196,nan,1.000330281782921,nan,1.000384251391898,nan
z i C,3,-12.76978839200041,nan,-18.571009199136142,nan,-18.53580694386917,nan,1.075356416802304,nan,1.0753633952344408,nan,1.0007746833481814,nan,1.0008042629040679,nan
z i D,3,-10.621288685503313,nan,-20.8033632160701,nan,-20.716007929243826,nan,1.0919346404533867,nan,1.0919172532889756,nan,1.0031374675601348,nan,1.0030418917511388,nan
z i T,3,-12.54136984554944,nan,-18.327872525649955,nan,-18.289397368387686,nan,1.0739619867755774,nan,1.0739710146504144,nan,1.0002711391718635,nan,1.000327391182561,nan
z u f,3,-11.779170641205905,nan,-20.55455908093725,nan,-20.38197865098383,nan,1.1199662617910184,nan,1.1199126143631843,nan,1.0016625149112965,nan,1.0016452082482514,nan
z u g,3,-11.036755427761861,nan,-20.017719710438946,nan,-19.840503309411577,nan,1.1439814455846429,nan,1.1438925021991928,nan,1.0132440309666089,nan,1.0126132578429103,nan
z u T,3,-12.689363316500373,nan,-20.642487155764567,nan,-20.4823293032205,nan,1.1166351233938383,nan,1.1165863718568994,nan,1.0010427682327514,nan,1.0010582892063966,nan
